config_id,step_dist,add_dist,max_adds,reversal_target,cycle_id,start_time,end_time,duration_bars,duration_minutes,start_bar_idx,end_bar_idx,side,add_count,exit_position,pnl_ticks_gross,pnl_ticks_net,mfe_points,mae_points,atr_20bar,atr_percentile,swing_median_20,swing_p90_20,directional_persistence,bar_range_median_20,exit_type,progress_hwm,time_between_adds,cycle_day_seq,cycle_start_hour,progress_at_adds,prev_cycle_exit_type,cycle_waste_pct,would_flatten_reseed,half_block_profit
FA_SD50_R03_MA3_RT50,50.0,15.0,3,0.5,1,2025-09-22 09:51:46.045007,2025-09-22 10:21:39.475091,33631,29.89,41587,75217,LONG,0,1,100.0,94.0,25.0,-10.5,4.6,47.87878787878788,11.5,21.0,1.0,4.25,SUCCESS,50.0,,1,9,,SESSION_START,170.36,False,98.0
FA_SD50_R03_MA3_RT50,50.0,15.0,3,0.5,2,2025-09-22 10:21:39.475091,2025-09-22 12:09:56.249135,88184,108.28,75217,163400,SHORT,3,4,-440.0,-456.0,15.75,-30.0,3.75,1.6666666666666665,9.625,20.500000000000004,1.0,3.625,FAILURE,15.0,"12286,15924",2,10,"-30.0,-60.0,-90.0",SUCCESS,194.45,True,
FA_SD50_R03_MA3_RT50,50.0,15.0,3,0.5,3,2025-09-22 12:09:56.249135,2025-09-22 12:16:28.085000,10220,6.53,163400,173619,LONG,0,1,100.0,96.0,25.0,-5.5,3.925,54.1,10.0,15.925000000000002,1.0,3.5,SUCCESS,50.0,,3,12,,FAILURE,48.16,False,100.0
FA_SD50_R03_MA3_RT50,50.0,15.0,3,0.5,4,2025-09-22 12:16:28.085000,2025-09-22 14:32:19.518063,93664,135.86,173619,267282,SHORT,3,4,-440.0,-456.0,15.25,-30.0,4.45,88.7,9.375,17.650000000000002,1.0,4.0,FAILURE,30.5,"40290,26799",4,12,"-30.0,-60.0,-90.0",SUCCESS,198.11,True,
FA_SD50_R03_MA3_RT50,50.0,15.0,3,0.5,6,2025-09-23 09:41:26.848004,2025-09-23 12:08:57.905002,152538,147.52,374885,527422,SHORT,1,2,260.0,250.0,32.5,-16.75,4.1375,76.0,11.625,19.250000000000004,1.0,3.75,SUCCESS,50.0,,1,9,-30.0,SESSION_START,802.0,False,256.0
FA_SD50_R03_MA3_RT50,50.0,15.0,3,0.5,7,2025-09-23 12:08:57.905002,2025-09-23 12:21:19.977001,12252,12.37,527422,539673,LONG,0,1,100.0,96.0,25.0,-11.0,3.85,16.6,11.5,28.650000000000002,1.0,3.5,SUCCESS,50.0,,2,12,,SUCCESS,50.3,False,100.0
FA_SD50_R03_MA3_RT50,50.0,15.0,3,0.5,8,2025-09-23 12:21:19.977001,2025-09-23 12:35:02.659248,9285,13.71,539673,548957,SHORT,0,1,100.0,96.0,25.0,-3.5,3.3375,1.6,10.5,28.650000000000002,1.0,3.0,SUCCESS,50.0,,3,12,,SUCCESS,40.24,False,100.0
FA_SD50_R03_MA3_RT50,50.0,15.0,3,0.5,9,2025-09-23 12:35:02.659248,2025-09-23 12:50:11.085000,13446,15.14,548957,562402,LONG,0,1,100.0,96.0,25.0,-9.0,4.7875,88.9,10.75,28.650000000000002,1.0,4.875,SUCCESS,50.0,,4,12,,SUCCESS,74.38,False,100.0
FA_SD50_R03_MA3_RT50,50.0,15.0,3,0.5,10,2025-09-23 12:50:11.085000,2025-09-23 12:55:31.102002,3718,5.33,562402,566119,SHORT,0,1,100.0,96.0,25.0,-1.0,4.0625,40.800000000000004,10.875,20.65000000000001,1.0,3.75,SUCCESS,50.0,,5,12,,SUCCESS,17.2,False,100.0
FA_SD50_R03_MA3_RT50,50.0,15.0,3,0.5,11,2025-09-23 12:55:31.102002,2025-09-23 13:27:24.400009,32113,31.89,566119,598231,LONG,3,4,-440.0,-456.0,11.25,-30.0,4.0,40.1,10.875,20.65000000000001,1.0,3.625,FAILURE,22.5,"13148,7876",6,12,"-30.0,-60.0,-90.0",SUCCESS,73.09,True,
FA_SD50_R03_MA3_RT50,50.0,15.0,3,0.5,12,2025-09-23 13:27:24.400009,2025-09-23 13:35:53.594000,14788,8.49,598231,613018,SHORT,0,1,100.0,96.0,25.0,-4.0,4.1875,58.300000000000004,10.375,22.300000000000008,1.0,4.0,SUCCESS,50.0,,7,13,,FAILURE,74.78,False,100.0
FA_SD50_R03_MA3_RT50,50.0,15.0,3,0.5,13,2025-09-23 13:35:53.594000,2025-09-23 13:41:33.459000,15566,5.66,613018,628583,LONG,3,4,-440.0,-456.0,0.75,-30.0,5.1875,90.2,9.625,21.8,1.0,5.125,FAILURE,1.5,"8335,4333",8,13,"-30.0,-60.0,-90.0",SUCCESS,38.4,True,
FA_SD50_R03_MA3_RT50,50.0,15.0,3,0.5,14,2025-09-23 13:41:33.459000,2025-09-23 16:02:44.479000,160482,141.18,628583,789064,SHORT,3,4,-440.0,-456.0,39.5,-30.0,5.0625,89.2,9.625,22.325000000000003,1.0,4.25,FAILURE,41.0,"11700,20253",9,13,"-30.0,-60.0,-90.0",FAILURE,423.2,True,
FA_SD50_R03_MA3_RT50,50.0,15.0,3,0.5,16,2025-09-24 09:33:29.245000,2025-09-24 09:49:46.948006,34066,16.3,805965,840030,SHORT,1,2,260.0,250.0,32.5,-15.0,5.575,81.0,9.125,33.675000000000004,1.0,5.625,SUCCESS,50.0,,1,9,-30.0,SESSION_START,218.48,False,256.0
FA_SD50_R03_MA3_RT50,50.0,15.0,3,0.5,17,2025-09-24 09:49:46.948006,2025-09-24 10:03:51.416277,23625,14.07,840030,863654,LONG,1,2,260.0,252.0,32.5,-18.25,5.05,54.0,12.625,22.20000000000001,1.0,5.0,SUCCESS,50.0,,2,9,-30.0,SUCCESS,143.8,False,258.0
FA_SD50_R03_MA3_RT50,50.0,15.0,3,0.5,18,2025-09-24 10:03:51.416277,2025-09-24 10:10:22.913011,10615,6.52,863654,874268,SHORT,0,1,100.0,96.0,25.0,-5.75,6.0625,91.10000000000001,8.125,20.525000000000006,1.0,5.75,SUCCESS,50.0,,3,10,,SUCCESS,69.14,False,100.0
FA_SD50_R03_MA3_RT50,50.0,15.0,3,0.5,19,2025-09-24 10:10:22.913011,2025-09-24 10:17:14.188000,7668,6.85,874268,881935,LONG,0,1,100.0,96.0,25.0,-4.5,5.35,49.5,10.875,20.60000000000001,1.0,5.375,SUCCESS,50.0,,4,10,,SUCCESS,48.8,False,100.0
FA_SD50_R03_MA3_RT50,50.0,15.0,3,0.5,20,2025-09-24 10:17:14.188000,2025-09-24 10:27:28.497003,9951,10.24,881935,891885,SHORT,0,1,100.0,96.0,25.0,-4.5,5.425,48.6,10.75,19.25000000000001,1.0,4.75,SUCCESS,50.0,,5,10,,SUCCESS,60.54,False,100.0
FA_SD50_R03_MA3_RT50,50.0,15.0,3,0.5,21,2025-09-24 10:27:28.497003,2025-09-24 11:41:53.039047,69892,74.41,891885,961776,LONG,3,4,-440.0,-456.0,27.0,-30.0,5.45,51.5,11.5,19.25000000000001,1.0,5.375,FAILURE,39.0,"34354,26349",6,10,"-30.0,-60.0,-90.0",SUCCESS,179.46,True,
FA_SD50_R03_MA3_RT50,50.0,15.0,3,0.5,22,2025-09-24 11:41:53.039047,2025-09-24 11:47:54.856039,8384,6.03,961776,970159,SHORT,0,1,100.0,96.0,25.0,-11.75,4.9625,59.7,12.0,19.375,1.0,5.0,SUCCESS,50.0,,7,11,,FAILURE,39.32,False,100.0
FA_SD50_R03_MA3_RT50,50.0,15.0,3,0.5,23,2025-09-24 11:47:54.856039,2025-09-24 11:58:28.427006,20181,10.56,970159,990339,LONG,3,4,-440.0,-456.0,8.0,-30.0,4.3625,14.600000000000001,9.375,20.17500000000001,1.0,4.0,FAILURE,5.5,"9272,4840",8,11,"-30.0,-60.0,-90.0",SUCCESS,49.35,True,
FA_SD50_R03_MA3_RT50,50.0,15.0,3,0.5,24,2025-09-24 11:58:28.427006,2025-09-24 12:05:55.398000,14195,7.45,990339,1004533,SHORT,0,1,100.0,96.0,25.0,-10.75,4.7,46.5,10.125,20.850000000000012,1.0,4.5,SUCCESS,50.0,,9,11,,FAILURE,75.32,False,100.0
FA_SD50_R03_MA3_RT50,50.0,15.0,3,0.5,25,2025-09-24 12:05:55.398000,2025-09-24 12:22:53.329039,27358,16.97,1004533,1031890,LONG,2,3,480.0,468.0,40.0,-22.5,5.7,97.60000000000001,11.5,25.500000000000007,1.0,5.5,SUCCESS,50.0,4385,10,12,"-30.0,-60.0",SUCCESS,138.8,False,476.0
FA_SD50_R03_MA3_RT50,50.0,15.0,3,0.5,26,2025-09-24 12:22:53.329039,2025-09-24 13:12:12.379000,41838,49.32,1031890,1073727,SHORT,3,4,-440.0,-456.0,13.75,-30.0,4.6,45.5,12.0,22.450000000000003,1.0,5.0,FAILURE,22.0,"30289,2342",11,12,"-30.0,-60.0,-90.0",SUCCESS,109.83,True,
FA_SD50_R03_MA3_RT50,50.0,15.0,3,0.5,27,2025-09-24 13:12:12.379000,2025-09-24 14:11:26.629000,44962,59.24,1073727,1118688,LONG,3,4,-440.0,-456.0,31.25,-30.0,3.95,3.0,11.5,17.700000000000003,1.0,3.75,FAILURE,47.5,"25507,15037",12,13,"-30.0,-60.0,-90.0",FAILURE,108.43,True,
FA_SD50_R03_MA3_RT50,50.0,15.0,3,0.5,28,2025-09-24 14:11:26.629000,2025-09-24 14:53:35.774000,26862,42.15,1118688,1145549,SHORT,3,4,-440.0,-456.0,6.75,-30.0,3.725,1.2000000000000002,8.125,30.050000000000008,1.0,3.375,FAILURE,5.0,"1735,22469",13,14,"-30.0,-60.0,-90.0",FAILURE,61.16,True,
FA_SD50_R03_MA3_RT50,50.0,15.0,3,0.5,30,2025-09-25 09:34:17.470002,2025-09-25 09:36:07.858015,5666,1.84,1222645,1228310,SHORT,0,1,100.0,94.0,25.0,-4.5,7.15,91.80000000000001,9.875,18.475000000000023,1.0,6.75,SUCCESS,50.0,,1,9,,SESSION_START,42.6,False,98.0
FA_SD50_R03_MA3_RT50,50.0,15.0,3,0.5,31,2025-09-25 09:36:07.858015,2025-09-25 09:40:59.813002,13591,4.87,1228310,1241900,LONG,3,4,-440.0,-456.0,3.25,-30.0,6.5,86.80000000000001,10.0,23.650000000000013,1.0,6.125,FAILURE,6.5,"8218,2225",2,9,"-30.0,-60.0,-90.0",SUCCESS,50.11,True,
FA_SD50_R03_MA3_RT50,50.0,15.0,3,0.5,32,2025-09-25 09:40:59.813002,2025-09-25 09:42:39.095000,5046,1.65,1241900,1246945,SHORT,0,1,101.0,97.0,25.25,-2.0,6.1125,74.9,11.125,32.075,1.0,6.125,SUCCESS,50.5,,3,9,,FAILURE,37.099,False,101.0
FA_SD50_R03_MA3_RT50,50.0,15.0,3,0.5,33,2025-09-25 09:42:39.095000,2025-09-25 09:45:30.218001,8656,2.85,1246945,1255600,LONG,0,1,100.0,96.0,25.0,-3.5,6.5125,82.0,11.625,32.075,1.0,6.125,SUCCESS,50.0,,4,9,,SUCCESS,62.38,False,100.0
FA_SD50_R03_MA3_RT50,50.0,15.0,3,0.5,34,2025-09-25 09:45:30.218001,2025-09-25 09:50:10.822001,15256,4.68,1255600,1270855,SHORT,3,4,-440.0,-456.0,14.25,-30.0,6.375,76.80000000000001,13.125,23.67500000000001,1.0,6.5,FAILURE,28.5,"2702,2164",5,9,"-30.0,-60.0,-90.0",SUCCESS,51.17,True,
FA_SD50_R03_MA3_RT50,50.0,15.0,3,0.5,35,2025-09-25 09:50:10.822001,2025-09-25 09:53:11.949002,12239,3.02,1270855,1283093,LONG,3,4,-438.0,-454.0,21.25,-29.8333,5.5,53.800000000000004,15.0,27.85,1.0,4.75,FAILURE,42.5,"1792,920",6,9,"-30.0,-61.0,-90.0",FAILURE,44.49,True,
FA_SD50_R03_MA3_RT50,50.0,15.0,3,0.5,36,2025-09-25 09:53:11.949002,2025-09-25 10:02:21.132008,22873,9.15,1283093,1305965,SHORT,3,4,-440.0,-456.0,28.25,-30.0,5.675,46.400000000000006,14.5,29.850000000000016,1.0,5.625,FAILURE,41.5,"14371,2084",7,9,"-30.0,-60.0,-90.0",FAILURE,89.41,True,
FA_SD50_R03_MA3_RT50,50.0,15.0,3,0.5,37,2025-09-25 10:02:21.132008,2025-09-25 10:05:29.704003,7733,3.14,1305965,1313697,LONG,1,2,260.0,252.0,32.5,-15.0,7.475,86.60000000000001,11.375,25.075000000000003,1.0,7.375,SUCCESS,50.0,,8,10,-30.0,FAILURE,60.48,False,258.0
FA_SD50_R03_MA3_RT50,50.0,15.0,3,0.5,38,2025-09-25 10:05:29.704003,2025-09-25 10:10:56.738027,13169,5.45,1313697,1326865,SHORT,3,4,-440.0,-456.0,1.5,-30.0,5.9375,30.5,13.75,25.875,1.0,5.625,FAILURE,3.0,"6197,4243",9,10,"-30.0,-60.0,-90.0",SUCCESS,44.18,True,
FA_SD50_R03_MA3_RT50,50.0,15.0,3,0.5,39,2025-09-25 10:10:56.738027,2025-09-25 10:15:38.849000,10011,4.7,1326865,1336875,LONG,0,1,100.0,96.0,25.0,-14.25,5.975,29.900000000000002,12.75,29.425000000000004,1.0,5.75,SUCCESS,50.0,,10,10,,FAILURE,70.24,False,100.0
FA_SD50_R03_MA3_RT50,50.0,15.0,3,0.5,40,2025-09-25 10:15:38.849000,2025-09-25 10:48:21.966002,54103,32.72,1336875,1390977,SHORT,3,4,-440.0,-456.0,18.25,-30.0,5.9125,24.0,12.375,30.775000000000006,1.0,5.625,FAILURE,36.5,"5463,30866",11,10,"-30.0,-60.0,-90.0",SUCCESS,166.41,True,
FA_SD50_R03_MA3_RT50,50.0,15.0,3,0.5,41,2025-09-25 10:48:21.966002,2025-09-25 11:07:13.447002,26638,18.86,1390977,1417614,LONG,3,4,-440.0,-456.0,17.75,-30.0,5.5875,28.900000000000002,13.625,24.35,1.0,5.0,FAILURE,11.5,"1268,17821",12,10,"-30.0,-60.0,-90.0",FAILURE,78.85,True,
FA_SD50_R03_MA3_RT50,50.0,15.0,3,0.5,42,2025-09-25 11:07:13.447002,2025-09-25 11:13:57.477002,12179,6.73,1417614,1429792,SHORT,3,4,-440.0,-456.0,17.25,-30.0,5.9875,65.3,11.75,30.07500000000001,1.0,5.75,FAILURE,34.5,"957,2927",13,11,"-30.0,-60.0,-90.0",FAILURE,34.65,True,
FA_SD50_R03_MA3_RT50,50.0,15.0,3,0.5,43,2025-09-25 11:13:57.477002,2025-09-25 11:25:39.468000,12939,11.7,1429792,1442730,LONG,3,4,-440.0,-456.0,4.5,-30.0,5.425,24.0,10.5,30.15000000000001,1.0,5.5,FAILURE,9.0,"4198,2747",14,11,"-30.0,-60.0,-90.0",FAILURE,42.83,True,
FA_SD50_R03_MA3_RT50,50.0,15.0,3,0.5,44,2025-09-25 11:25:39.468000,2025-09-25 11:35:02.429000,12322,9.38,1442730,1455051,SHORT,3,4,-440.0,-456.0,13.75,-30.0,6.375,88.4,8.0,21.45000000000001,1.0,6.25,FAILURE,27.5,"4590,942",15,11,"-30.0,-60.0,-90.0",FAILURE,38.77,True,
FA_SD50_R03_MA3_RT50,50.0,15.0,3,0.5,45,2025-09-25 11:35:02.429000,2025-09-25 11:40:45.984000,7962,5.73,1455051,1463012,LONG,0,1,100.0,96.0,25.0,-13.25,5.8125,58.900000000000006,9.5,21.45000000000001,1.0,5.125,SUCCESS,50.0,,16,11,,FAILURE,51.62,False,100.0
FA_SD50_R03_MA3_RT50,50.0,15.0,3,0.5,46,2025-09-25 11:40:45.984000,2025-09-25 12:22:29.702005,37886,41.73,1463012,1500897,SHORT,1,2,260.0,252.0,32.5,-15.0,5.3375,16.6,11.375,27.875,1.0,5.625,SUCCESS,50.0,,17,11,-30.0,SUCCESS,240.86,False,258.0
FA_SD50_R03_MA3_RT50,50.0,15.0,3,0.5,47,2025-09-25 12:22:29.702005,2025-09-25 13:20:31.969002,44565,58.04,1500897,1545461,LONG,3,4,-440.0,-456.0,29.0,-30.0,7.525,99.0,13.125,19.875,1.0,6.75,FAILURE,43.0,"11108,27758",18,12,"-30.0,-60.0,-90.0",SUCCESS,154.69,True,
FA_SD50_R03_MA3_RT50,50.0,15.0,3,0.5,48,2025-09-25 13:20:31.969002,2025-09-25 13:21:47.041031,2073,1.25,1545461,1547533,SHORT,0,1,100.0,96.0,25.0,-1.0,6.45,62.6,15.125,20.650000000000006,1.0,6.0,SUCCESS,50.0,,19,13,,FAILURE,12.62,False,100.0
FA_SD50_R03_MA3_RT50,50.0,15.0,3,0.5,49,2025-09-25 13:21:47.041031,2025-09-25 13:26:38.530000,7627,4.86,1547533,1555159,LONG,0,1,100.0,96.0,25.0,-11.5,6.025,45.0,15.125,20.650000000000006,1.0,5.625,SUCCESS,50.0,,20,13,,SUCCESS,52.52,False,100.0
FA_SD50_R03_MA3_RT50,50.0,15.0,3,0.5,50,2025-09-25 13:26:38.530000,2025-09-25 13:32:38.403000,5042,6.0,1555159,1560200,SHORT,0,1,100.0,96.0,25.0,-5.0,6.5875,68.8,14.25,25.15000000000001,1.0,6.25,SUCCESS,50.0,,21,13,,SUCCESS,38.26,False,100.0
FA_SD50_R03_MA3_RT50,50.0,15.0,3,0.5,51,2025-09-25 13:32:38.403000,2025-09-25 13:57:19.852000,21096,24.69,1560200,1581295,LONG,3,4,-440.0,-456.0,12.0,-30.0,7.0875,86.10000000000001,16.0,25.15000000000001,1.0,6.75,FAILURE,15.5,"6185,11337",22,13,"-30.0,-60.0,-90.0",SUCCESS,72.32,True,
FA_SD50_R03_MA3_RT50,50.0,15.0,3,0.5,52,2025-09-25 13:57:19.852000,2025-09-25 14:00:37.649021,5129,3.3,1581295,1586423,SHORT,0,1,100.0,96.0,25.0,-2.25,6.1375,36.6,11.375,21.92500000000001,1.0,5.875,SUCCESS,50.0,,23,13,,FAILURE,29.7,False,100.0
FA_SD50_R03_MA3_RT50,50.0,15.0,3,0.5,53,2025-09-25 14:00:37.649021,2025-09-25 14:12:22.534000,22828,11.75,1586423,1609250,LONG,3,4,760.0,744.0,47.5,-30.0,5.2,6.9,11.375,30.750000000000007,1.0,5.125,SUCCESS,50.0,"2243,4296",24,14,"-30.0,-60.0,-90.0",SUCCESS,148.12,True,754.0
FA_SD50_R03_MA3_RT50,50.0,15.0,3,0.5,54,2025-09-25 14:12:22.534000,2025-09-25 14:24:13.170007,15786,11.84,1609250,1625035,SHORT,3,4,-440.0,-456.0,16.25,-30.0,6.7625,68.10000000000001,10.875,24.6,1.0,6.75,FAILURE,32.5,"3019,3182",25,14,"-30.0,-60.0,-90.0",SUCCESS,49.68,True,
FA_SD50_R03_MA3_RT50,50.0,15.0,3,0.5,55,2025-09-25 14:24:13.170007,2025-09-25 14:38:50.339048,13919,14.62,1625035,1638953,LONG,0,1,100.0,96.0,25.0,-8.75,6.4625,58.400000000000006,10.875,27.400000000000013,1.0,6.0,SUCCESS,50.0,,26,14,,FAILURE,86.32,False,100.0
FA_SD50_R03_MA3_RT50,50.0,15.0,3,0.5,57,2025-09-26 09:30:48.038008,2025-09-26 09:32:16.725000,6495,1.48,1732134,1738628,SHORT,3,4,-443.0,-461.0,7.25,-29.9167,7.45,98.0,16.875,24.075000000000003,1.0,7.375,FAILURE,14.5,"2081,1112",1,9,"-30.5,-60.0,-90.0",SESSION_START,26.3333,True,
FA_SD50_R03_MA3_RT50,50.0,15.0,3,0.5,58,2025-09-26 09:32:16.725000,2025-09-26 09:32:31.895003,1317,0.25,1738628,1739944,LONG,0,1,100.0,96.0,25.0,-0.5,7.2,96.4,17.125,25.000000000000004,1.0,7.375,SUCCESS,50.0,,2,9,,FAILURE,9.6,False,100.0
FA_SD50_R03_MA3_RT50,50.0,15.0,3,0.5,59,2025-09-26 09:32:31.895003,2025-09-26 09:45:10.647009,28885,12.65,1739944,1768828,SHORT,2,3,480.0,468.0,40.0,-22.5,7.0875,95.4,17.125,25.000000000000004,1.0,6.875,SUCCESS,50.0,20355,3,9,"-30.0,-60.0",SUCCESS,251.24,False,476.0
FA_SD50_R03_MA3_RT50,50.0,15.0,3,0.5,60,2025-09-26 09:45:10.647009,2025-09-26 09:46:38.642000,3870,1.47,1768828,1772697,LONG,0,1,100.0,96.0,25.0,-11.0,7.6375,87.0,12.75,30.375000000000007,1.0,7.625,SUCCESS,50.0,,4,9,,SUCCESS,35.84,False,100.0
FA_SD50_R03_MA3_RT50,50.0,15.0,3,0.5,61,2025-09-26 09:46:38.642000,2025-09-26 10:00:15.023002,20083,13.61,1772697,1792779,SHORT,3,4,-440.0,-456.0,20.0,-30.0,7.95,90.0,13.125,35.775,1.0,7.625,FAILURE,10.0,"4042,14897",5,9,"-30.0,-60.0,-90.0",SUCCESS,93.05,True,
FA_SD50_R03_MA3_RT50,50.0,15.0,3,0.5,62,2025-09-26 10:00:15.023002,2025-09-26 10:04:06.803012,7595,3.86,1792779,1800373,LONG,3,4,-440.0,-456.0,3.75,-30.0,7.425,73.4,17.375,36.875000000000014,1.0,6.625,FAILURE,7.5,"1238,880",6,10,"-30.0,-60.0,-90.0",FAILURE,32.72,True,
FA_SD50_R03_MA3_RT50,50.0,15.0,3,0.5,63,2025-09-26 10:04:06.803012,2025-09-26 10:06:19.550000,4539,2.21,1800373,1804911,SHORT,0,1,100.0,96.0,25.0,-5.5,6.3125,43.2,13.5,36.750000000000014,1.0,6.25,SUCCESS,50.0,,7,10,,FAILURE,36.34,False,100.0
FA_SD50_R03_MA3_RT50,50.0,15.0,3,0.5,64,2025-09-26 10:06:19.550000,2025-09-26 10:11:11.742012,12605,4.87,1804911,1817515,LONG,3,4,-440.0,-456.0,5.75,-30.0,6.6375,49.2,12.375,31.250000000000004,1.0,6.125,FAILURE,1.5,"841,1483",8,10,"-30.0,-60.0,-90.0",SUCCESS,55.23,True,
FA_SD50_R03_MA3_RT50,50.0,15.0,3,0.5,65,2025-09-26 10:11:11.742012,2025-09-26 10:22:52.831003,21576,11.68,1817515,1839090,SHORT,1,2,261.0,253.0,32.625,-15.25,7.95,84.9,12.25,35.3,1.0,7.75,SUCCESS,50.0,,9,10,-30.5,FAILURE,188.36,False,259.0
FA_SD50_R03_MA3_RT50,50.0,15.0,3,0.5,66,2025-09-26 10:22:52.831003,2025-09-26 10:26:52.924000,9873,4.0,1839090,1848962,LONG,3,4,-440.0,-456.0,16.0,-30.0,8.1125,88.30000000000001,11.5,27.025,1.0,7.875,FAILURE,32.0,"950,3256",10,10,"-30.0,-60.0,-90.0",SUCCESS,36.28,True,
FA_SD50_R03_MA3_RT50,50.0,15.0,3,0.5,67,2025-09-26 10:26:52.924000,2025-09-26 10:38:13.927000,22919,11.35,1848962,1871880,SHORT,3,4,-440.0,-456.0,9.5,-30.0,6.3875,7.800000000000001,10.625,26.575000000000003,1.0,5.875,FAILURE,19.0,"2142,13055",11,10,"-30.0,-60.0,-90.0",FAILURE,86.51,True,
FA_SD50_R03_MA3_RT50,50.0,15.0,3,0.5,68,2025-09-26 10:38:13.927000,2025-09-26 10:38:53.190000,2089,0.65,1871880,1873968,LONG,0,1,101.0,97.0,25.25,-1.5,6.6125,14.600000000000001,11.75,32.35000000000001,1.0,5.875,SUCCESS,50.5,,12,10,,FAILURE,12.6238,False,101.0
FA_SD50_R03_MA3_RT50,50.0,15.0,3,0.5,69,2025-09-26 10:38:53.190000,2025-09-26 10:49:35.655005,19146,10.71,1873968,1893113,SHORT,2,3,480.0,468.0,40.0,-23.5,5.975,0.4,11.75,32.35000000000001,1.0,5.625,SUCCESS,50.0,1951,13,10,"-30.0,-60.0",SUCCESS,134.98,False,476.0
FA_SD50_R03_MA3_RT50,50.0,15.0,3,0.5,70,2025-09-26 10:49:35.655005,2025-09-26 11:19:43.570009,39736,30.13,1893113,1932848,LONG,2,3,480.0,468.0,40.0,-22.5,7.0625,44.2,10.0,27.125000000000014,1.0,6.75,SUCCESS,50.0,32534,14,10,"-30.0,-60.0",SUCCESS,319.62,False,476.0
FA_SD50_R03_MA3_RT50,50.0,15.0,3,0.5,71,2025-09-26 11:19:43.570009,2025-09-26 11:22:23.508005,3568,2.67,1932848,1936415,SHORT,0,1,100.0,96.0,25.0,-4.75,6.9625,37.4,14.625,24.350000000000005,1.0,6.625,SUCCESS,50.0,,15,11,,SUCCESS,25.34,False,100.0
FA_SD50_R03_MA3_RT50,50.0,15.0,3,0.5,72,2025-09-26 11:22:23.508005,2025-09-26 11:25:43.685000,4149,3.34,1936415,1940563,LONG,0,1,100.0,96.0,25.0,-8.5,6.575,23.8,14.625,23.1,1.0,6.5,SUCCESS,50.0,,16,11,,SUCCESS,30.64,False,100.0
FA_SD50_R03_MA3_RT50,50.0,15.0,3,0.5,73,2025-09-26 11:25:43.685000,2025-09-26 11:59:06.117002,28969,33.37,1940563,1969531,SHORT,2,3,480.0,468.0,40.0,-22.5,8.3125,94.2,14.625,23.1,1.0,8.125,SUCCESS,50.0,3314,17,11,"-30.0,-60.0",SUCCESS,229.16,False,476.0
FA_SD50_R03_MA3_RT50,50.0,15.0,3,0.5,74,2025-09-26 11:59:06.117002,2025-09-26 12:15:19.475000,10562,16.22,1969531,1980092,LONG,0,1,100.0,96.0,25.0,-11.5,8.1625,87.4,15.125,24.250000000000004,1.0,8.375,SUCCESS,50.0,,18,11,,SUCCESS,99.8,False,100.0
FA_SD50_R03_MA3_RT50,50.0,15.0,3,0.5,75,2025-09-26 12:15:19.475000,2025-09-26 12:21:32.193007,6027,6.21,1980092,1986118,SHORT,3,4,-440.0,-456.0,9.5,-30.0,8.5375,92.0,13.625,21.775000000000006,1.0,8.5,FAILURE,19.0,"1499,885",19,12,"-30.0,-60.0,-90.0",SUCCESS,21.86,True,
FA_SD50_R03_MA3_RT50,50.0,15.0,3,0.5,76,2025-09-26 12:21:32.193007,2025-09-26 12:25:16.405013,4598,3.74,1986118,1990715,LONG,0,1,100.0,96.0,25.0,-8.25,6.325,15.8,11.125,19.75000000000001,1.0,6.75,SUCCESS,50.0,,20,12,,FAILURE,30.8,False,100.0
FA_SD50_R03_MA3_RT50,50.0,15.0,3,0.5,77,2025-09-26 12:25:16.405013,2025-09-26 12:28:30.116000,3644,3.23,1990715,1994358,SHORT,0,1,100.0,96.0,25.0,-1.0,5.775,8.4,10.875,27.700000000000003,1.0,5.125,SUCCESS,50.0,,21,12,,SUCCESS,26.28,False,100.0
FA_SD50_R03_MA3_RT50,50.0,15.0,3,0.5,78,2025-09-26 12:28:30.116000,2025-09-26 12:44:22.725028,10081,15.88,1994358,2004438,LONG,0,1,100.0,96.0,25.0,-12.75,5.95,14.4,10.875,27.700000000000003,1.0,5.25,SUCCESS,50.0,,22,12,,SUCCESS,81.5,False,100.0
FA_SD50_R03_MA3_RT50,50.0,15.0,3,0.5,79,2025-09-26 12:44:22.725028,2025-09-26 14:26:18.459011,56455,101.93,2004438,2060892,SHORT,3,4,-440.0,-456.0,29.75,-30.0,7.5125,61.2,11.0,29.750000000000004,1.0,7.25,FAILURE,40.5,"7374,39771",23,12,"-30.0,-60.0,-90.0",SUCCESS,180.63,True,
FA_SD50_R03_MA3_RT50,50.0,15.0,3,0.5,81,2025-09-29 09:43:15.038001,2025-09-29 09:45:26.708001,6345,2.19,2148607,2154951,LONG,0,1,100.0,94.0,25.0,-2.5,5.875,68.60000000000001,9.0,17.05,1.0,5.5,SUCCESS,50.0,,1,9,,SESSION_START,38.78,False,98.0
FA_SD50_R03_MA3_RT50,50.0,15.0,3,0.5,82,2025-09-29 09:45:26.708001,2025-09-29 11:12:13.535000,101446,86.78,2154951,2256396,SHORT,3,4,760.0,744.0,47.5,-30.0,5.6,53.5,9.875,20.250000000000004,1.0,5.625,SUCCESS,50.0,"21455,14945",2,9,"-30.0,-60.0,-90.0",SUCCESS,630.36,True,754.0
FA_SD50_R03_MA3_RT50,50.0,15.0,3,0.5,83,2025-09-29 11:12:13.535000,2025-09-29 11:36:01.876000,34664,23.81,2256396,2291059,LONG,3,4,-440.0,-456.0,9.0,-30.0,4.6875,3.4000000000000004,8.625,20.400000000000002,1.0,4.875,FAILURE,2.5,"5411,20750",3,11,"-30.0,-60.0,-90.0",SUCCESS,98.68,True,
FA_SD50_R03_MA3_RT50,50.0,15.0,3,0.5,84,2025-09-29 11:36:01.876000,2025-09-29 12:03:52.888000,29437,27.85,2291059,2320495,SHORT,1,2,260.0,252.0,32.5,-15.0,5.125,32.0,10.125,16.55,1.0,5.0,SUCCESS,50.0,,4,11,-30.0,FAILURE,162.74,False,258.0
FA_SD50_R03_MA3_RT50,50.0,15.0,3,0.5,85,2025-09-29 12:03:52.888000,2025-09-29 12:10:16.019011,4950,6.39,2320495,2325444,LONG,0,1,100.0,96.0,25.0,-0.25,4.5,1.3,12.75,21.125000000000007,1.0,4.5,SUCCESS,50.0,,5,12,,SUCCESS,26.82,False,100.0
FA_SD50_R03_MA3_RT50,50.0,15.0,3,0.5,86,2025-09-29 12:10:16.019011,2025-09-29 12:17:56.702000,8219,7.68,2325444,2333662,SHORT,1,2,260.0,252.0,32.5,-15.0,4.8375,19.5,11.375,21.125000000000007,1.0,4.375,SUCCESS,50.0,,6,12,-30.0,SUCCESS,40.38,False,258.0
FA_SD50_R03_MA3_RT50,50.0,15.0,3,0.5,87,2025-09-29 12:17:56.702000,2025-09-29 12:19:19.676003,1466,1.38,2333662,2335127,LONG,0,1,100.0,96.0,25.0,0.0,4.6125,7.300000000000001,15.0,30.175000000000004,1.0,4.5,SUCCESS,50.0,,7,12,,SUCCESS,8.02,False,100.0
FA_SD50_R03_MA3_RT50,50.0,15.0,3,0.5,88,2025-09-29 12:19:19.676003,2025-09-29 12:54:35.401000,20374,35.26,2335127,2355500,SHORT,1,2,260.0,252.0,32.5,-15.0,5.125,46.800000000000004,15.0,30.175000000000004,1.0,4.75,SUCCESS,50.0,,8,12,-30.0,SUCCESS,111.5,False,258.0
FA_SD50_R03_MA3_RT50,50.0,15.0,3,0.5,89,2025-09-29 12:54:35.401000,2025-09-29 14:04:01.179007,43289,69.43,2355500,2398788,LONG,1,2,260.0,252.0,32.5,-18.0,4.75,22.6,13.0,30.175000000000004,1.0,4.25,SUCCESS,50.0,,9,12,-30.0,SUCCESS,228.92,False,258.0
FA_SD50_R03_MA3_RT50,50.0,15.0,3,0.5,90,2025-09-29 14:04:01.179007,2025-09-29 15:02:40.637000,29994,58.66,2398788,2428781,SHORT,1,2,260.0,252.0,32.5,-15.0,4.2125,1.4000000000000001,9.125,18.825000000000003,1.0,4.0,SUCCESS,50.0,,10,14,-30.0,SUCCESS,136.0,False,258.0
FA_SD50_R03_MA3_RT50,50.0,15.0,3,0.5,92,2025-09-30 09:34:00.027028,2025-09-30 09:37:46.592000,8185,3.78,2509273,2517457,SHORT,0,1,100.0,94.0,25.0,-14.25,7.1375,95.4,8.5,22.10000000000001,1.0,7.125,SUCCESS,50.0,,1,9,,SESSION_START,71.76,False,98.0
FA_SD50_R03_MA3_RT50,50.0,15.0,3,0.5,93,2025-09-30 09:37:46.592000,2025-09-30 09:38:02.044103,1111,0.26,2517457,2518567,LONG,0,1,100.0,96.0,25.0,-0.25,7.35,96.0,14.375,26.825000000000003,1.0,7.625,SUCCESS,50.0,,2,9,,SUCCESS,7.8,False,100.0
FA_SD50_R03_MA3_RT50,50.0,15.0,3,0.5,94,2025-09-30 09:38:02.044103,2025-09-30 09:38:24.989002,781,0.38,2518567,2519347,SHORT,0,1,100.0,96.0,25.0,-0.25,7.2875,95.0,15.25,26.825000000000003,1.0,7.125,SUCCESS,50.0,,3,9,,SUCCESS,6.94,False,100.0
FA_SD50_R03_MA3_RT50,50.0,15.0,3,0.5,95,2025-09-30 09:38:24.989002,2025-09-30 09:40:47.742000,4195,2.38,2519347,2523541,LONG,0,1,100.0,96.0,25.0,-4.0,7.675,98.2,16.125,26.825000000000003,1.0,7.625,SUCCESS,50.0,,4,9,,SUCCESS,38.44,False,100.0
FA_SD50_R03_MA3_RT50,50.0,15.0,3,0.5,96,2025-09-30 09:40:47.742000,2025-09-30 09:54:14.282338,19658,13.44,2523541,2543198,SHORT,2,3,480.0,468.0,40.0,-22.5,7.525,95.80000000000001,16.125,27.05,1.0,7.25,SUCCESS,50.0,2858,5,9,"-30.0,-60.0",SUCCESS,178.78,False,476.0
FA_SD50_R03_MA3_RT50,50.0,15.0,3,0.5,97,2025-09-30 09:54:14.282338,2025-09-30 09:58:01.054000,8522,3.78,2543198,2551719,LONG,1,2,260.0,252.0,32.5,-15.75,7.8125,94.4,11.5,27.950000000000014,1.0,8.0,SUCCESS,50.0,,6,9,-30.0,SUCCESS,72.98,False,258.0
FA_SD50_R03_MA3_RT50,50.0,15.0,3,0.5,98,2025-09-30 09:58:01.054000,2025-09-30 10:48:07.995001,62511,50.12,2551719,2614229,SHORT,3,4,-440.0,-456.0,38.5,-30.0,7.7875,94.2,12.875,35.375,1.0,7.5,FAILURE,47.0,"3342,55832",7,9,"-30.0,-60.0,-90.0",SUCCESS,272.58,True,
FA_SD50_R03_MA3_RT50,50.0,15.0,3,0.5,99,2025-09-30 10:48:07.995001,2025-09-30 10:55:37.629020,10079,7.49,2614229,2624307,LONG,0,1,100.0,96.0,25.0,-2.75,6.175,14.0,12.0,27.600000000000005,1.0,6.25,SUCCESS,50.0,,8,10,,FAILURE,68.02,False,100.0
FA_SD50_R03_MA3_RT50,50.0,15.0,3,0.5,100,2025-09-30 10:55:37.629020,2025-09-30 11:16:24.499003,24039,20.78,2624307,2648345,SHORT,1,2,260.0,252.0,32.5,-15.0,6.05,8.4,12.0,27.600000000000005,1.0,6.0,SUCCESS,50.0,,9,10,-30.0,SUCCESS,146.96,False,258.0
FA_SD50_R03_MA3_RT50,50.0,15.0,3,0.5,101,2025-09-30 11:16:24.499003,2025-09-30 11:27:17.468002,14933,10.88,2648345,2663277,LONG,3,4,-440.0,-456.0,4.75,-30.0,5.625,15.700000000000001,14.125,22.800000000000008,1.0,5.875,FAILURE,9.5,"3140,7958",10,11,"-30.0,-60.0,-90.0",SUCCESS,47.96,True,
FA_SD50_R03_MA3_RT50,50.0,15.0,3,0.5,102,2025-09-30 11:27:17.468002,2025-09-30 11:58:02.612075,31185,30.75,2663277,2694461,SHORT,3,4,-440.0,-456.0,24.0,-30.0,6.325,32.800000000000004,11.25,22.25,1.0,6.125,FAILURE,30.0,"3211,22665",11,11,"-30.0,-60.0,-90.0",FAILURE,105.52,True,
FA_SD50_R03_MA3_RT50,50.0,15.0,3,0.5,103,2025-09-30 11:58:02.612075,2025-09-30 12:58:34.562199,36583,60.53,2694461,2731043,LONG,3,4,-440.0,-456.0,38.25,-30.0,6.2625,44.300000000000004,13.25,27.200000000000003,1.0,6.0,FAILURE,46.5,"4304,29309",12,11,"-30.0,-60.0,-90.0",FAILURE,124.72,True,
FA_SD50_R03_MA3_RT50,50.0,15.0,3,0.5,104,2025-09-30 12:58:34.562199,2025-09-30 13:22:30.139001,14705,23.93,2731043,2745747,SHORT,1,2,260.0,252.0,32.5,-15.0,6.3375,62.400000000000006,9.125,18.425000000000004,1.0,6.625,SUCCESS,50.0,,13,12,-30.0,FAILURE,105.14,False,258.0
FA_SD50_R03_MA3_RT50,50.0,15.0,3,0.5,105,2025-09-30 13:22:30.139001,2025-09-30 13:47:22.688000,17119,24.88,2745747,2762865,LONG,0,1,100.0,96.0,25.0,-13.75,6.1625,49.7,11.375,20.450000000000006,1.0,5.75,SUCCESS,50.0,,14,13,,SUCCESS,109.22,False,100.0
FA_SD50_R03_MA3_RT50,50.0,15.0,3,0.5,106,2025-09-30 13:47:22.688000,2025-09-30 14:15:16.535064,20053,27.9,2762865,2782917,SHORT,3,4,-440.0,-456.0,16.0,-30.0,5.5375,7.4,12.375,23.825000000000003,1.0,5.0,FAILURE,17.0,"14471,3485",15,13,"-30.0,-60.0,-90.0",SUCCESS,57.18,True,
FA_SD50_R03_MA3_RT50,50.0,15.0,3,0.5,107,2025-09-30 14:15:16.535064,2025-09-30 14:47:14.742045,21031,31.97,2782917,2803947,LONG,1,2,260.0,252.0,32.5,-15.0,5.2375,9.200000000000001,13.75,36.72500000000001,1.0,5.25,SUCCESS,50.0,,16,14,-30.0,FAILURE,121.98,False,258.0
FA_SD50_R03_MA3_RT50,50.0,15.0,3,0.5,108,2025-09-30 14:47:14.742045,2025-09-30 15:52:58.505007,52436,65.73,2803947,2856382,SHORT,3,4,-440.0,-456.0,24.5,-30.0,5.2125,18.8,12.25,23.25,1.0,5.125,FAILURE,48.0,"5353,20125",17,14,"-30.0,-60.0,-90.0",SUCCESS,143.97,True,
FA_SD50_R03_MA3_RT50,50.0,15.0,3,0.5,110,2025-10-01 09:32:51.622002,2025-10-01 09:36:30.633000,8849,3.65,2901268,2910116,LONG,0,1,100.0,94.0,25.0,-7.75,7.6875,93.0,8.25,24.400000000000052,1.0,7.75,SUCCESS,50.0,,1,9,,SESSION_START,78.2,False,98.0
FA_SD50_R03_MA3_RT50,50.0,15.0,3,0.5,111,2025-10-01 09:36:30.633000,2025-10-01 09:41:24.401003,7223,4.9,2910116,2917338,SHORT,0,1,100.0,96.0,25.0,-3.5,6.8625,85.60000000000001,12.75,26.87500000000005,1.0,6.625,SUCCESS,50.0,,2,9,,SUCCESS,68.76,False,100.0
FA_SD50_R03_MA3_RT50,50.0,15.0,3,0.5,112,2025-10-01 09:41:24.401003,2025-10-01 09:49:02.452003,12390,7.63,2917338,2929727,LONG,3,4,-440.0,-456.0,22.5,-30.0,8.0875,94.80000000000001,13.5,21.250000000000004,1.0,7.375,FAILURE,45.0,"2227,1269",3,9,"-30.0,-60.0,-90.0",SUCCESS,56.98,True,
FA_SD50_R03_MA3_RT50,50.0,15.0,3,0.5,113,2025-10-01 09:49:02.452003,2025-10-01 09:49:46.385003,2941,0.73,2929727,2932667,SHORT,0,1,100.0,96.0,25.0,-8.25,7.2,76.60000000000001,11.625,27.075000000000003,1.0,6.625,SUCCESS,50.0,,4,9,,FAILURE,24.0,False,100.0
FA_SD50_R03_MA3_RT50,50.0,15.0,3,0.5,114,2025-10-01 09:49:46.385003,2025-10-01 09:51:06.164002,4845,1.33,2932667,2937511,LONG,0,1,100.0,96.0,25.0,-12.0,7.15,74.4,11.625,30.05,1.0,6.625,SUCCESS,50.0,,5,9,,SUCCESS,41.76,False,100.0
FA_SD50_R03_MA3_RT50,50.0,15.0,3,0.5,115,2025-10-01 09:51:06.164002,2025-10-01 09:57:09.138000,9832,6.05,2937511,2947342,SHORT,3,4,-440.0,-456.0,16.25,-30.0,7.8375,89.0,12.0,30.05,1.0,7.75,FAILURE,32.5,"3332,1489",6,9,"-30.0,-60.0,-90.0",SUCCESS,47.13,True,
FA_SD50_R03_MA3_RT50,50.0,15.0,3,0.5,116,2025-10-01 09:57:09.138000,2025-10-01 09:59:39.243032,3830,2.5,2947342,2951171,LONG,3,4,-440.0,-456.0,1.75,-30.0,7.3375,68.60000000000001,11.625,32.07500000000002,1.0,7.125,FAILURE,3.5,"1551,1434",7,9,"-30.0,-60.0,-90.0",FAILURE,17.82,True,
FA_SD50_R03_MA3_RT50,50.0,15.0,3,0.5,117,2025-10-01 09:59:39.243032,2025-10-01 10:03:38.687029,6400,3.99,2951171,2957570,SHORT,3,4,-440.0,-456.0,20.5,-30.0,8.2,92.60000000000001,11.625,27.175000000000004,1.0,8.125,FAILURE,26.0,"1652,4229",8,9,"-30.0,-60.0,-90.0",FAILURE,49.71,True,
FA_SD50_R03_MA3_RT50,50.0,15.0,3,0.5,118,2025-10-01 10:03:38.687029,2025-10-01 10:17:05.182000,13889,13.44,2957570,2971458,LONG,1,2,260.0,252.0,32.5,-15.0,8.9,91.60000000000001,9.25,26.950000000000003,1.0,8.625,SUCCESS,50.0,,9,10,-30.0,FAILURE,119.6,False,258.0
FA_SD50_R03_MA3_RT50,50.0,15.0,3,0.5,119,2025-10-01 10:17:05.182000,2025-10-01 10:28:00.406003,15736,10.92,2971458,2987193,SHORT,3,4,-440.0,-456.0,11.5,-30.0,6.15,34.2,8.375,17.525000000000006,1.0,6.25,FAILURE,23.0,"3769,2121",10,10,"-30.0,-60.0,-90.0",SUCCESS,49.31,True,
FA_SD50_R03_MA3_RT50,50.0,15.0,3,0.5,120,2025-10-01 10:28:00.406003,2025-10-01 11:01:06.935060,32461,33.11,2987193,3019653,LONG,0,1,100.0,96.0,25.0,-13.25,5.275,26.0,7.875,19.550000000000004,1.0,5.0,SUCCESS,50.0,,11,10,,FAILURE,204.92,False,100.0
FA_SD50_R03_MA3_RT50,50.0,15.0,3,0.5,121,2025-10-01 11:01:06.935060,2025-10-01 11:12:17.343000,10898,11.17,3019653,3030550,SHORT,0,1,100.0,96.0,25.0,-7.75,4.975,10.9,9.5,17.12500000000002,1.0,5.375,SUCCESS,50.0,,12,11,,SUCCESS,62.92,False,100.0
FA_SD50_R03_MA3_RT50,50.0,15.0,3,0.5,122,2025-10-01 11:12:17.343000,2025-10-01 11:35:38.013006,17267,23.34,3030550,3047816,LONG,0,1,100.0,96.0,25.0,-12.75,5.675,34.800000000000004,10.25,20.05,1.0,5.75,SUCCESS,50.0,,13,11,,SUCCESS,101.44,False,100.0
FA_SD50_R03_MA3_RT50,50.0,15.0,3,0.5,123,2025-10-01 11:35:38.013006,2025-10-01 13:02:01.606000,45838,86.39,3047816,3093653,SHORT,3,4,-440.0,-456.0,2.25,-30.0,5.1125,26.700000000000003,13.0,20.725,1.0,4.875,FAILURE,4.5,"15506,26189",14,11,"-30.0,-60.0,-90.0",SUCCESS,118.67,True,
FA_SD50_R03_MA3_RT50,50.0,15.0,3,0.5,124,2025-10-01 13:02:01.606000,2025-10-01 13:28:18.697010,16273,26.28,3093653,3109925,LONG,0,1,100.0,96.0,25.0,-2.25,4.025,6.4,8.25,16.875,1.0,3.875,SUCCESS,50.0,,15,13,,FAILURE,77.96,False,100.0
FA_SD50_R03_MA3_RT50,50.0,15.0,3,0.5,126,2025-10-02 09:34:52.207011,2025-10-02 09:37:54.771008,7634,3.04,3232367,3240000,SHORT,0,1,100.0,94.0,25.0,-14.5,5.375,87.2,9.625,27.275000000000006,1.0,5.25,SUCCESS,50.0,,1,9,,SESSION_START,56.26,False,98.0
FA_SD50_R03_MA3_RT50,50.0,15.0,3,0.5,127,2025-10-02 09:37:54.771008,2025-10-02 09:43:34.044002,13447,5.65,3240000,3253446,LONG,3,4,-440.0,-456.0,9.5,-30.0,6.1125,90.2,9.75,28.625000000000007,1.0,5.5,FAILURE,19.0,"2786,4517",2,9,"-30.0,-60.0,-90.0",SUCCESS,55.01,True,
FA_SD50_R03_MA3_RT50,50.0,15.0,3,0.5,128,2025-10-02 09:43:34.044002,2025-10-02 09:52:20.657000,19725,8.78,3253446,3273170,SHORT,2,3,480.0,468.0,40.0,-22.5,6.975,95.2,12.75,24.400000000000002,1.0,6.25,SUCCESS,50.0,3610,3,9,"-30.0,-60.0",FAILURE,165.18,False,476.0
FA_SD50_R03_MA3_RT50,50.0,15.0,3,0.5,129,2025-10-02 09:52:20.657000,2025-10-02 09:53:24.257003,1936,1.06,3273170,3275105,LONG,0,1,100.0,96.0,25.0,-1.25,7.775,95.2,13.125,24.025000000000013,1.0,7.625,SUCCESS,50.0,,4,9,,SUCCESS,16.82,False,100.0
FA_SD50_R03_MA3_RT50,50.0,15.0,3,0.5,130,2025-10-02 09:53:24.257003,2025-10-02 10:27:37.545000,47556,34.22,3275105,3322660,SHORT,3,4,-440.0,-456.0,28.25,-30.0,7.175,89.2,13.125,24.025000000000013,1.0,7.0,FAILURE,41.5,"13806,21785",5,9,"-30.0,-60.0,-90.0",SUCCESS,192.97,True,
FA_SD50_R03_MA3_RT50,50.0,15.0,3,0.5,131,2025-10-02 10:27:37.545000,2025-10-02 10:46:23.056000,19146,18.76,3322660,3341805,LONG,3,4,-440.0,-456.0,13.75,-30.0,5.4875,19.200000000000003,13.5,23.500000000000014,1.0,5.625,FAILURE,2.5,"5737,11730",6,10,"-30.0,-60.0,-90.0",FAILURE,68.65,True,
FA_SD50_R03_MA3_RT50,50.0,15.0,3,0.5,132,2025-10-02 10:46:23.056000,2025-10-02 11:00:19.215005,16790,13.94,3341805,3358594,SHORT,1,2,260.0,252.0,32.5,-15.0,6.8,51.300000000000004,13.5,20.55,1.0,6.625,SUCCESS,50.0,,7,10,-30.0,FAILURE,117.76,False,258.0
FA_SD50_R03_MA3_RT50,50.0,15.0,3,0.5,133,2025-10-02 11:00:19.215005,2025-10-02 11:10:23.369000,14055,10.07,3358594,3372648,LONG,1,2,260.0,252.0,32.5,-15.0,5.5625,2.6,10.375,23.775000000000006,1.0,5.25,SUCCESS,50.0,,8,11,-30.0,SUCCESS,96.32,False,258.0
FA_SD50_R03_MA3_RT50,50.0,15.0,3,0.5,134,2025-10-02 11:10:23.369000,2025-10-02 11:37:15.610001,24018,26.87,3372648,3396665,SHORT,0,1,100.0,96.0,25.0,-13.0,5.8125,12.8,10.625,26.025000000000006,1.0,5.625,SUCCESS,50.0,,9,11,,SUCCESS,157.02,False,100.0
FA_SD50_R03_MA3_RT50,50.0,15.0,3,0.5,135,2025-10-02 11:37:15.610001,2025-10-02 11:50:31.630000,13505,13.27,3396665,3410169,LONG,0,1,100.0,96.0,25.0,-14.5,6.125,40.800000000000004,10.5,16.8,1.0,5.875,SUCCESS,50.0,,10,11,,SUCCESS,84.98,False,100.0
FA_SD50_R03_MA3_RT50,50.0,15.0,3,0.5,136,2025-10-02 11:50:31.630000,2025-10-02 13:25:22.758000,57949,94.85,3410169,3468117,SHORT,3,4,-440.0,-456.0,21.25,-30.0,5.7375,22.0,14.5,21.60000000000001,1.0,5.75,FAILURE,12.5,"2502,51397",11,11,"-30.0,-60.0,-90.0",SUCCESS,156.51,True,
FA_SD50_R03_MA3_RT50,50.0,15.0,3,0.5,137,2025-10-02 13:25:22.758000,2025-10-02 14:26:45.109000,29906,61.37,3468117,3498022,LONG,0,1,100.0,96.0,25.0,-11.0,4.625,12.0,10.0,19.400000000000013,1.0,4.75,SUCCESS,50.0,,12,13,,FAILURE,144.86,False,100.0
FA_SD50_R03_MA3_RT50,50.0,15.0,3,0.5,139,2025-10-03 10:00:07.891009,2025-10-03 10:08:56.835014,14492,8.82,3602366,3616857,SHORT,1,2,260.0,250.0,32.5,-15.0,6.85,88.2,11.875,42.75,1.0,6.25,SUCCESS,50.0,,1,10,-30.0,SESSION_START,138.28,False,256.0
FA_SD50_R03_MA3_RT50,50.0,15.0,3,0.5,140,2025-10-03 10:08:56.835014,2025-10-03 10:13:16.801000,6823,4.33,3616857,3623679,LONG,0,1,101.0,97.0,25.25,-7.5,7.6875,89.7,11.625,20.025,1.0,7.25,SUCCESS,50.5,,2,10,,SUCCESS,52.7228,False,101.0
FA_SD50_R03_MA3_RT50,50.0,15.0,3,0.5,141,2025-10-03 10:13:16.801000,2025-10-03 11:21:43.354026,65531,68.44,3623679,3689209,SHORT,3,4,-440.0,-456.0,32.0,-30.0,6.7,73.2,13.0,23.175000000000004,1.0,6.5,FAILURE,49.0,"24372,2052",3,10,"-30.0,-60.0,-90.0",SUCCESS,207.3,True,
FA_SD50_R03_MA3_RT50,50.0,15.0,3,0.5,142,2025-10-03 11:21:43.354026,2025-10-03 13:01:35.954000,58433,99.88,3689209,3747641,LONG,3,4,-440.0,-456.0,29.75,-30.0,4.6,0.2,10.625,18.650000000000006,1.0,4.5,FAILURE,44.5,"43276,1338",4,11,"-30.0,-60.0,-90.0",FAILURE,152.49,True,
FA_SD50_R03_MA3_RT50,50.0,15.0,3,0.5,143,2025-10-03 13:01:35.954000,2025-10-03 13:03:05.845002,3018,1.5,3747641,3750658,SHORT,0,1,100.0,96.0,25.0,-5.5,5.575,65.8,11.625,21.500000000000004,1.0,5.0,SUCCESS,50.0,,5,13,,FAILURE,16.92,False,100.0
FA_SD50_R03_MA3_RT50,50.0,15.0,3,0.5,144,2025-10-03 13:03:05.845002,2025-10-03 13:12:04.392000,18876,8.98,3750658,3769533,LONG,2,3,483.0,471.0,40.25,-22.5,5.3625,53.1,11.625,21.500000000000004,1.0,5.0,SUCCESS,50.5,4247,6,13,"-30.0,-60.0",SUCCESS,134.6238,False,479.0
FA_SD50_R03_MA3_RT50,50.0,15.0,3,0.5,145,2025-10-03 13:12:04.392000,2025-10-03 13:18:43.120005,6930,6.65,3769533,3776462,SHORT,0,1,100.0,96.0,25.0,-10.75,6.0125,84.0,11.625,30.45000000000001,1.0,5.375,SUCCESS,50.0,,7,13,,SUCCESS,46.28,False,100.0
FA_SD50_R03_MA3_RT50,50.0,15.0,3,0.5,146,2025-10-03 13:18:43.120005,2025-10-03 13:43:08.131000,26312,24.42,3776462,3802773,LONG,3,4,-440.0,-456.0,15.25,-30.0,6.0375,83.0,12.5,29.525,1.0,5.375,FAILURE,3.0,"2033,20814",8,13,"-30.0,-60.0,-90.0",SUCCESS,91.75,True,
FA_SD50_R03_MA3_RT50,50.0,15.0,3,0.5,147,2025-10-03 13:43:08.131000,2025-10-03 13:46:56.187000,4952,3.8,3802773,3807724,SHORT,0,1,100.0,96.0,25.0,-8.5,6.5625,83.2,14.875,28.47500000000001,1.0,6.625,SUCCESS,50.0,,9,13,,FAILURE,35.6,False,100.0
FA_SD50_R03_MA3_RT50,50.0,15.0,3,0.5,148,2025-10-03 13:46:56.187000,2025-10-03 13:53:31.996000,11509,6.6,3807724,3819232,LONG,3,4,-440.0,-456.0,15.75,-30.0,6.825,86.10000000000001,14.125,24.725000000000023,1.0,6.5,FAILURE,31.5,"1093,3201",10,13,"-30.0,-60.0,-90.0",SUCCESS,43.65,True,
FA_SD50_R03_MA3_RT50,50.0,15.0,3,0.5,149,2025-10-03 13:53:31.996000,2025-10-03 14:11:32.825000,26635,18.01,3819232,3845866,SHORT,3,4,-440.0,-456.0,30.5,-30.0,6.7375,80.0,14.375,37.550000000000004,1.0,6.5,FAILURE,21.5,"1632,3209",11,13,"-30.0,-60.0,-90.0",FAILURE,118.83,True,
FA_SD50_R03_MA3_RT50,50.0,15.0,3,0.5,150,2025-10-03 14:11:32.825000,2025-10-03 14:19:42.645000,8336,8.16,3845866,3854201,LONG,1,2,262.0,254.0,32.75,-15.0,8.8375,97.80000000000001,11.625,27.850000000000012,1.0,9.625,SUCCESS,50.5,,12,14,-30.0,FAILURE,66.5248,False,260.0
FA_SD50_R03_MA3_RT50,50.0,15.0,3,0.5,151,2025-10-03 14:19:42.645000,2025-10-03 14:52:34.545000,29535,32.87,3854201,3883735,SHORT,2,3,480.0,468.0,40.0,-22.5,6.0375,29.1,10.75,27.850000000000012,1.0,5.375,SUCCESS,50.0,2777,13,14,"-30.0,-60.0",SUCCESS,203.92,False,476.0
FA_SD50_R03_MA3_RT50,50.0,15.0,3,0.5,152,2025-10-03 14:52:34.545000,2025-10-03 14:57:17.413003,3621,4.71,3883735,3887355,LONG,0,1,100.0,96.0,25.0,-5.25,6.825,54.6,8.75,18.750000000000007,1.0,6.625,SUCCESS,50.0,,14,14,,SUCCESS,25.4,False,100.0
FA_SD50_R03_MA3_RT50,50.0,15.0,3,0.5,153,2025-10-03 14:57:17.413003,2025-10-03 15:57:26.218000,37171,60.15,3887355,3924525,SHORT,1,2,260.0,252.0,32.5,-15.0,6.4125,35.300000000000004,9.375,24.17500000000001,1.0,6.5,SUCCESS,50.0,,15,14,-30.0,SUCCESS,249.7,False,258.0
FA_SD50_R03_MA3_RT50,50.0,15.0,3,0.5,155,2025-10-06 09:33:04.091000,2025-10-06 09:43:20.372001,18707,10.27,3950400,3969106,SHORT,2,3,480.0,466.0,40.0,-22.5,7.5,71.60000000000001,11.125,30.675000000000004,1.0,7.375,SUCCESS,50.0,6964,1,9,"-30.0,-60.0",SESSION_START,185.1,False,474.0
FA_SD50_R03_MA3_RT50,50.0,15.0,3,0.5,156,2025-10-06 09:43:20.372001,2025-10-06 09:46:44.888007,7694,3.41,3969106,3976799,LONG,1,2,260.0,252.0,32.5,-15.0,8.0,84.80000000000001,22.875,30.675000000000004,1.0,8.125,SUCCESS,50.0,,2,9,-30.0,SUCCESS,72.44,False,258.0
FA_SD50_R03_MA3_RT50,50.0,15.0,3,0.5,157,2025-10-06 09:46:44.888007,2025-10-06 09:51:18.342006,6985,4.56,3976799,3983783,SHORT,0,1,100.0,96.0,25.0,-9.25,7.4875,70.2,19.0,30.67500000000001,1.0,7.25,SUCCESS,50.0,,3,9,,SUCCESS,63.58,False,100.0
FA_SD50_R03_MA3_RT50,50.0,15.0,3,0.5,158,2025-10-06 09:51:18.342006,2025-10-06 10:00:19.455001,10537,9.02,3983783,3994319,LONG,0,1,101.0,97.0,25.25,-9.75,8.55,93.60000000000001,16.25,30.67500000000001,1.0,8.0,SUCCESS,50.5,,4,9,,SUCCESS,94.8416,False,101.0
FA_SD50_R03_MA3_RT50,50.0,15.0,3,0.5,159,2025-10-06 10:00:19.455001,2025-10-06 10:10:24.745000,12969,10.09,3994319,4007287,SHORT,0,1,100.0,96.0,25.0,-14.5,7.9375,79.5,13.625,23.525,1.0,7.375,SUCCESS,50.0,,5,10,,SUCCESS,106.26,False,100.0
FA_SD50_R03_MA3_RT50,50.0,15.0,3,0.5,160,2025-10-06 10:10:24.745000,2025-10-06 10:12:26.092005,2552,2.02,4007287,4009838,LONG,0,1,100.0,96.0,25.0,-4.25,7.5125,60.1,11.0,23.925000000000004,1.0,7.25,SUCCESS,50.0,,6,10,,SUCCESS,21.02,False,100.0
FA_SD50_R03_MA3_RT50,50.0,15.0,3,0.5,161,2025-10-06 10:12:26.092005,2025-10-06 10:29:23.355000,14031,16.95,4009838,4023868,SHORT,1,2,260.0,252.0,32.5,-15.0,7.3375,53.0,9.125,23.925000000000004,1.0,7.125,SUCCESS,50.0,,7,10,-30.0,SUCCESS,111.1,False,258.0
FA_SD50_R03_MA3_RT50,50.0,15.0,3,0.5,162,2025-10-06 10:29:23.355000,2025-10-06 11:05:01.198000,35118,35.63,4023868,4058985,LONG,2,3,480.0,468.0,40.0,-22.5,6.325,30.200000000000003,10.0,19.97500000000001,1.0,6.25,SUCCESS,50.0,7429,8,10,"-30.0,-60.0",SUCCESS,223.98,False,476.0
FA_SD50_R03_MA3_RT50,50.0,15.0,3,0.5,163,2025-10-06 11:05:01.198000,2025-10-06 11:57:38.887006,34116,52.63,4058985,4093100,SHORT,3,4,-440.0,-456.0,10.5,-30.0,5.1125,5.7,15.0,28.650000000000002,1.0,5.125,FAILURE,21.0,"2331,4734",9,11,"-30.0,-60.0,-90.0",SUCCESS,89.59,True,
FA_SD50_R03_MA3_RT50,50.0,15.0,3,0.5,164,2025-10-06 11:57:38.887006,2025-10-06 14:28:43.226010,70309,151.07,4093100,4163408,LONG,2,3,480.0,468.0,40.0,-22.5,3.75,0.0,9.25,20.425000000000004,1.0,3.25,SUCCESS,50.0,5354,10,11,"-30.0,-60.0",FAILURE,361.46,False,476.0
FA_SD50_R03_MA3_RT50,50.0,15.0,3,0.5,165,2025-10-06 14:28:43.226010,2025-10-06 15:42:10.879000,33881,73.46,4163408,4197288,SHORT,0,1,100.0,96.0,25.0,-13.25,4.0875,7.7,10.0,14.25,1.0,4.0,SUCCESS,50.0,,11,14,,SUCCESS,153.74,False,100.0
FA_SD50_R03_MA3_RT50,50.0,15.0,3,0.5,167,2025-10-07 10:37:17.760000,2025-10-07 11:03:27.043000,30533,26.15,4318566,4349098,SHORT,1,2,260.0,250.0,32.5,-16.75,4.6625,31.1,15.125,24.40000000000001,1.0,4.375,SUCCESS,50.0,,1,10,-30.0,SESSION_START,180.64,False,256.0
FA_SD50_R03_MA3_RT50,50.0,15.0,3,0.5,168,2025-10-07 11:03:27.043000,2025-10-07 11:06:00.054002,8868,2.55,4349098,4357965,LONG,3,4,-440.0,-456.0,4.0,-30.0,5.3625,57.800000000000004,11.625,19.325000000000003,1.0,5.0,FAILURE,8.0,"2665,1971",2,11,"-30.0,-60.0,-90.0",SUCCESS,24.01,True,
FA_SD50_R03_MA3_RT50,50.0,15.0,3,0.5,169,2025-10-07 11:06:00.054002,2025-10-07 11:06:16.665000,2445,0.28,4357965,4360409,SHORT,0,1,100.0,96.0,25.0,-0.5,4.725,12.9,11.125,20.225000000000016,1.0,4.5,SUCCESS,50.0,,3,11,,FAILURE,13.78,False,100.0
FA_SD50_R03_MA3_RT50,50.0,15.0,3,0.5,170,2025-10-07 11:06:16.665000,2025-10-07 11:13:35.094000,23658,7.31,4360409,4384066,LONG,2,3,480.0,468.0,40.0,-22.5,5.3875,60.400000000000006,11.625,30.17500000000002,1.0,5.125,SUCCESS,50.0,7072,4,11,"-30.0,-60.0",SUCCESS,201.04,False,476.0
FA_SD50_R03_MA3_RT50,50.0,15.0,3,0.5,171,2025-10-07 11:13:35.094000,2025-10-07 11:26:31.275068,19594,12.94,4384066,4403659,SHORT,0,1,100.0,96.0,25.0,-14.0,7.1625,83.80000000000001,13.5,24.5,1.0,6.875,SUCCESS,50.0,,5,11,,SUCCESS,163.06,False,100.0
FA_SD50_R03_MA3_RT50,50.0,15.0,3,0.5,172,2025-10-07 11:26:31.275068,2025-10-07 11:36:31.062045,17760,10.0,4403659,4421418,LONG,3,4,-440.0,-456.0,5.5,-30.0,7.825,86.60000000000001,12.375,31.875,1.0,7.0,FAILURE,11.0,"4854,8818",6,11,"-30.0,-60.0,-90.0",SUCCESS,72.37,True,
FA_SD50_R03_MA3_RT50,50.0,15.0,3,0.5,173,2025-10-07 11:36:31.062045,2025-10-07 11:39:13.010011,5174,2.7,4421418,4426591,SHORT,0,1,100.0,96.0,25.0,-4.0,8.2375,91.60000000000001,9.25,23.575000000000003,1.0,8.25,SUCCESS,50.0,,7,11,,FAILURE,39.22,False,100.0
FA_SD50_R03_MA3_RT50,50.0,15.0,3,0.5,174,2025-10-07 11:39:13.010011,2025-10-07 11:40:56.141006,4236,1.72,4426591,4430826,LONG,0,1,100.0,96.0,25.0,-6.75,5.7,47.800000000000004,9.25,23.575000000000003,1.0,5.5,SUCCESS,50.0,,8,11,,SUCCESS,30.66,False,100.0
FA_SD50_R03_MA3_RT50,50.0,15.0,3,0.5,175,2025-10-07 11:40:56.141006,2025-10-07 11:47:33.185000,11091,6.62,4430826,4441916,SHORT,2,3,480.0,468.0,40.0,-22.5,6.975,59.0,11.375,23.575000000000003,1.0,6.25,SUCCESS,50.0,1555,9,11,"-30.0,-60.0",SUCCESS,88.28,False,476.0
FA_SD50_R03_MA3_RT50,50.0,15.0,3,0.5,176,2025-10-07 11:47:33.185000,2025-10-07 12:00:17.354000,20321,12.74,4441916,4462236,LONG,1,2,260.0,252.0,32.5,-19.75,7.275,60.0,13.875,28.350000000000016,1.0,7.5,SUCCESS,50.0,,10,11,-30.0,SUCCESS,153.44,False,258.0
FA_SD50_R03_MA3_RT50,50.0,15.0,3,0.5,177,2025-10-07 12:00:17.354000,2025-10-07 12:14:36.853000,18296,14.32,4462236,4480531,SHORT,1,2,260.0,252.0,32.5,-17.0,6.625,30.8,14.375,27.750000000000007,1.0,6.25,SUCCESS,50.0,,11,12,-30.0,SUCCESS,144.24,False,258.0
FA_SD50_R03_MA3_RT50,50.0,15.0,3,0.5,178,2025-10-07 12:14:36.853000,2025-10-07 12:25:18.712000,9151,10.7,4480531,4489681,LONG,0,1,100.0,96.0,25.0,-14.0,8.075,86.4,12.875,32.675000000000004,1.0,7.875,SUCCESS,50.0,,12,12,,SUCCESS,74.3,False,100.0
FA_SD50_R03_MA3_RT50,50.0,15.0,3,0.5,179,2025-10-07 12:25:18.712000,2025-10-07 12:37:40.913000,13768,12.37,4489681,4503448,SHORT,3,4,-440.0,-456.0,14.75,-30.0,8.0375,79.2,12.125,25.225,1.0,7.625,FAILURE,14.5,"7912,3038",13,12,"-30.0,-60.0,-90.0",SUCCESS,46.3,True,
FA_SD50_R03_MA3_RT50,50.0,15.0,3,0.5,180,2025-10-07 12:37:40.913000,2025-10-07 12:49:38.514001,10716,11.96,4503448,4514163,LONG,3,4,-440.0,-456.0,5.0,-30.0,5.3375,0.0,14.0,27.475,1.0,5.375,FAILURE,10.0,"4395,2123",14,12,"-30.0,-60.0,-90.0",FAILURE,35.09,True,
FA_SD50_R03_MA3_RT50,50.0,15.0,3,0.5,181,2025-10-07 12:49:38.514001,2025-10-07 12:58:36.416000,8298,8.97,4514163,4522460,SHORT,0,1,100.0,96.0,25.0,-13.25,6.275,18.2,18.5,27.475,1.0,6.25,SUCCESS,50.0,,15,12,,FAILURE,58.6,False,100.0
FA_SD50_R03_MA3_RT50,50.0,15.0,3,0.5,182,2025-10-07 12:58:36.416000,2025-10-07 13:02:11.071000,2891,3.58,4522460,4525350,LONG,0,1,100.0,96.0,25.0,0.0,6.625,34.5,10.75,23.075000000000003,1.0,6.75,SUCCESS,50.0,,16,12,,SUCCESS,20.58,False,100.0
FA_SD50_R03_MA3_RT50,50.0,15.0,3,0.5,183,2025-10-07 13:02:11.071000,2025-10-07 14:00:05.944007,35168,57.91,4525350,4560517,SHORT,1,2,260.0,252.0,32.5,-20.5,6.725,40.400000000000006,9.75,18.57500000000001,1.0,6.625,SUCCESS,50.0,,17,13,-30.0,SUCCESS,260.94,False,258.0
FA_SD50_R03_MA3_RT50,50.0,15.0,3,0.5,184,2025-10-07 14:00:05.944007,2025-10-07 14:12:09.944001,9779,12.07,4560517,4570295,LONG,1,2,260.0,252.0,32.5,-15.0,6.0,11.3,12.75,28.875000000000007,1.0,6.0,SUCCESS,50.0,,18,14,-30.0,SUCCESS,67.3,False,258.0
FA_SD50_R03_MA3_RT50,50.0,15.0,3,0.5,186,2025-10-08 09:33:17.992004,2025-10-08 09:47:30.649065,25796,14.21,4651925,4677720,LONG,1,2,260.0,250.0,32.5,-15.0,5.4875,35.0,10.25,20.02500000000002,1.0,5.375,SUCCESS,50.0,,1,9,-30.0,SESSION_START,191.76,False,256.0
FA_SD50_R03_MA3_RT50,50.0,15.0,3,0.5,187,2025-10-08 09:47:30.649065,2025-10-08 10:01:36.192086,24871,14.09,4677720,4702590,SHORT,3,4,-440.0,-456.0,11.75,-30.0,5.5875,43.1,12.25,25.05,1.0,4.5,FAILURE,23.5,"6565,532",2,9,"-30.0,-60.0,-90.0",SUCCESS,82.56,True,
FA_SD50_R03_MA3_RT50,50.0,15.0,3,0.5,188,2025-10-08 10:01:36.192086,2025-10-08 10:11:08.474000,14162,9.54,4702590,4716751,LONG,0,1,100.0,96.0,25.0,-8.75,5.4375,49.300000000000004,10.875,22.075000000000003,1.0,4.75,SUCCESS,50.0,,3,10,,FAILURE,82.98,False,100.0
FA_SD50_R03_MA3_RT50,50.0,15.0,3,0.5,189,2025-10-08 10:11:08.474000,2025-10-08 10:21:41.525000,12431,10.55,4716751,4729181,SHORT,0,1,100.0,96.0,25.0,-1.25,4.25,14.0,13.5,22.05,1.0,4.25,SUCCESS,50.0,,4,10,,SUCCESS,73.94,False,100.0
FA_SD50_R03_MA3_RT50,50.0,15.0,3,0.5,190,2025-10-08 10:21:41.525000,2025-10-08 11:25:39.252042,59869,63.96,4729181,4789049,LONG,2,3,480.0,468.0,40.0,-22.5,4.6125,29.700000000000003,11.75,21.1,1.0,4.5,SUCCESS,50.0,34394,5,10,"-30.0,-60.0",SUCCESS,317.38,False,476.0
FA_SD50_R03_MA3_RT50,50.0,15.0,3,0.5,191,2025-10-08 11:25:39.252042,2025-10-08 13:48:55.563129,76703,143.27,4789049,4865751,SHORT,3,4,-440.0,-456.0,18.75,-30.0,3.9875,2.5,9.625,18.875000000000007,1.0,4.125,FAILURE,0.0,"17751,14682",6,11,"-30.0,-60.0,-90.0",SUCCESS,179.95,True,
FA_SD50_R03_MA3_RT50,50.0,15.0,3,0.5,192,2025-10-08 13:48:55.563129,2025-10-08 15:19:15.799000,49214,90.34,4865751,4914964,LONG,0,1,100.0,96.0,25.0,-14.5,4.4375,67.8,9.375,19.775,1.0,4.625,SUCCESS,50.0,,7,13,,FAILURE,238.48,False,100.0
FA_SD50_R03_MA3_RT50,50.0,15.0,3,0.5,194,2025-10-09 09:41:39.176000,2025-10-09 09:45:37.909000,8784,3.98,4990830,4999613,SHORT,0,1,100.0,94.0,25.0,-2.75,6.025,83.80000000000001,11.25,18.375000000000007,1.0,6.125,SUCCESS,50.0,,1,9,,SESSION_START,57.4,False,98.0
FA_SD50_R03_MA3_RT50,50.0,15.0,3,0.5,195,2025-10-09 09:45:37.909000,2025-10-09 09:48:18.588014,4012,2.68,4999613,5003624,LONG,0,1,100.0,96.0,25.0,-0.25,6.2125,84.30000000000001,11.25,17.975,1.0,5.5,SUCCESS,50.0,,2,9,,SUCCESS,32.14,False,100.0
FA_SD50_R03_MA3_RT50,50.0,15.0,3,0.5,196,2025-10-09 09:48:18.588014,2025-10-09 09:55:52.247026,16000,7.56,5003624,5019623,SHORT,2,3,480.0,468.0,40.0,-22.75,6.3,85.4,10.75,17.975,1.0,5.75,SUCCESS,50.0,2522,3,9,"-30.0,-60.0",SUCCESS,122.2,False,476.0
FA_SD50_R03_MA3_RT50,50.0,15.0,3,0.5,197,2025-10-09 09:55:52.247026,2025-10-09 09:57:02.710000,2069,1.17,5019623,5021691,LONG,0,1,100.0,96.0,25.0,-2.5,6.75,90.0,11.375,22.325000000000024,1.0,6.0,SUCCESS,50.0,,4,9,,SUCCESS,16.36,False,100.0
FA_SD50_R03_MA3_RT50,50.0,15.0,3,0.5,198,2025-10-09 09:57:02.710000,2025-10-09 10:21:18.034002,27462,24.26,5021691,5049152,SHORT,1,2,260.0,252.0,32.5,-15.0,6.4875,82.0,11.375,22.325000000000024,1.0,5.875,SUCCESS,50.0,,5,9,-30.0,SUCCESS,196.46,False,258.0
FA_SD50_R03_MA3_RT50,50.0,15.0,3,0.5,199,2025-10-09 10:21:18.034002,2025-10-09 10:43:42.494016,32866,22.41,5049152,5082017,LONG,3,4,-440.0,-456.0,22.75,-30.0,5.6125,44.2,9.75,16.025000000000006,1.0,5.25,FAILURE,45.5,"7244,6600",6,10,"-30.0,-60.0,-90.0",SUCCESS,98.96,True,
FA_SD50_R03_MA3_RT50,50.0,15.0,3,0.5,200,2025-10-09 10:43:42.494016,2025-10-09 10:57:54.146035,19538,14.19,5082017,5101554,SHORT,3,4,-440.0,-456.0,10.5,-30.0,5.3875,28.8,16.125,24.525,1.0,5.25,FAILURE,21.0,"4599,8112",7,10,"-30.0,-60.0,-90.0",FAILURE,55.59,True,
FA_SD50_R03_MA3_RT50,50.0,15.0,3,0.5,201,2025-10-09 10:57:54.146035,2025-10-09 11:34:42.333000,36356,36.8,5101554,5137909,LONG,3,4,-440.0,-456.0,19.75,-30.0,5.5625,40.800000000000004,10.125,23.6,1.0,5.5,FAILURE,39.5,"6032,5302",8,10,"-30.0,-60.0,-90.0",FAILURE,104.97,True,
FA_SD50_R03_MA3_RT50,50.0,15.0,3,0.5,202,2025-10-09 11:34:42.333000,2025-10-09 11:50:27.028000,17240,15.74,5137909,5155148,SHORT,3,4,-439.0,-455.0,9.5833,-29.9167,5.4625,55.1,14.75,20.175000000000004,1.0,5.25,FAILURE,12.5,"1951,10711",9,11,"-30.0,-60.5,-90.0",FAILURE,50.89,True,
FA_SD50_R03_MA3_RT50,50.0,15.0,3,0.5,203,2025-10-09 11:50:27.028000,2025-10-09 12:58:08.699063,50597,67.69,5155148,5205744,LONG,3,4,-440.0,-456.0,21.25,-30.0,5.125,29.400000000000002,8.75,19.425000000000004,1.0,4.875,FAILURE,41.0,"12987,14737",10,11,"-30.0,-60.0,-90.0",FAILURE,146.65,True,
FA_SD50_R03_MA3_RT50,50.0,15.0,3,0.5,204,2025-10-09 12:58:08.699063,2025-10-09 13:17:56.331000,22292,19.79,5205744,5228035,SHORT,1,2,260.0,252.0,32.5,-22.25,6.0,90.80000000000001,13.75,26.57500000000001,1.0,5.625,SUCCESS,50.0,,11,12,-30.0,FAILURE,155.44,False,258.0
FA_SD50_R03_MA3_RT50,50.0,15.0,3,0.5,205,2025-10-09 13:17:56.331000,2025-10-09 13:20:20.486000,3637,2.4,5228035,5231671,LONG,0,1,100.0,96.0,25.0,-4.75,6.2125,83.2,13.375,26.300000000000008,1.0,6.125,SUCCESS,50.0,,12,13,,SUCCESS,22.56,False,100.0
FA_SD50_R03_MA3_RT50,50.0,15.0,3,0.5,206,2025-10-09 13:20:20.486000,2025-10-09 13:27:38.622000,6210,7.3,5231671,5237880,SHORT,0,1,100.0,96.0,25.0,-9.75,6.275,84.0,14.75,22.375000000000007,1.0,6.25,SUCCESS,50.0,,13,13,,SUCCESS,41.7,False,100.0
FA_SD50_R03_MA3_RT50,50.0,15.0,3,0.5,207,2025-10-09 13:27:38.622000,2025-10-09 13:40:05.108003,13078,12.44,5237880,5250957,LONG,1,2,260.0,252.0,32.5,-15.0,6.35,85.0,16.375,25.775,1.0,6.5,SUCCESS,50.0,,14,13,-30.0,SUCCESS,86.48,False,258.0
FA_SD50_R03_MA3_RT50,50.0,15.0,3,0.5,208,2025-10-09 13:40:05.108003,2025-10-09 15:12:00.020004,50017,91.92,5250957,5300973,SHORT,3,4,-440.0,-456.0,29.0,-30.0,5.85,56.5,13.5,24.875,1.0,5.625,FAILURE,43.0,"15738,21282",15,13,"-30.0,-60.0,-90.0",SUCCESS,157.58,True,
FA_SD50_R03_MA3_RT50,50.0,15.0,3,0.5,209,2025-10-09 15:12:00.020004,2025-10-09 15:38:49.447000,17949,26.82,5300973,5318921,LONG,0,1,100.0,96.0,25.0,-14.5,5.1,4.6000000000000005,10.5,23.325000000000003,1.0,4.625,SUCCESS,50.0,,16,15,,FAILURE,89.8,False,100.0
FA_SD50_R03_MA3_RT50,50.0,15.0,3,0.5,211,2025-10-10 09:37:38.110005,2025-10-10 09:47:34.609017,17135,9.94,5371737,5388871,LONG,0,1,100.0,94.0,25.0,-9.0,5.425,50.6,10.875,19.225000000000016,1.0,5.375,SUCCESS,50.0,,1,9,,SESSION_START,108.56,False,98.0
FA_SD50_R03_MA3_RT50,50.0,15.0,3,0.5,212,2025-10-10 09:47:34.609017,2025-10-10 09:49:38.493012,2827,2.06,5388871,5391697,SHORT,0,1,100.0,96.0,25.0,0.0,4.825,39.6,9.0,17.82500000000001,1.0,4.875,SUCCESS,50.0,,2,9,,SUCCESS,18.36,False,100.0
FA_SD50_R03_MA3_RT50,50.0,15.0,3,0.5,213,2025-10-10 09:49:38.493012,2025-10-10 10:01:31.549209,21041,11.88,5391697,5412737,LONG,3,4,-440.0,-456.0,22.75,-30.0,5.575,68.60000000000001,9.0,17.82500000000001,1.0,5.5,FAILURE,15.5,"4280,15844",3,9,"-30.0,-60.0,-90.0",SUCCESS,82.58,True,
FA_SD50_R03_MA3_RT50,50.0,15.0,3,0.5,214,2025-10-10 10:01:31.549209,2025-10-10 10:57:57.004011,62971,56.42,5412737,5475707,SHORT,2,3,480.0,468.0,40.0,-28.75,7.9375,100.0,8.125,22.025,1.0,7.5,SUCCESS,50.0,2002,4,10,"-30.0,-60.0",FAILURE,470.0,False,476.0
FA_SD50_R03_MA3_RT50,50.0,15.0,3,0.5,215,2025-10-10 10:57:57.004011,2025-10-10 10:58:11.793004,6143,0.25,5475707,5481849,LONG,3,4,-439.0,-455.0,4.25,-30.25,9.0875,100.0,13.25,28.22500000000001,1.0,7.75,FAILURE,4.0,"1352,4025",5,10,"-30.0,-60.0,-90.5",SUCCESS,34.45,True,
FA_SD50_R03_MA3_RT50,50.0,15.0,3,0.5,216,2025-10-10 10:58:11.793004,2025-10-10 10:58:14.888000,996,0.05,5481849,5482844,SHORT,0,1,100.0,96.0,25.0,-3.75,10.075,96.2,13.25,33.05000000000001,1.0,10.625,SUCCESS,50.0,,6,10,,FAILURE,12.72,False,100.0
FA_SD50_R03_MA3_RT50,50.0,15.0,3,0.5,217,2025-10-10 10:58:14.888000,2025-10-10 10:58:32.685000,3330,0.3,5482844,5486173,LONG,2,3,481.0,469.0,40.0833,-22.75,10.575,99.4,13.25,33.05000000000001,1.0,11.0,SUCCESS,50.0,741,7,10,"-30.0,-60.5",SUCCESS,57.44,False,477.0
FA_SD50_R03_MA3_RT50,50.0,15.0,3,0.5,218,2025-10-10 10:58:32.685000,2025-10-10 10:58:39.730002,1083,0.12,5486173,5487255,SHORT,0,1,101.0,97.0,25.25,-10.75,13.275,100.0,11.25,38.02500000000002,1.0,12.875,SUCCESS,50.5,,8,10,,SUCCESS,16.7624,False,101.0
FA_SD50_R03_MA3_RT50,50.0,15.0,3,0.5,219,2025-10-10 10:58:39.730002,2025-10-10 10:58:42.158000,288,0.04,5487255,5487542,LONG,0,1,104.0,100.0,26.0,0.0,14.6375,100.0,11.25,38.02500000000002,1.0,13.375,SUCCESS,52.0,,9,10,,SUCCESS,4.0385,False,104.0
FA_SD50_R03_MA3_RT50,50.0,15.0,3,0.5,220,2025-10-10 10:58:42.158000,2025-10-10 10:58:48.152000,577,0.1,5487542,5488118,SHORT,0,1,102.0,98.0,25.5,-1.25,15.3,99.80000000000001,11.25,38.02500000000002,1.0,14.25,SUCCESS,51.0,,10,10,,SUCCESS,8.8824,False,102.0
FA_SD50_R03_MA3_RT50,50.0,15.0,3,0.5,221,2025-10-10 10:58:48.152000,2025-10-10 10:58:54.459060,538,0.11,5488118,5488655,LONG,0,1,100.0,96.0,25.0,-3.0,14.9,99.4,12.75,38.02500000000002,1.0,13.375,SUCCESS,50.0,,11,10,,SUCCESS,10.02,False,100.0
FA_SD50_R03_MA3_RT50,50.0,15.0,3,0.5,222,2025-10-10 10:58:54.459060,2025-10-10 10:59:00.017000,402,0.09,5488655,5489056,SHORT,0,1,102.0,98.0,25.5,-3.25,15.425,100.0,13.875,38.02500000000002,1.0,13.375,SUCCESS,51.0,,12,10,,SUCCESS,7.9804,False,102.0
FA_SD50_R03_MA3_RT50,50.0,15.0,3,0.5,223,2025-10-10 10:59:00.017000,2025-10-10 10:59:04.801000,747,0.08,5489056,5489802,LONG,3,4,-432.0,-448.0,0.75,-30.6667,16.15,100.0,13.875,38.02500000000002,1.0,14.25,FAILURE,1.5,"223,298",13,10,"-30.0,-62.0,-92.0",SUCCESS,8.64,True,
FA_SD50_R03_MA3_RT50,50.0,15.0,3,0.5,224,2025-10-10 10:59:04.801000,2025-10-10 10:59:16.482000,1596,0.19,5489802,5491397,SHORT,1,2,262.0,254.0,32.75,-15.5,16.15,100.0,13.875,51.50000000000003,1.0,14.75,SUCCESS,50.0,,14,10,-31.0,FAILURE,38.36,False,260.0
FA_SD50_R03_MA3_RT50,50.0,15.0,3,0.5,225,2025-10-10 10:59:16.482000,2025-10-10 10:59:28.164001,1708,0.19,5491397,5493104,LONG,0,1,100.0,96.0,25.0,-10.0,17.2625,99.80000000000001,13.875,51.50000000000003,1.0,17.0,SUCCESS,50.0,,15,10,,SUCCESS,32.02,False,100.0
FA_SD50_R03_MA3_RT50,50.0,15.0,3,0.5,226,2025-10-10 10:59:28.164001,2025-10-10 11:00:07.472000,4299,0.66,5493104,5497402,SHORT,2,3,489.0,477.0,40.75,-26.0,17.375,100.0,13.875,48.57500000000003,1.0,17.375,SUCCESS,51.5,465,16,10,"-30.0,-60.0",SUCCESS,90.8835,False,485.0
FA_SD50_R03_MA3_RT50,50.0,15.0,3,0.5,227,2025-10-10 11:00:07.472000,2025-10-10 11:00:26.851024,2572,0.32,5497402,5499973,LONG,3,4,-440.0,-456.0,13.0,-30.0,16.8125,97.2,16.75,58.92500000000002,1.0,16.875,FAILURE,26.0,"920,394",17,11,"-30.0,-60.0,-90.0",SUCCESS,28.99,True,
FA_SD50_R03_MA3_RT50,50.0,15.0,3,0.5,228,2025-10-10 11:00:26.851024,2025-10-10 11:01:21.926000,5761,0.92,5499973,5505733,SHORT,2,3,483.0,471.0,40.25,-23.25,16.1875,94.0,19.25,58.92500000000002,1.0,15.75,SUCCESS,50.0,1769,18,11,"-30.0,-61.5",FAILURE,128.46,False,479.0
FA_SD50_R03_MA3_RT50,50.0,15.0,3,0.5,229,2025-10-10 11:01:21.926000,2025-10-10 11:01:27.154000,580,0.09,5505733,5506312,LONG,0,1,101.0,97.0,25.25,-7.25,17.2,98.80000000000001,24.875,47.80000000000001,1.0,16.0,SUCCESS,50.5,,19,11,,SUCCESS,13.7129,False,101.0
FA_SD50_R03_MA3_RT50,50.0,15.0,3,0.5,230,2025-10-10 11:01:27.154000,2025-10-10 11:02:00.715004,2408,0.56,5506312,5508719,SHORT,0,1,100.0,96.0,25.0,-9.5,18.1125,100.0,22.75,47.80000000000001,1.0,17.875,SUCCESS,50.0,,20,11,,SUCCESS,49.34,False,100.0
FA_SD50_R03_MA3_RT50,50.0,15.0,3,0.5,231,2025-10-10 11:02:00.715004,2025-10-10 11:02:37.463021,3488,0.61,5508719,5512206,LONG,3,4,-436.0,-452.0,12.25,-30.0,18.7625,100.0,18.125,42.400000000000006,1.0,18.875,FAILURE,24.5,"705,482",21,11,"-31.0,-63.5,-91.5",SUCCESS,36.0594,True,
FA_SD50_R03_MA3_RT50,50.0,15.0,3,0.5,232,2025-10-10 11:02:37.463021,2025-10-10 11:03:14.583002,3739,0.62,5512206,5515944,SHORT,3,4,-438.0,-454.0,20.8333,-30.1667,16.825,92.0,17.375,45.55,1.0,17.5,FAILURE,11.5,"91,3511",22,11,"-30.5,-60.0,-90.5",FAILURE,36.03,True,
FA_SD50_R03_MA3_RT50,50.0,15.0,3,0.5,233,2025-10-10 11:03:14.583002,2025-10-10 11:03:16.655005,334,0.03,5515944,5516277,LONG,0,1,100.0,96.0,25.0,-2.75,17.2125,94.60000000000001,16.25,26.525,1.0,17.375,SUCCESS,50.0,,23,11,,FAILURE,9.34,False,100.0
FA_SD50_R03_MA3_RT50,50.0,15.0,3,0.5,234,2025-10-10 11:03:16.655005,2025-10-10 11:03:21.600000,663,0.08,5516277,5516939,SHORT,0,1,101.0,97.0,25.25,-4.75,17.8,97.60000000000001,16.75,28.62500000000003,1.0,18.0,SUCCESS,50.5,,24,11,,SUCCESS,17.8911,False,101.0
FA_SD50_R03_MA3_RT50,50.0,15.0,3,0.5,235,2025-10-10 11:03:21.600000,2025-10-10 11:04:22.320001,4754,1.01,5516939,5521692,LONG,3,4,-435.0,-451.0,30.625,-29.5833,17.825,97.4,16.75,28.400000000000027,1.0,17.875,FAILURE,47.0,"2987,561",25,11,"-30.5,-62.0,-90.0",SUCCESS,51.28,True,
FA_SD50_R03_MA3_RT50,50.0,15.0,3,0.5,236,2025-10-10 11:04:22.320001,2025-10-10 11:05:44.086000,6290,1.36,5521692,5527981,SHORT,3,4,-454.0,-470.0,19.0,-29.5,17.675,93.80000000000001,18.625,47.75000000000003,1.0,17.125,FAILURE,38.0,"220,3773",26,11,"-34.5,-60.0,-90.5",FAILURE,64.466,True,
FA_SD50_R03_MA3_RT50,50.0,15.0,3,0.5,237,2025-10-10 11:05:44.086000,2025-10-10 11:06:37.741002,3769,0.89,5527981,5531749,LONG,1,2,261.0,253.0,32.625,-18.125,17.825,95.60000000000001,23.875,47.30000000000003,1.0,16.875,SUCCESS,50.0,,27,11,-30.5,FAILURE,78.54,False,259.0
FA_SD50_R03_MA3_RT50,50.0,15.0,3,0.5,238,2025-10-10 11:06:37.741002,2025-10-10 11:06:57.398019,1354,0.33,5531749,5533102,SHORT,0,1,102.0,98.0,25.5,-12.0,18.4625,97.80000000000001,24.25,43.2,1.0,18.125,SUCCESS,51.0,,28,11,,SUCCESS,25.5098,False,102.0
FA_SD50_R03_MA3_RT50,50.0,15.0,3,0.5,239,2025-10-10 11:06:57.398019,2025-10-10 11:08:15.642000,5278,1.3,5533102,5538379,LONG,3,4,-436.0,-452.0,14.5,-31.0,18.0875,94.80000000000001,24.25,43.2,1.0,18.0,FAILURE,29.0,"570,2424",29,11,"-30.0,-60.0,-92.0",SUCCESS,49.15,True,
FA_SD50_R03_MA3_RT50,50.0,15.0,3,0.5,240,2025-10-10 11:08:15.642000,2025-10-10 11:09:35.039000,4984,1.32,5538379,5543362,SHORT,2,3,485.0,473.0,40.4167,-23.0,14.8625,59.800000000000004,20.0,43.0,1.0,14.0,SUCCESS,50.5,300,30,11,"-30.0,-61.0",FAILURE,88.3267,False,481.0
FA_SD50_R03_MA3_RT50,50.0,15.0,3,0.5,241,2025-10-10 11:09:35.039000,2025-10-10 11:10:07.395000,1932,0.54,5543362,5545293,LONG,0,1,100.0,96.0,25.0,-6.5,17.1,82.2,20.75,43.55000000000001,1.0,15.25,SUCCESS,50.0,,31,11,,SUCCESS,34.04,False,100.0
FA_SD50_R03_MA3_RT50,50.0,15.0,3,0.5,242,2025-10-10 11:10:07.395000,2025-10-10 11:10:32.887006,1709,0.42,5545293,5547001,SHORT,3,4,-444.0,-460.0,1.5,-30.0,16.075,64.0,15.25,43.55000000000001,1.0,14.25,FAILURE,3.0,"1129,162",32,11,"-30.0,-60.0,-90.0",SUCCESS,17.209,True,
FA_SD50_R03_MA3_RT50,50.0,15.0,3,0.5,243,2025-10-10 11:10:32.887006,2025-10-10 11:11:06.467000,2251,0.56,5547001,5549251,LONG,1,2,260.0,252.0,32.5,-16.0,14.725,53.0,15.25,49.87500000000002,1.0,12.5,SUCCESS,50.0,,33,11,-30.0,FAILURE,37.68,False,258.0
FA_SD50_R03_MA3_RT50,50.0,15.0,3,0.5,244,2025-10-10 11:11:06.467000,2025-10-10 11:11:28.637006,1445,0.37,5549251,5550695,SHORT,0,1,101.0,97.0,25.25,-14.0,14.375,51.1,13.375,37.70000000000002,1.0,12.25,SUCCESS,50.5,,34,11,,SUCCESS,25.6733,False,101.0
FA_SD50_R03_MA3_RT50,50.0,15.0,3,0.5,245,2025-10-10 11:11:28.637006,2025-10-10 11:13:49.941000,6478,2.36,5550695,5557172,LONG,2,3,481.0,469.0,40.0833,-25.4167,14.5125,51.400000000000006,14.875,49.025000000000006,1.0,13.875,SUCCESS,50.0,817,35,11,"-30.5,-60.0",SUCCESS,104.32,False,477.0
FA_SD50_R03_MA3_RT50,50.0,15.0,3,0.5,246,2025-10-10 11:13:49.941000,2025-10-10 11:14:27.299000,1431,0.62,5557172,5558602,SHORT,0,1,100.0,96.0,25.0,-2.25,13.9125,46.400000000000006,17.125,54.37500000000001,1.0,13.0,SUCCESS,50.0,,36,11,,SUCCESS,22.26,False,100.0
FA_SD50_R03_MA3_RT50,50.0,15.0,3,0.5,247,2025-10-10 11:14:27.299000,2025-10-10 11:17:06.249001,6124,2.65,5558602,5564725,LONG,3,4,-440.0,-456.0,23.25,-30.0,13.225,42.0,14.0,54.37500000000001,1.0,12.5,FAILURE,31.5,"2147,1073",37,11,"-30.0,-60.0,-90.0",SUCCESS,49.51,True,
FA_SD50_R03_MA3_RT50,50.0,15.0,3,0.5,248,2025-10-10 11:17:06.249001,2025-10-10 11:18:07.399011,2831,1.02,5564725,5567555,SHORT,0,1,100.0,96.0,25.0,-11.0,15.0875,52.6,13.625,27.50000000000001,1.0,14.625,SUCCESS,50.0,,38,11,,FAILURE,41.92,False,100.0
FA_SD50_R03_MA3_RT50,50.0,15.0,3,0.5,249,2025-10-10 11:18:07.399011,2025-10-10 11:19:00.025006,3610,0.88,5567555,5571164,LONG,3,4,-438.0,-454.0,4.875,-29.8333,12.4,33.6,13.625,27.50000000000001,1.0,12.125,FAILURE,6.5,"1221,808",39,11,"-30.5,-60.5,-90.0",SUCCESS,24.12,True,
FA_SD50_R03_MA3_RT50,50.0,15.0,3,0.5,250,2025-10-10 11:19:00.025006,2025-10-10 11:19:24.483000,1880,0.41,5571164,5573043,SHORT,0,1,100.0,96.0,25.0,-10.0,11.4125,30.8,13.125,38.025,1.0,11.25,SUCCESS,50.0,,40,11,,FAILURE,25.3,False,100.0
FA_SD50_R03_MA3_RT50,50.0,15.0,3,0.5,251,2025-10-10 11:19:24.483000,2025-10-10 11:19:34.574009,582,0.17,5573043,5573624,LONG,0,1,100.0,96.0,25.0,-3.5,11.0125,29.200000000000003,13.5,38.025,1.0,10.875,SUCCESS,50.0,,41,11,,SUCCESS,9.6,False,100.0
FA_SD50_R03_MA3_RT50,50.0,15.0,3,0.5,252,2025-10-10 11:19:34.574009,2025-10-10 11:20:42.904001,5153,1.14,5573624,5578776,SHORT,2,3,480.0,468.0,40.0,-22.5,11.05,29.200000000000003,13.5,38.025,1.0,10.25,SUCCESS,50.0,2591,42,11,"-30.0,-60.0",SUCCESS,76.1,False,476.0
FA_SD50_R03_MA3_RT50,50.0,15.0,3,0.5,253,2025-10-10 11:20:42.904001,2025-10-10 11:21:54.444074,5329,1.19,5578776,5584104,LONG,3,4,-440.0,-456.0,13.75,-30.0,13.275,37.1,19.5,38.45,1.0,12.0,FAILURE,27.5,"626,3196",43,11,"-30.0,-60.0,-90.0",SUCCESS,37.33,True,
FA_SD50_R03_MA3_RT50,50.0,15.0,3,0.5,254,2025-10-10 11:21:54.444074,2025-10-10 11:24:10.855002,8914,2.27,5584104,5593017,SHORT,2,3,481.0,469.0,40.0833,-22.375,11.075,23.200000000000003,19.5,38.3,1.0,11.0,SUCCESS,50.0,2737,44,11,"-30.5,-60.0",FAILURE,129.1,False,477.0
FA_SD50_R03_MA3_RT50,50.0,15.0,3,0.5,255,2025-10-10 11:24:10.855002,2025-10-10 11:24:22.282004,906,0.19,5593017,5593922,LONG,0,1,100.0,96.0,25.0,-2.0,13.1125,30.8,12.0,38.875,1.0,12.0,SUCCESS,50.0,,45,11,,SUCCESS,12.48,False,100.0
FA_SD50_R03_MA3_RT50,50.0,15.0,3,0.5,256,2025-10-10 11:24:22.282004,2025-10-10 11:24:39.411000,868,0.29,5593922,5594789,SHORT,0,1,100.0,96.0,25.0,-1.5,13.025,29.400000000000002,14.375,38.875,1.0,11.875,SUCCESS,50.0,,46,11,,SUCCESS,13.78,False,100.0
FA_SD50_R03_MA3_RT50,50.0,15.0,3,0.5,257,2025-10-10 11:24:39.411000,2025-10-10 11:27:18.779010,10338,2.66,5594789,5605126,LONG,2,3,481.0,469.0,40.0833,-22.75,12.775,27.6,14.375,38.875,1.0,12.0,SUCCESS,50.0,4625,47,11,"-30.0,-60.5",SUCCESS,158.52,False,477.0
FA_SD50_R03_MA3_RT50,50.0,15.0,3,0.5,258,2025-10-10 11:27:18.779010,2025-10-10 11:28:53.460000,5784,1.58,5605126,5610909,SHORT,2,3,483.0,471.0,40.25,-24.0,16.0,62.6,19.25,36.85000000000001,1.0,16.75,SUCCESS,50.0,1394,48,11,"-31.5,-60.0",SUCCESS,81.96,False,479.0
FA_SD50_R03_MA3_RT50,50.0,15.0,3,0.5,259,2025-10-10 11:28:53.460000,2025-10-10 11:30:11.858000,5965,1.31,5610909,5616873,LONG,3,4,-444.0,-460.0,12.0,-30.0,11.95,11.600000000000001,17.375,32.675000000000004,1.0,12.0,FAILURE,9.0,"3750,303",49,11,"-30.0,-60.0,-90.0",SUCCESS,41.7164,True,
FA_SD50_R03_MA3_RT50,50.0,15.0,3,0.5,260,2025-10-10 11:30:11.858000,2025-10-10 11:30:26.360000,1399,0.24,5616873,5618271,SHORT,0,1,101.0,97.0,25.25,-7.75,11.525,9.0,22.875,36.97500000000001,1.0,10.5,SUCCESS,50.5,,50,11,,FAILURE,19.0792,False,101.0
FA_SD50_R03_MA3_RT50,50.0,15.0,3,0.5,261,2025-10-10 11:30:26.360000,2025-10-10 11:31:56.810000,6928,1.51,5618271,5625198,LONG,2,3,484.0,472.0,40.3333,-22.75,11.0625,5.0,24.5,42.97500000000002,1.0,10.25,SUCCESS,50.5,231,51,11,"-30.0,-60.5",SUCCESS,97.5743,False,480.0
FA_SD50_R03_MA3_RT50,50.0,15.0,3,0.5,262,2025-10-10 11:31:56.810000,2025-10-10 11:32:06.294000,967,0.16,5625198,5626164,SHORT,0,1,100.0,96.0,25.0,-5.0,12.85,31.8,17.0,55.12500000000001,1.0,12.75,SUCCESS,50.0,,52,11,,SUCCESS,12.58,False,100.0
FA_SD50_R03_MA3_RT50,50.0,15.0,3,0.5,263,2025-10-10 11:32:06.294000,2025-10-10 11:32:38.095000,2636,0.53,5626164,5628799,LONG,3,4,-440.0,-456.0,5.75,-30.0,14.2,52.2,14.375,55.12500000000001,1.0,14.0,FAILURE,0.0,"1176,777",53,11,"-30.0,-60.0,-90.0",SUCCESS,18.93,True,
FA_SD50_R03_MA3_RT50,50.0,15.0,3,0.5,264,2025-10-10 11:32:38.095000,2025-10-10 11:34:11.189000,6530,1.55,5628799,5635328,SHORT,2,3,484.0,472.0,40.3333,-23.5,12.9125,32.4,15.625,55.12500000000001,1.0,12.75,SUCCESS,50.0,1153,54,11,"-30.0,-62.0",FAILURE,98.8,False,480.0
FA_SD50_R03_MA3_RT50,50.0,15.0,3,0.5,265,2025-10-10 11:34:11.189000,2025-10-10 11:34:46.958000,2738,0.6,5635328,5638065,LONG,1,2,266.0,258.0,33.25,-15.0,14.3625,60.6,13.625,49.12500000000001,1.0,14.375,SUCCESS,51.5,,55,11,-30.0,SUCCESS,40.1262,False,264.0
FA_SD50_R03_MA3_RT50,50.0,15.0,3,0.5,266,2025-10-10 11:34:46.958000,2025-10-10 11:35:19.333000,2309,0.54,5638065,5640373,SHORT,3,4,-436.0,-452.0,4.5,-30.0,14.65,67.4,14.75,49.12500000000001,1.0,14.375,FAILURE,9.0,"469,929",56,11,"-31.5,-60.0,-90.5",SUCCESS,18.17,True,
FA_SD50_R03_MA3_RT50,50.0,15.0,3,0.5,267,2025-10-10 11:35:19.333000,2025-10-10 11:37:55.075000,8898,2.6,5640373,5649270,LONG,2,3,481.0,469.0,40.0833,-22.75,13.95,54.6,14.75,54.900000000000006,1.0,13.75,SUCCESS,50.0,2386,57,11,"-30.0,-60.5",FAILURE,140.2,False,477.0
FA_SD50_R03_MA3_RT50,50.0,15.0,3,0.5,268,2025-10-10 11:37:55.075000,2025-10-10 11:38:09.201000,1311,0.24,5649270,5650580,SHORT,0,1,100.0,96.0,25.0,-2.25,13.475,46.800000000000004,15.375,25.90000000000001,1.0,12.5,SUCCESS,50.0,,58,11,,SUCCESS,17.16,False,100.0
FA_SD50_R03_MA3_RT50,50.0,15.0,3,0.5,269,2025-10-10 11:38:09.201000,2025-10-10 11:40:02.763000,5578,1.89,5650580,5656157,LONG,3,4,-439.0,-455.0,22.25,-29.9167,12.6875,33.6,15.375,23.900000000000002,1.0,12.5,FAILURE,44.5,"1353,2792",59,11,"-30.0,-60.5,-90.0",SUCCESS,47.68,True,
FA_SD50_R03_MA3_RT50,50.0,15.0,3,0.5,270,2025-10-10 11:40:02.763000,2025-10-10 11:40:15.635000,1162,0.21,5656157,5657318,SHORT,0,1,100.0,96.0,25.0,-3.75,15.7,87.60000000000001,14.75,27.3,1.0,15.0,SUCCESS,50.0,,60,11,,FAILURE,15.88,False,100.0
FA_SD50_R03_MA3_RT50,50.0,15.0,3,0.5,271,2025-10-10 11:40:15.635000,2025-10-10 11:40:35.306000,1273,0.33,5657318,5658590,LONG,0,1,100.0,96.0,25.0,-3.25,15.4,84.5,14.75,28.600000000000012,1.0,14.25,SUCCESS,50.0,,61,11,,SUCCESS,18.3,False,100.0
FA_SD50_R03_MA3_RT50,50.0,15.0,3,0.5,272,2025-10-10 11:40:35.306000,2025-10-10 11:42:32.508000,5854,1.95,5658590,5664443,SHORT,3,4,-448.0,-464.0,32.25,-30.0,15.1875,82.60000000000001,14.75,34.0,1.0,14.25,FAILURE,49.5,"3492,1974",62,11,"-30.0,-60.0,-90.0",SUCCESS,48.1386,True,
FA_SD50_R03_MA3_RT50,50.0,15.0,3,0.5,273,2025-10-10 11:42:32.508000,2025-10-10 11:42:45.515000,1223,0.22,5664443,5665665,LONG,0,1,100.0,96.0,25.0,-10.25,14.425,70.8,16.125,38.12500000000003,1.0,13.0,SUCCESS,50.0,,63,11,,FAILURE,17.24,False,100.0
FA_SD50_R03_MA3_RT50,50.0,15.0,3,0.5,274,2025-10-10 11:42:45.515000,2025-10-10 11:43:28.914000,2314,0.72,5665665,5667978,SHORT,0,1,100.0,96.0,25.0,-10.0,13.725,53.7,19.375,38.12500000000003,1.0,12.5,SUCCESS,50.0,,64,11,,SUCCESS,35.28,False,100.0
FA_SD50_R03_MA3_RT50,50.0,15.0,3,0.5,275,2025-10-10 11:43:28.914000,2025-10-10 11:43:30.812042,166,0.03,5667978,5668143,LONG,0,1,100.0,96.0,25.0,0.0,14.4,71.8,17.75,35.87500000000003,1.0,12.75,SUCCESS,50.0,,65,11,,SUCCESS,2.7,False,100.0
FA_SD50_R03_MA3_RT50,50.0,15.0,3,0.5,276,2025-10-10 11:43:30.812042,2025-10-10 11:44:37.924000,3771,1.12,5668143,5671913,SHORT,3,4,-438.0,-454.0,10.5,-29.8333,14.775,82.0,17.75,35.87500000000003,1.0,13.125,FAILURE,21.0,"930,815",66,11,"-30.5,-60.5,-90.0",SUCCESS,27.84,True,
FA_SD50_R03_MA3_RT50,50.0,15.0,3,0.5,277,2025-10-10 11:44:37.924000,2025-10-10 11:44:58.726000,1932,0.35,5671913,5673844,LONG,0,1,102.0,98.0,25.5,-8.75,12.65,33.4,17.125,35.87500000000003,1.0,11.625,SUCCESS,51.0,,67,11,,FAILURE,25.5686,False,102.0
FA_SD50_R03_MA3_RT50,50.0,15.0,3,0.5,278,2025-10-10 11:44:58.726000,2025-10-10 11:47:08.993000,8845,2.17,5673844,5682688,SHORT,2,3,480.0,468.0,40.0,-22.5,10.7625,5.4,17.125,35.87500000000003,1.0,10.625,SUCCESS,50.0,1528,68,11,"-30.0,-60.0",SUCCESS,125.7,False,476.0
FA_SD50_R03_MA3_RT50,50.0,15.0,3,0.5,279,2025-10-10 11:47:08.993000,2025-10-10 11:51:00.174000,11073,3.85,5682688,5693760,LONG,1,2,260.0,252.0,32.5,-21.25,13.05,48.0,22.625,39.02500000000003,1.0,13.125,SUCCESS,50.0,,69,11,-30.0,SUCCESS,176.5,False,258.0
FA_SD50_R03_MA3_RT50,50.0,15.0,3,0.5,280,2025-10-10 11:51:00.174000,2025-10-10 11:55:08.869004,11905,4.14,5693760,5705664,SHORT,2,3,480.0,468.0,40.0,-29.5,13.85,66.7,12.375,35.5,1.0,13.0,SUCCESS,50.0,310,70,11,"-30.0,-60.0",SUCCESS,175.5,False,476.0
FA_SD50_R03_MA3_RT50,50.0,15.0,3,0.5,281,2025-10-10 11:55:08.869004,2025-10-10 11:56:38.077002,4398,1.49,5705664,5710061,LONG,3,4,-440.0,-456.0,12.0,-30.0,13.7625,65.0,18.75,42.20000000000002,1.0,12.375,FAILURE,9.0,"2046,664",71,11,"-30.0,-60.0,-90.0",SUCCESS,29.81,True,
FA_SD50_R03_MA3_RT50,50.0,15.0,3,0.5,282,2025-10-10 11:56:38.077002,2025-10-10 11:59:01.242000,5971,2.39,5710061,5716031,SHORT,3,4,-438.0,-454.0,24.0,-29.8333,12.2375,26.0,19.0,50.900000000000006,1.0,11.75,FAILURE,33.0,"4759,684",72,11,"-30.0,-61.0,-90.0",FAILURE,41.89,True,
FA_SD50_R03_MA3_RT50,50.0,15.0,3,0.5,283,2025-10-10 11:59:01.242000,2025-10-10 12:00:38.858000,4104,1.63,5716031,5720134,LONG,3,4,-450.0,-466.0,6.9167,-29.8333,11.95,17.7,20.25,50.900000000000006,1.0,11.625,FAILURE,9.0,"593,2526",73,11,"-31.0,-60.0,-90.0",FAILURE,29.7586,True,
FA_SD50_R03_MA3_RT50,50.0,15.0,3,0.5,284,2025-10-10 12:00:38.858000,2025-10-10 12:03:05.377000,5471,2.44,5720134,5725604,SHORT,1,2,261.0,253.0,32.625,-17.375,13.15,46.5,21.125,50.900000000000006,1.0,12.875,SUCCESS,50.0,,74,12,-30.5,FAILURE,79.94,False,259.0
FA_SD50_R03_MA3_RT50,50.0,15.0,3,0.5,285,2025-10-10 12:03:05.377000,2025-10-10 12:03:37.637000,1329,0.54,5725604,5726932,LONG,0,1,101.0,97.0,25.25,-4.0,14.05,70.60000000000001,19.375,38.775000000000006,1.0,12.5,SUCCESS,50.5,,75,12,,SUCCESS,19.7723,False,101.0
FA_SD50_R03_MA3_RT50,50.0,15.0,3,0.5,286,2025-10-10 12:03:37.637000,2025-10-10 12:04:00.948000,860,0.39,5726932,5727791,SHORT,0,1,100.0,96.0,25.0,-8.25,13.95,67.3,19.375,38.775000000000006,1.0,12.625,SUCCESS,50.0,,76,12,,SUCCESS,12.84,False,100.0
FA_SD50_R03_MA3_RT50,50.0,15.0,3,0.5,287,2025-10-10 12:04:00.948000,2025-10-10 12:05:00.719000,2129,1.0,5727791,5729919,LONG,0,1,107.0,103.0,26.75,-9.75,13.8625,64.8,20.0,38.775000000000006,1.0,13.125,SUCCESS,53.5,,77,12,,SUCCESS,29.6542,False,107.0
FA_SD50_R03_MA3_RT50,50.0,15.0,3,0.5,288,2025-10-10 12:05:00.719000,2025-10-10 12:06:45.513000,4063,1.75,5729919,5733981,SHORT,1,2,260.0,252.0,32.5,-21.0,14.2125,77.60000000000001,20.0,36.30000000000001,1.0,13.375,SUCCESS,50.0,,78,12,-30.0,SUCCESS,60.26,False,258.0
FA_SD50_R03_MA3_RT50,50.0,15.0,3,0.5,289,2025-10-10 12:06:45.513000,2025-10-10 12:07:36.544002,1548,0.85,5733981,5735528,LONG,0,1,100.0,96.0,25.0,-8.0,14.225,78.4,17.375,42.375,1.0,13.875,SUCCESS,50.0,,79,12,,SUCCESS,21.32,False,100.0
FA_SD50_R03_MA3_RT50,50.0,15.0,3,0.5,290,2025-10-10 12:07:36.544002,2025-10-10 12:10:55.136000,5650,3.31,5735528,5741177,SHORT,1,2,260.0,252.0,32.5,-15.75,13.2875,46.5,18.25,42.375,1.0,13.5,SUCCESS,50.0,,80,12,-30.0,SUCCESS,86.64,False,258.0
FA_SD50_R03_MA3_RT50,50.0,15.0,3,0.5,291,2025-10-10 12:10:55.136000,2025-10-10 12:11:32.289000,1526,0.62,5741177,5742702,LONG,0,1,100.0,96.0,25.0,-11.0,13.125,38.2,12.375,42.62500000000001,1.0,12.25,SUCCESS,50.0,,81,12,,SUCCESS,18.08,False,100.0
FA_SD50_R03_MA3_RT50,50.0,15.0,3,0.5,292,2025-10-10 12:11:32.289000,2025-10-10 12:17:05.296066,10637,5.55,5742702,5753338,SHORT,2,3,480.0,468.0,40.0,-26.25,12.325,20.5,12.375,42.62500000000001,1.0,11.75,SUCCESS,50.0,3716,82,12,"-30.0,-60.0",SUCCESS,140.4,False,476.0
FA_SD50_R03_MA3_RT50,50.0,15.0,3,0.5,293,2025-10-10 12:17:05.296066,2025-10-10 12:21:51.094000,8203,4.76,5753338,5761540,LONG,1,2,260.0,252.0,32.5,-15.0,12.875,32.0,13.375,38.07500000000001,1.0,12.75,SUCCESS,50.0,,83,12,-30.0,SUCCESS,111.42,False,258.0
FA_SD50_R03_MA3_RT50,50.0,15.0,3,0.5,294,2025-10-10 12:21:51.094000,2025-10-10 12:23:31.347000,3399,1.67,5761540,5764938,SHORT,3,4,-440.0,-456.0,19.25,-30.0,12.9,34.1,16.375,35.000000000000014,1.0,12.25,FAILURE,38.5,"374,579",84,12,"-30.0,-60.0,-90.0",SUCCESS,21.12,True,
FA_SD50_R03_MA3_RT50,50.0,15.0,3,0.5,295,2025-10-10 12:23:31.347000,2025-10-10 12:28:25.328012,7055,4.9,5764938,5771992,LONG,3,4,-440.0,-456.0,8.0,-30.0,11.8125,9.0,16.125,35.000000000000014,1.0,11.0,FAILURE,16.0,"1144,569",85,12,"-30.0,-60.0,-90.0",FAILURE,48.41,True,
FA_SD50_R03_MA3_RT50,50.0,15.0,3,0.5,296,2025-10-10 12:28:25.328012,2025-10-10 12:35:15.531001,11146,6.84,5771992,5783137,SHORT,2,3,480.0,468.0,40.0,-29.5,13.3625,59.900000000000006,14.75,41.075,1.0,13.125,SUCCESS,50.0,1849,86,12,"-30.0,-60.0",FAILURE,134.16,False,476.0
FA_SD50_R03_MA3_RT50,50.0,15.0,3,0.5,297,2025-10-10 12:35:15.531001,2025-10-10 12:36:08.958000,2138,0.89,5783137,5785274,LONG,0,1,100.0,96.0,25.0,-8.5,10.4125,5.0,9.25,23.850000000000016,1.0,10.5,SUCCESS,50.0,,87,12,,SUCCESS,24.1,False,100.0
FA_SD50_R03_MA3_RT50,50.0,15.0,3,0.5,298,2025-10-10 12:36:08.958000,2025-10-10 12:38:19.402001,3258,2.17,5785274,5788531,SHORT,1,2,260.0,252.0,32.5,-15.0,9.5875,0.0,9.25,23.850000000000016,1.0,8.5,SUCCESS,50.0,,88,12,-30.0,SUCCESS,39.88,False,258.0
FA_SD50_R03_MA3_RT50,50.0,15.0,3,0.5,299,2025-10-10 12:38:19.402001,2025-10-10 12:40:15.478003,2684,1.93,5788531,5791214,LONG,0,1,100.0,96.0,25.0,-4.0,9.775,2.0,14.875,34.97500000000001,1.0,9.0,SUCCESS,50.0,,89,12,,SUCCESS,29.3,False,100.0
FA_SD50_R03_MA3_RT50,50.0,15.0,3,0.5,300,2025-10-10 12:40:15.478003,2025-10-10 12:41:37.015000,2174,1.36,5791214,5793387,SHORT,0,1,100.0,96.0,25.0,-1.5,8.9125,0.0,14.875,34.97500000000001,1.0,8.375,SUCCESS,50.0,,90,12,,SUCCESS,24.38,False,100.0
FA_SD50_R03_MA3_RT50,50.0,15.0,3,0.5,301,2025-10-10 12:41:37.015000,2025-10-10 12:48:06.548002,12069,6.49,5793387,5805455,LONG,3,4,-440.0,-456.0,17.25,-30.0,8.6,0.4,13.5,34.97500000000001,1.0,8.25,FAILURE,31.0,"1196,5875",91,12,"-30.0,-60.0,-90.0",SUCCESS,59.0,True,
FA_SD50_R03_MA3_RT50,50.0,15.0,3,0.5,302,2025-10-10 12:48:06.548002,2025-10-10 12:50:18.355002,4551,2.2,5805455,5810005,SHORT,0,1,100.0,96.0,25.0,-3.25,9.325,11.8,14.375,41.625,1.0,8.0,SUCCESS,50.0,,92,12,,FAILURE,41.44,False,100.0
FA_SD50_R03_MA3_RT50,50.0,15.0,3,0.5,303,2025-10-10 12:50:18.355002,2025-10-10 13:00:07.683008,15746,9.82,5810005,5825750,LONG,3,4,-440.0,-456.0,22.25,-30.0,8.0375,3.8000000000000003,10.25,33.35000000000003,1.0,7.625,FAILURE,29.5,"11149,3430",93,12,"-30.0,-60.0,-90.0",SUCCESS,90.89,True,
FA_SD50_R03_MA3_RT50,50.0,15.0,3,0.5,304,2025-10-10 13:00:07.683008,2025-10-10 13:05:34.233001,8238,5.44,5825750,5833987,SHORT,2,3,480.0,468.0,40.0,-23.25,10.0875,32.2,13.875,26.3,1.0,9.75,SUCCESS,50.0,469,94,13,"-30.0,-60.0",FAILURE,97.5,False,476.0
FA_SD50_R03_MA3_RT50,50.0,15.0,3,0.5,305,2025-10-10 13:05:34.233001,2025-10-10 13:11:33.634011,7198,5.99,5833987,5841184,LONG,0,1,100.0,96.0,25.0,-11.0,8.9125,14.200000000000001,11.625,30.32500000000001,1.0,8.875,SUCCESS,50.0,,95,13,,SUCCESS,86.66,False,100.0
FA_SD50_R03_MA3_RT50,50.0,15.0,3,0.5,306,2025-10-10 13:11:33.634011,2025-10-10 13:14:01.086000,4594,2.46,5841184,5845777,SHORT,1,2,260.0,252.0,32.5,-21.0,11.5375,55.400000000000006,14.875,30.32500000000001,1.0,11.75,SUCCESS,50.0,,96,13,-30.0,SUCCESS,52.92,False,258.0
FA_SD50_R03_MA3_RT50,50.0,15.0,3,0.5,307,2025-10-10 13:14:01.086000,2025-10-10 13:15:19.958000,2636,1.31,5845777,5848412,LONG,0,1,101.0,97.0,25.25,-9.75,9.8375,31.0,15.375,30.32500000000001,1.0,9.75,SUCCESS,50.5,,97,13,,SUCCESS,30.9208,False,101.0
FA_SD50_R03_MA3_RT50,50.0,15.0,3,0.5,308,2025-10-10 13:15:19.958000,2025-10-10 13:27:12.841000,16306,11.88,5848412,5864717,SHORT,3,4,-440.0,-456.0,33.75,-30.0,10.9625,54.6,15.875,30.875000000000014,1.0,11.125,FAILURE,37.5,"2668,8147",98,13,"-30.0,-60.0,-90.0",SUCCESS,98.14,True,
FA_SD50_R03_MA3_RT50,50.0,15.0,3,0.5,309,2025-10-10 13:27:12.841000,2025-10-10 13:28:27.404000,2385,1.24,5864717,5867101,LONG,0,1,100.0,96.0,25.0,-8.0,10.125,45.6,11.75,33.57500000000001,1.0,9.125,SUCCESS,50.0,,99,13,,FAILURE,25.16,False,100.0
FA_SD50_R03_MA3_RT50,50.0,15.0,3,0.5,310,2025-10-10 13:28:27.404000,2025-10-10 13:29:44.933000,2125,1.29,5867101,5869225,SHORT,0,1,100.0,96.0,25.0,-5.75,10.05,43.300000000000004,11.75,33.57500000000001,1.0,9.875,SUCCESS,50.0,,100,13,,SUCCESS,21.86,False,100.0
FA_SD50_R03_MA3_RT50,50.0,15.0,3,0.5,311,2025-10-10 13:29:44.933000,2025-10-10 13:29:56.107001,930,0.19,5869225,5870154,LONG,0,1,100.0,96.0,25.0,-2.0,9.325,23.1,11.75,39.45000000000001,1.0,8.75,SUCCESS,50.0,,101,13,,SUCCESS,10.12,False,100.0
FA_SD50_R03_MA3_RT50,50.0,15.0,3,0.5,312,2025-10-10 13:29:56.107001,2025-10-10 13:46:20.297002,23011,16.4,5870154,5893164,SHORT,2,3,480.0,468.0,40.0,-22.5,9.55,30.0,11.75,39.45000000000001,1.0,8.75,SUCCESS,50.0,4895,102,13,"-30.0,-60.0",SUCCESS,223.92,False,476.0
FA_SD50_R03_MA3_RT50,50.0,15.0,3,0.5,313,2025-10-10 13:46:20.297002,2025-10-10 13:48:32.002008,6113,2.2,5893164,5899276,LONG,1,2,260.0,252.0,32.5,-21.0,9.175,30.400000000000002,12.875,25.925000000000004,1.0,8.125,SUCCESS,50.0,,103,13,-30.0,SUCCESS,50.32,False,258.0
FA_SD50_R03_MA3_RT50,50.0,15.0,3,0.5,314,2025-10-10 13:48:32.002008,2025-10-10 13:50:13.619000,2544,1.69,5899276,5901819,SHORT,0,1,100.0,96.0,25.0,-0.5,9.675,52.2,15.125,39.125000000000014,1.0,8.125,SUCCESS,50.0,,104,13,,SUCCESS,27.02,False,100.0
FA_SD50_R03_MA3_RT50,50.0,15.0,3,0.5,315,2025-10-10 13:50:13.619000,2025-10-10 14:21:10.667000,32212,30.95,5901819,5934030,LONG,3,4,764.0,748.0,47.75,-30.0,9.275,39.0,14.75,39.125000000000014,1.0,7.875,SUCCESS,50.5,"2542,9270",105,13,"-30.0,-60.0,-90.0",SUCCESS,365.6139,True,758.0
FA_SD50_R03_MA3_RT50,50.0,15.0,3,0.5,316,2025-10-10 14:21:10.667000,2025-10-10 14:22:07.416000,777,0.95,5934030,5934806,SHORT,0,1,100.0,96.0,25.0,-2.0,11.8375,99.2,17.875,33.22500000000001,1.0,11.75,SUCCESS,50.0,,106,14,,SUCCESS,10.26,False,100.0
FA_SD50_R03_MA3_RT50,50.0,15.0,3,0.5,317,2025-10-10 14:22:07.416000,2025-10-10 14:22:47.504001,578,0.67,5934806,5935383,LONG,0,1,100.0,96.0,25.0,0.0,11.7625,98.4,20.625,33.22500000000001,1.0,11.75,SUCCESS,50.0,,107,14,,SUCCESS,6.88,False,100.0
FA_SD50_R03_MA3_RT50,50.0,15.0,3,0.5,318,2025-10-10 14:22:47.504001,2025-10-10 14:28:26.025000,4429,5.64,5935383,5939811,SHORT,0,1,100.0,96.0,25.0,-3.0,11.575,95.80000000000001,20.625,33.22500000000001,1.0,11.75,SUCCESS,50.0,,108,14,,SUCCESS,51.12,False,100.0
FA_SD50_R03_MA3_RT50,50.0,15.0,3,0.5,319,2025-10-10 14:28:26.025000,2025-10-10 14:44:36.650015,12357,16.18,5939811,5952167,LONG,3,4,-439.0,-455.0,8.0833,-29.9167,9.8625,49.300000000000004,14.375,33.22500000000001,1.0,9.25,FAILURE,10.0,"2920,2851",109,14,"-30.5,-60.0,-90.0",SUCCESS,73.0,True,
FA_SD50_R03_MA3_RT50,50.0,15.0,3,0.5,320,2025-10-10 14:44:36.650015,2025-10-10 14:48:19.950000,5056,3.72,5952167,5957222,SHORT,1,2,260.0,252.0,32.5,-15.0,9.125,17.900000000000002,14.375,25.72500000000001,1.0,9.0,SUCCESS,50.0,,110,14,-30.0,FAILURE,46.4,False,258.0
FA_SD50_R03_MA3_RT50,50.0,15.0,3,0.5,321,2025-10-10 14:48:19.950000,2025-10-10 15:11:49.062071,28302,23.49,5957222,5985523,LONG,3,4,-440.0,-456.0,35.25,-30.0,8.9,18.2,14.375,31.35,1.0,8.5,FAILURE,40.5,"1321,21792",111,14,"-30.0,-60.0,-90.0",SUCCESS,139.72,True,
FA_SD50_R03_MA3_RT50,50.0,15.0,3,0.5,322,2025-10-10 15:11:49.062071,2025-10-10 15:27:17.051000,16636,15.47,5985523,6002158,SHORT,1,2,264.0,256.0,33.0,-17.25,9.1875,37.800000000000004,13.125,31.400000000000002,1.0,8.75,SUCCESS,51.0,,112,15,-30.0,FAILURE,168.6275,False,262.0
FA_SD50_R03_MA3_RT50,50.0,15.0,3,0.5,323,2025-10-10 15:27:17.051000,2025-10-10 15:35:38.227000,12102,8.35,6002158,6014259,LONG,3,4,-440.0,-456.0,13.75,-30.0,8.125,15.9,9.5,32.3,1.0,7.875,FAILURE,12.5,"8393,1799",113,15,"-30.0,-60.0,-90.0",SUCCESS,54.67,True,
FA_SD50_R03_MA3_RT50,50.0,15.0,3,0.5,324,2025-10-10 15:35:38.227000,2025-10-10 15:38:34.381005,4452,2.94,6014259,6018710,SHORT,0,1,100.0,96.0,25.0,-7.25,7.2875,5.800000000000001,9.375,27.97500000000001,1.0,6.625,SUCCESS,50.0,,114,15,,FAILURE,42.56,False,100.0
FA_SD50_R03_MA3_RT50,50.0,15.0,3,0.5,325,2025-10-10 15:38:34.381005,2025-10-10 15:40:25.895011,5070,1.86,6018710,6023779,LONG,1,2,260.0,252.0,32.5,-15.0,8.325,27.400000000000002,9.375,34.12500000000003,1.0,7.75,SUCCESS,50.0,,115,15,-30.0,SUCCESS,45.74,False,258.0
FA_SD50_R03_MA3_RT50,50.0,15.0,3,0.5,326,2025-10-10 15:40:25.895011,2025-10-10 15:44:48.438000,8599,4.38,6023779,6032377,SHORT,3,4,-440.0,-456.0,9.0,-30.0,7.525,14.4,8.25,45.37500000000001,1.0,7.125,FAILURE,18.0,"4733,924",116,15,"-30.0,-60.0,-90.0",SUCCESS,43.38,True,
FA_SD50_R03_MA3_RT50,50.0,15.0,3,0.5,327,2025-10-10 15:44:48.438000,2025-10-10 15:52:01.333000,15845,7.21,6032377,6048221,LONG,3,4,-440.0,-456.0,24.25,-30.0,8.975,51.0,7.875,41.825,1.0,8.5,FAILURE,33.5,"7020,1409",117,15,"-30.0,-60.0,-90.0",FAILURE,82.93,True,
FA_SD50_R03_MA3_RT50,50.0,15.0,3,0.5,328,2025-10-10 15:52:01.333000,2025-10-10 15:54:00.068001,4789,1.98,6048221,6053009,SHORT,1,2,260.0,252.0,32.5,-15.0,10.2375,84.60000000000001,14.125,30.100000000000023,1.0,9.5,SUCCESS,50.0,,118,15,-30.0,FAILURE,42.44,False,258.0
FA_SD50_R03_MA3_RT50,50.0,15.0,3,0.5,329,2025-10-10 15:54:00.068001,2025-10-10 15:55:00.597000,4572,1.01,6053009,6057580,LONG,3,4,-440.0,-456.0,5.25,-30.0,9.2,64.4,12.125,22.900000000000006,1.0,8.375,FAILURE,10.5,"2208,877",119,15,"-30.0,-60.0,-90.0",SUCCESS,20.63,True,
FA_SD50_R03_MA3_RT50,50.0,15.0,3,0.5,330,2025-10-10 15:55:00.597000,2025-10-10 15:55:28.167117,2970,0.46,6057580,6060549,SHORT,0,1,100.0,96.0,25.0,-8.0,8.225,30.400000000000002,11.0,28.300000000000026,1.0,7.75,SUCCESS,50.0,,120,15,,FAILURE,28.66,False,100.0
FA_SD50_R03_MA3_RT50,50.0,15.0,3,0.5,331,2025-10-10 15:55:28.167117,2025-10-10 15:55:51.211000,1805,0.38,6060549,6062353,LONG,0,1,100.0,96.0,25.0,-5.0,9.25,71.10000000000001,14.875,29.12500000000003,1.0,9.25,SUCCESS,50.0,,121,15,,SUCCESS,18.46,False,100.0
FA_SD50_R03_MA3_RT50,50.0,15.0,3,0.5,332,2025-10-10 15:55:51.211000,2025-10-10 15:56:50.471000,3448,0.99,6062353,6065800,SHORT,0,1,100.0,96.0,25.0,-5.5,8.8375,57.5,14.875,29.12500000000003,1.0,8.5,SUCCESS,50.0,,122,15,,SUCCESS,30.72,False,100.0
FA_SD50_R03_MA3_RT50,50.0,15.0,3,0.5,333,2025-10-10 15:56:50.471000,2025-10-10 15:57:18.544000,2094,0.47,6065800,6067893,LONG,0,1,100.0,96.0,25.0,-4.0,7.6,15.600000000000001,13.375,29.12500000000003,1.0,7.125,SUCCESS,50.0,,123,15,,SUCCESS,16.84,False,100.0
FA_SD50_R03_MA3_RT50,50.0,15.0,3,0.5,334,2025-10-10 15:57:18.544000,2025-10-10 15:59:13.714000,6813,1.92,6067893,6074705,SHORT,0,1,100.0,96.0,25.0,-1.25,8.3125,36.0,16.5,29.12500000000003,1.0,8.0,SUCCESS,50.0,,124,15,,SUCCESS,49.98,False,100.0
FA_SD50_R03_MA3_RT50,50.0,15.0,3,0.5,335,2025-10-10 15:59:13.714000,2025-10-10 16:02:30.650000,17029,3.28,6074705,6091733,LONG,0,1,100.0,96.0,25.0,-5.75,6.475,0.6000000000000001,14.625,29.12500000000003,1.0,6.25,SUCCESS,50.0,,125,15,,SUCCESS,111.62,False,100.0
FA_SD50_R03_MA3_RT50,50.0,15.0,3,0.5,337,2025-10-13 09:34:37.284000,2025-10-13 09:35:14.643000,2394,0.62,6121546,6123939,SHORT,0,1,100.0,94.0,25.0,-0.75,8.5375,61.400000000000006,22.75,32.7,1.0,8.25,SUCCESS,50.0,,1,9,,SESSION_START,22.68,False,98.0
FA_SD50_R03_MA3_RT50,50.0,15.0,3,0.5,338,2025-10-13 09:35:14.643000,2025-10-13 09:41:01.312001,16809,5.78,6123939,6140747,LONG,1,2,261.0,253.0,32.625,-17.625,8.0125,42.5,22.75,35.10000000000001,1.0,7.75,SUCCESS,50.0,,2,9,-30.5,SUCCESS,180.34,False,259.0
FA_SD50_R03_MA3_RT50,50.0,15.0,3,0.5,339,2025-10-13 09:41:01.312001,2025-10-13 09:41:31.127002,1507,0.5,6140747,6142253,SHORT,0,1,100.0,96.0,25.0,-0.75,9.5375,85.60000000000001,15.5,24.975,1.0,9.375,SUCCESS,50.0,,3,9,,SUCCESS,16.16,False,100.0
FA_SD50_R03_MA3_RT50,50.0,15.0,3,0.5,340,2025-10-13 09:41:31.127002,2025-10-13 09:42:47.013000,3218,1.26,6142253,6145470,LONG,1,2,260.0,252.0,32.5,-15.0,9.425,81.80000000000001,16.875,27.70000000000001,1.0,9.125,SUCCESS,50.0,,4,9,-30.0,SUCCESS,34.36,False,258.0
FA_SD50_R03_MA3_RT50,50.0,15.0,3,0.5,341,2025-10-13 09:42:47.013000,2025-10-13 09:47:51.198000,13439,5.07,6145470,6158908,SHORT,3,4,-440.0,-456.0,21.25,-30.0,9.0125,69.3,16.875,27.70000000000001,1.0,8.25,FAILURE,20.0,"1218,11271",5,9,"-30.0,-60.0,-90.0",SUCCESS,73.39,True,
FA_SD50_R03_MA3_RT50,50.0,15.0,3,0.5,342,2025-10-13 09:47:51.198000,2025-10-13 09:50:42.440000,5599,2.85,6158908,6164506,LONG,1,2,260.0,252.0,32.5,-15.0,9.7375,85.10000000000001,14.75,46.150000000000006,1.0,9.375,SUCCESS,50.0,,6,9,-30.0,FAILURE,61.24,False,258.0
FA_SD50_R03_MA3_RT50,50.0,15.0,3,0.5,343,2025-10-13 09:50:42.440000,2025-10-13 10:00:06.344000,16061,9.4,6164506,6180566,SHORT,3,4,-440.0,-456.0,24.75,-30.0,9.85,87.9,10.875,46.150000000000006,1.0,9.375,FAILURE,34.5,"7524,3511",7,9,"-30.0,-60.0,-90.0",SUCCESS,78.47,True,
FA_SD50_R03_MA3_RT50,50.0,15.0,3,0.5,344,2025-10-13 10:00:06.344000,2025-10-13 10:20:31.883035,31972,20.43,6180566,6212537,LONG,3,4,-440.0,-456.0,28.75,-30.0,6.25,10.600000000000001,12.625,32.22500000000001,1.0,5.75,FAILURE,27.5,"1133,25939",8,10,"-30.0,-60.0,-90.0",FAILURE,153.47,True,
FA_SD50_R03_MA3_RT50,50.0,15.0,3,0.5,345,2025-10-13 10:20:31.883035,2025-10-13 10:22:13.710000,3541,1.7,6212537,6216077,SHORT,0,1,101.0,97.0,25.25,-7.75,8.2125,43.7,13.75,27.950000000000003,1.0,7.125,SUCCESS,50.5,,9,10,,FAILURE,30.3465,False,101.0
FA_SD50_R03_MA3_RT50,50.0,15.0,3,0.5,346,2025-10-13 10:22:13.710000,2025-10-13 10:33:37.424082,19668,11.4,6216077,6235744,LONG,2,3,481.0,469.0,40.0833,-22.375,8.35,46.6,14.375,28.175000000000004,1.0,7.625,SUCCESS,50.0,919,10,10,"-30.5,-60.0",SUCCESS,207.02,False,477.0
FA_SD50_R03_MA3_RT50,50.0,15.0,3,0.5,347,2025-10-13 10:33:37.424082,2025-10-13 10:46:28.628000,15599,12.85,6235744,6251342,SHORT,2,3,480.0,468.0,40.0,-25.25,9.625,90.7,16.5,34.400000000000006,1.0,9.5,SUCCESS,50.0,3488,11,10,"-30.0,-60.0",SUCCESS,157.38,False,476.0
FA_SD50_R03_MA3_RT50,50.0,15.0,3,0.5,348,2025-10-13 10:46:28.628000,2025-10-13 10:52:12.235061,10792,5.73,6251342,6262133,LONG,3,4,-440.0,-456.0,23.5,-30.0,9.975,97.60000000000001,10.0,19.92500000000001,1.0,9.25,FAILURE,32.0,"6421,3092",12,10,"-30.0,-60.0,-90.0",SUCCESS,52.04,True,
FA_SD50_R03_MA3_RT50,50.0,15.0,3,0.5,349,2025-10-13 10:52:12.235061,2025-10-13 10:57:07.401003,8569,4.92,6262133,6270701,SHORT,1,2,260.0,252.0,32.5,-15.0,8.5875,42.7,10.75,31.100000000000005,1.0,8.0,SUCCESS,50.0,,13,10,-30.0,FAILURE,74.8,False,258.0
FA_SD50_R03_MA3_RT50,50.0,15.0,3,0.5,350,2025-10-13 10:57:07.401003,2025-10-13 11:01:00.816000,7277,3.89,6270701,6277977,LONG,0,1,100.0,96.0,25.0,-5.5,7.5375,19.3,14.375,31.100000000000005,1.0,6.875,SUCCESS,50.0,,14,10,,SUCCESS,62.2,False,100.0
FA_SD50_R03_MA3_RT50,50.0,15.0,3,0.5,351,2025-10-13 11:01:00.816000,2025-10-13 11:02:41.402001,2497,1.68,6277977,6280473,SHORT,0,1,100.0,96.0,25.0,-4.75,7.725,29.8,12.375,21.925000000000004,1.0,7.0,SUCCESS,50.0,,15,11,,SUCCESS,27.72,False,100.0
FA_SD50_R03_MA3_RT50,50.0,15.0,3,0.5,352,2025-10-13 11:02:41.402001,2025-10-13 11:05:37.683001,3345,2.94,6280473,6283817,LONG,0,1,100.0,96.0,25.0,-3.75,8.8,58.300000000000004,12.125,25.825000000000003,1.0,8.625,SUCCESS,50.0,,16,11,,SUCCESS,37.32,False,100.0
FA_SD50_R03_MA3_RT50,50.0,15.0,3,0.5,353,2025-10-13 11:05:37.683001,2025-10-13 11:11:27.511000,6708,5.83,6283817,6290524,SHORT,3,4,-440.0,-456.0,23.25,-30.0,9.525,91.10000000000001,11.125,22.07500000000001,1.0,8.875,FAILURE,46.5,"1982,696",17,11,"-30.0,-60.0,-90.0",SUCCESS,33.96,True,
FA_SD50_R03_MA3_RT50,50.0,15.0,3,0.5,354,2025-10-13 11:11:27.511000,2025-10-13 11:16:05.036000,4594,4.63,6290524,6295117,LONG,0,1,100.0,96.0,25.0,-7.25,7.375,18.2,10.625,24.775000000000006,1.0,7.125,SUCCESS,50.0,,18,11,,FAILURE,40.84,False,100.0
FA_SD50_R03_MA3_RT50,50.0,15.0,3,0.5,355,2025-10-13 11:16:05.036000,2025-10-13 11:58:20.626000,34455,42.26,6295117,6329571,SHORT,3,4,-438.0,-454.0,20.125,-29.8333,6.45,5.4,10.625,27.400000000000002,1.0,6.125,FAILURE,13.0,"2775,9687",19,11,"-31.0,-60.0,-90.0",SUCCESS,137.9,True,
FA_SD50_R03_MA3_RT50,50.0,15.0,3,0.5,356,2025-10-13 11:58:20.626000,2025-10-13 12:24:10.057046,21684,25.82,6329571,6351254,LONG,2,3,483.0,471.0,40.25,-22.875,6.9875,21.0,15.125,24.400000000000006,1.0,6.375,SUCCESS,50.0,16490,20,11,"-30.5,-61.0",FAILURE,179.14,False,479.0
FA_SD50_R03_MA3_RT50,50.0,15.0,3,0.5,357,2025-10-13 12:24:10.057046,2025-10-13 12:25:52.238005,2632,1.7,6351254,6353885,SHORT,0,1,100.0,96.0,25.0,-5.75,9.875,98.2,13.625,23.375000000000007,1.0,9.625,SUCCESS,50.0,,21,12,,SUCCESS,29.1,False,100.0
FA_SD50_R03_MA3_RT50,50.0,15.0,3,0.5,358,2025-10-13 12:25:52.238005,2025-10-13 12:33:38.625003,4436,7.77,6353885,6358320,LONG,0,1,100.0,96.0,25.0,-1.25,9.75,95.0,13.625,29.250000000000004,1.0,8.875,SUCCESS,50.0,,22,12,,SUCCESS,38.46,False,100.0
FA_SD50_R03_MA3_RT50,50.0,15.0,3,0.5,359,2025-10-13 12:33:38.625003,2025-10-13 12:38:41.347001,2973,5.05,6358320,6361292,SHORT,0,1,100.0,96.0,25.0,-3.25,7.5375,51.400000000000006,15.125,29.250000000000004,1.0,7.75,SUCCESS,50.0,,23,12,,SUCCESS,19.86,False,100.0
FA_SD50_R03_MA3_RT50,50.0,15.0,3,0.5,360,2025-10-13 12:38:41.347001,2025-10-13 12:49:49.150070,8904,11.13,6361292,6370195,LONG,0,1,100.0,96.0,25.0,-11.75,6.3875,12.5,15.125,29.250000000000004,1.0,6.625,SUCCESS,50.0,,24,12,,SUCCESS,61.98,False,100.0
FA_SD50_R03_MA3_RT50,50.0,15.0,3,0.5,361,2025-10-13 12:49:49.150070,2025-10-13 13:18:57.980004,22332,29.15,6370195,6392526,SHORT,2,3,480.0,468.0,40.0,-22.5,7.0625,40.800000000000004,15.125,31.925000000000004,1.0,6.5,SUCCESS,50.0,3202,25,12,"-30.0,-60.0",SUCCESS,158.64,False,476.0
FA_SD50_R03_MA3_RT50,50.0,15.0,3,0.5,362,2025-10-13 13:18:57.980004,2025-10-13 13:23:37.529000,3287,4.66,6392526,6395812,LONG,0,1,100.0,96.0,25.0,-7.0,7.05,54.2,9.875,17.92500000000001,1.0,6.625,SUCCESS,50.0,,26,13,,SUCCESS,27.42,False,100.0
FA_SD50_R03_MA3_RT50,50.0,15.0,3,0.5,363,2025-10-13 13:23:37.529000,2025-10-13 13:25:41.814002,1740,2.07,6395812,6397551,SHORT,0,1,101.0,97.0,25.25,-5.75,7.025,53.1,9.875,20.625000000000007,1.0,6.375,SUCCESS,50.5,,27,13,,SUCCESS,12.7822,False,101.0
FA_SD50_R03_MA3_RT50,50.0,15.0,3,0.5,364,2025-10-13 13:25:41.814002,2025-10-13 13:59:37.235000,18578,33.92,6397551,6416128,LONG,0,1,100.0,96.0,25.0,-10.75,7.125,59.800000000000004,11.625,27.275000000000013,1.0,7.125,SUCCESS,50.0,,28,13,,SUCCESS,134.56,False,100.0
FA_SD50_R03_MA3_RT50,50.0,15.0,3,0.5,365,2025-10-13 13:59:37.235000,2025-10-13 14:53:08.386000,29253,53.52,6416128,6445380,SHORT,2,3,480.0,468.0,40.0,-25.75,6.275,26.5,9.375,12.75000000000001,1.0,5.75,SUCCESS,50.0,3355,29,13,"-30.0,-60.0",SUCCESS,186.04,False,476.0
FA_SD50_R03_MA3_RT50,50.0,15.0,3,0.5,366,2025-10-13 14:53:08.386000,2025-10-13 15:17:09.745042,16101,24.02,6445380,6461480,LONG,1,2,260.0,252.0,32.5,-15.0,5.6875,27.3,10.625,17.97500000000001,1.0,5.625,SUCCESS,50.0,,30,14,-30.0,SUCCESS,110.98,False,258.0
FA_SD50_R03_MA3_RT50,50.0,15.0,3,0.5,367,2025-10-13 15:17:09.745042,2025-10-13 16:05:30.881000,49556,48.35,6461480,6511035,SHORT,1,2,261.0,253.0,32.625,-16.625,6.075,50.5,13.25,25.900000000000002,1.0,5.375,SUCCESS,50.0,,31,15,-30.5,SUCCESS,281.02,False,259.0
FA_SD50_R03_MA3_RT50,50.0,15.0,3,0.5,369,2025-10-14 09:31:23.409001,2025-10-14 09:34:10.485003,9090,2.78,6521673,6530762,SHORT,2,3,480.0,466.0,40.0,-23.75,10.45,95.80000000000001,9.875,27.100000000000012,1.0,10.25,SUCCESS,50.0,471,1,9,"-30.0,-60.0",SESSION_START,110.18,False,474.0
FA_SD50_R03_MA3_RT50,50.0,15.0,3,0.5,370,2025-10-14 09:34:10.485003,2025-10-14 09:36:40.372000,9221,2.5,6530762,6539982,LONG,3,4,-439.0,-455.0,12.25,-29.9167,9.425,87.60000000000001,13.375,30.250000000000007,1.0,9.375,FAILURE,24.5,"2772,3053",2,9,"-30.5,-60.0,-90.0",SUCCESS,43.99,True,
FA_SD50_R03_MA3_RT50,50.0,15.0,3,0.5,371,2025-10-14 09:36:40.372000,2025-10-14 09:37:16.597135,2476,0.6,6539982,6542457,SHORT,0,1,100.0,96.0,25.0,-7.0,7.225,81.80000000000001,13.625,30.125000000000007,1.0,6.75,SUCCESS,50.0,,3,9,,FAILURE,20.1,False,100.0
FA_SD50_R03_MA3_RT50,50.0,15.0,3,0.5,372,2025-10-14 09:37:16.597135,2025-10-14 09:39:12.648010,8165,1.93,6542457,6550621,LONG,1,2,260.0,252.0,32.5,-15.0,7.7125,85.4,13.5,28.10000000000001,1.0,6.625,SUCCESS,50.0,,4,9,-30.0,SUCCESS,76.12,False,258.0
FA_SD50_R03_MA3_RT50,50.0,15.0,3,0.5,373,2025-10-14 09:39:12.648010,2025-10-14 09:41:25.110000,9057,2.21,6550621,6559677,SHORT,1,2,262.0,254.0,32.75,-15.0,8.575,86.4,11.125,23.450000000000006,1.0,8.375,SUCCESS,50.5,,5,9,-30.0,SUCCESS,90.3465,False,260.0
FA_SD50_R03_MA3_RT50,50.0,15.0,3,0.5,374,2025-10-14 09:41:25.110000,2025-10-14 09:43:19.931013,7061,1.91,6559677,6566737,LONG,3,4,-440.0,-456.0,11.25,-30.0,9.45,87.60000000000001,12.125,26.825000000000003,1.0,8.25,FAILURE,22.5,"1176,2773",6,9,"-30.0,-60.0,-90.0",SUCCESS,36.11,True,
FA_SD50_R03_MA3_RT50,50.0,15.0,3,0.5,375,2025-10-14 09:43:19.931013,2025-10-14 09:46:23.527002,11708,3.06,6566737,6578444,SHORT,3,4,-443.0,-459.0,17.5,-29.9167,8.875,81.0,12.75,27.100000000000005,1.0,8.625,FAILURE,35.0,"503,2117",7,9,"-30.5,-60.0,-90.0",FAILURE,66.0249,True,
FA_SD50_R03_MA3_RT50,50.0,15.0,3,0.5,376,2025-10-14 09:46:23.527002,2025-10-14 09:52:25.990122,15149,6.04,6578444,6593592,LONG,2,3,481.0,469.0,40.0833,-22.375,8.425,68.2,13.25,32.60000000000001,1.0,7.5,SUCCESS,50.0,2688,8,9,"-30.5,-60.0",FAILURE,174.82,False,477.0
FA_SD50_R03_MA3_RT50,50.0,15.0,3,0.5,377,2025-10-14 09:52:25.990122,2025-10-14 09:55:13.058001,6703,2.78,6593592,6600294,SHORT,3,4,-443.0,-459.0,14.0,-29.9167,11.925,96.0,11.875,34.650000000000006,1.0,11.125,FAILURE,28.0,"1192,2846",9,9,"-30.0,-60.5,-90.0",SUCCESS,39.7861,True,
FA_SD50_R03_MA3_RT50,50.0,15.0,3,0.5,378,2025-10-14 09:55:13.058001,2025-10-14 10:01:18.550002,10532,6.09,6600294,6610825,LONG,1,2,260.0,252.0,32.5,-16.75,9.0,70.7,16.0,34.650000000000006,1.0,8.75,SUCCESS,50.0,,10,9,-30.0,FAILURE,131.42,False,258.0
FA_SD50_R03_MA3_RT50,50.0,15.0,3,0.5,379,2025-10-14 10:01:18.550002,2025-10-14 10:01:38.078002,520,0.33,6610825,6611344,SHORT,0,1,100.0,96.0,25.0,-0.25,9.8875,82.0,15.5,37.575,1.0,10.25,SUCCESS,50.0,,11,10,,SUCCESS,7.94,False,100.0
FA_SD50_R03_MA3_RT50,50.0,15.0,3,0.5,380,2025-10-14 10:01:38.078002,2025-10-14 10:04:20.509002,3185,2.71,6611344,6614528,LONG,0,1,100.0,96.0,25.0,-7.25,10.55,89.2,15.5,37.575,1.0,10.625,SUCCESS,50.0,,12,10,,SUCCESS,43.46,False,100.0
FA_SD50_R03_MA3_RT50,50.0,15.0,3,0.5,381,2025-10-14 10:04:20.509002,2025-10-14 10:20:19.327005,24299,15.98,6614528,6638826,SHORT,3,4,-440.0,-456.0,17.25,-30.0,11.025,90.60000000000001,15.5,37.575,1.0,11.25,FAILURE,19.5,"13729,5309",13,10,"-30.0,-60.0,-90.0",SUCCESS,130.77,True,
FA_SD50_R03_MA3_RT50,50.0,15.0,3,0.5,382,2025-10-14 10:20:19.327005,2025-10-14 10:21:13.342023,2341,0.9,6638826,6641166,LONG,0,1,100.0,96.0,25.0,-2.5,8.9,48.0,17.5,32.70000000000002,1.0,9.125,SUCCESS,50.0,,14,10,,FAILURE,20.74,False,100.0
FA_SD50_R03_MA3_RT50,50.0,15.0,3,0.5,383,2025-10-14 10:21:13.342023,2025-10-14 10:27:15.417017,9453,6.03,6641166,6650618,SHORT,3,4,-440.0,-456.0,14.75,-30.0,8.5375,30.200000000000003,16.625,30.175000000000004,1.0,8.75,FAILURE,29.5,"1028,4331",15,10,"-30.0,-60.0,-90.0",SUCCESS,43.83,True,
FA_SD50_R03_MA3_RT50,50.0,15.0,3,0.5,384,2025-10-14 10:27:15.417017,2025-10-14 10:46:07.626039,22549,18.87,6650618,6673166,LONG,2,3,481.0,469.0,40.0833,-22.75,7.1125,2.1,16.25,32.70000000000002,1.0,6.875,SUCCESS,50.0,935,16,10,"-30.0,-60.5",FAILURE,209.74,False,477.0
FA_SD50_R03_MA3_RT50,50.0,15.0,3,0.5,385,2025-10-14 10:46:07.626039,2025-10-14 10:47:49.360001,2337,1.7,6673166,6675502,SHORT,0,1,100.0,96.0,25.0,-4.75,9.15,68.8,9.375,21.8,1.0,9.375,SUCCESS,50.0,,17,10,,SUCCESS,19.18,False,100.0
FA_SD50_R03_MA3_RT50,50.0,15.0,3,0.5,386,2025-10-14 10:47:49.360001,2025-10-14 11:03:48.890000,21763,15.99,6675502,6697264,LONG,2,3,480.0,468.0,40.0,-28.75,8.0125,23.200000000000003,9.375,21.8,1.0,8.25,SUCCESS,50.0,7127,18,10,"-30.0,-60.0",SUCCESS,182.3,False,476.0
FA_SD50_R03_MA3_RT50,50.0,15.0,3,0.5,387,2025-10-14 11:03:48.890000,2025-10-14 11:09:42.829000,8099,5.9,6697264,6705362,SHORT,1,2,260.0,252.0,32.5,-22.0,7.8375,27.1,10.875,24.85000000000001,1.0,7.5,SUCCESS,50.0,,19,11,-30.0,SUCCESS,67.36,False,258.0
FA_SD50_R03_MA3_RT50,50.0,15.0,3,0.5,388,2025-10-14 11:09:42.829000,2025-10-14 11:35:48.818000,20794,26.1,6705362,6726155,LONG,1,2,262.0,254.0,32.75,-22.25,7.8,31.700000000000003,11.875,30.425000000000004,1.0,7.25,SUCCESS,50.5,,20,11,-30.0,SUCCESS,210.0099,False,260.0
FA_SD50_R03_MA3_RT50,50.0,15.0,3,0.5,389,2025-10-14 11:35:48.818000,2025-10-14 11:39:22.097013,6743,3.55,6726155,6732897,SHORT,1,2,260.0,252.0,32.5,-19.5,9.2875,82.5,13.625,26.05,1.0,8.375,SUCCESS,50.0,,21,11,-30.0,SUCCESS,70.22,False,258.0
FA_SD50_R03_MA3_RT50,50.0,15.0,3,0.5,390,2025-10-14 11:39:22.097013,2025-10-14 11:41:28.711014,5020,2.11,6732897,6737916,LONG,0,1,100.0,96.0,25.0,-14.25,11.1625,98.0,13.625,33.575,1.0,9.75,SUCCESS,50.0,,22,11,,SUCCESS,71.32,False,100.0
FA_SD50_R03_MA3_RT50,50.0,15.0,3,0.5,391,2025-10-14 11:41:28.711014,2025-10-14 11:44:20.840146,4360,2.87,6737916,6742275,SHORT,3,4,-440.0,-456.0,12.5,-30.0,13.1,97.2,9.5,25.625000000000014,1.0,11.875,FAILURE,25.0,"1369,411",23,11,"-30.0,-60.0,-90.0",SUCCESS,25.34,True,
FA_SD50_R03_MA3_RT50,50.0,15.0,3,0.5,392,2025-10-14 11:44:20.840146,2025-10-14 11:51:32.467002,7811,7.19,6742275,6750085,LONG,1,2,260.0,252.0,32.5,-15.0,10.3375,91.80000000000001,8.625,30.125000000000007,1.0,10.0,SUCCESS,50.0,,24,11,-30.0,FAILURE,79.06,False,258.0
FA_SD50_R03_MA3_RT50,50.0,15.0,3,0.5,393,2025-10-14 11:51:32.467002,2025-10-14 12:04:29.514000,12634,12.95,6750085,6762718,SHORT,1,2,260.0,252.0,32.5,-17.5,7.625,27.200000000000003,8.625,25.250000000000007,1.0,7.375,SUCCESS,50.0,,25,11,-30.0,SUCCESS,114.02,False,258.0
FA_SD50_R03_MA3_RT50,50.0,15.0,3,0.5,394,2025-10-14 12:04:29.514000,2025-10-14 12:18:38.199000,12312,14.14,6762718,6775029,LONG,1,2,260.0,252.0,32.5,-19.75,7.1625,21.700000000000003,11.125,31.20000000000002,1.0,6.625,SUCCESS,50.0,,26,12,-30.0,SUCCESS,106.58,False,258.0
FA_SD50_R03_MA3_RT50,50.0,15.0,3,0.5,395,2025-10-14 12:18:38.199000,2025-10-14 12:20:59.365003,4257,2.35,6775029,6779285,SHORT,3,4,-437.0,-453.0,5.0,-30.0833,7.6,41.400000000000006,12.375,26.925000000000004,1.0,7.625,FAILURE,10.0,"1414,950",27,12,"-31.0,-60.0,-90.5",SUCCESS,17.39,True,
FA_SD50_R03_MA3_RT50,50.0,15.0,3,0.5,396,2025-10-14 12:20:59.365003,2025-10-14 12:34:27.654003,15953,13.47,6779285,6795237,LONG,1,2,260.0,252.0,32.5,-19.25,7.4625,35.4,13.25,26.925000000000004,1.0,7.25,SUCCESS,50.0,,28,12,-30.0,FAILURE,146.86,False,258.0
FA_SD50_R03_MA3_RT50,50.0,15.0,3,0.5,397,2025-10-14 12:34:27.654003,2025-10-14 12:51:33.091008,18757,17.09,6795237,6813993,SHORT,3,4,-440.0,-456.0,14.0,-30.0,6.3,2.8000000000000003,14.125,28.65000000000001,1.0,6.125,FAILURE,18.5,"8651,2378",29,12,"-30.0,-60.0,-90.0",SUCCESS,59.91,True,
FA_SD50_R03_MA3_RT50,50.0,15.0,3,0.5,398,2025-10-14 12:51:33.091008,2025-10-14 13:00:00.038002,10379,8.45,6813993,6824371,LONG,3,4,-440.0,-456.0,8.25,-30.0,5.5,6.0,14.375,25.300000000000004,1.0,5.25,FAILURE,16.5,"1809,1330",30,12,"-30.0,-60.0,-90.0",FAILURE,33.61,True,
FA_SD50_R03_MA3_RT50,50.0,15.0,3,0.5,399,2025-10-14 13:00:00.038002,2025-10-14 13:01:54.935002,2844,1.91,6824371,6827214,SHORT,0,1,100.0,96.0,25.0,-4.25,5.825,12.3,13.75,25.550000000000008,1.0,5.625,SUCCESS,50.0,,31,13,,FAILURE,22.92,False,100.0
FA_SD50_R03_MA3_RT50,50.0,15.0,3,0.5,400,2025-10-14 13:01:54.935002,2025-10-14 13:04:30.553000,2620,2.59,6827214,6829833,LONG,0,1,100.0,96.0,25.0,-6.25,6.975,39.2,14.625,30.5,1.0,7.0,SUCCESS,50.0,,32,13,,SUCCESS,22.96,False,100.0
FA_SD50_R03_MA3_RT50,50.0,15.0,3,0.5,401,2025-10-14 13:04:30.553000,2025-10-14 15:37:05.599009,86114,152.58,6829833,6915946,SHORT,3,4,760.0,744.0,47.5,-30.0,6.85,36.2,14.625,30.5,1.0,7.0,SUCCESS,50.0,"3483,10322",33,13,"-30.0,-60.0,-90.0",SUCCESS,679.12,True,754.0
FA_SD50_R03_MA3_RT50,50.0,15.0,3,0.5,402,2025-10-14 15:37:05.599009,2025-10-14 15:37:32.766002,5398,0.45,6915946,6921343,LONG,3,4,-437.0,-453.0,9.9375,-30.4167,6.575,40.300000000000004,10.75,21.625,1.0,6.375,FAILURE,0.0,"1129,641",34,15,"-30.0,-60.5,-91.0",SUCCESS,35.93,True,
FA_SD50_R03_MA3_RT50,50.0,15.0,3,0.5,403,2025-10-14 15:37:32.766002,2025-10-14 15:37:42.613000,1192,0.16,6921343,6922534,SHORT,0,1,100.0,96.0,25.0,0.0,12.075,99.2,14.0,23.275000000000006,1.0,11.625,SUCCESS,50.0,,35,15,,FAILURE,16.6,False,100.0
FA_SD50_R03_MA3_RT50,50.0,15.0,3,0.5,404,2025-10-14 15:37:42.613000,2025-10-14 15:39:02.307001,6344,1.33,6922534,6928877,LONG,1,2,262.0,254.0,32.75,-19.0,12.95,100.0,14.875,30.00000000000003,1.0,12.625,SUCCESS,50.0,,36,15,-31.0,SUCCESS,102.02,False,260.0
FA_SD50_R03_MA3_RT50,50.0,15.0,3,0.5,405,2025-10-14 15:39:02.307001,2025-10-14 15:41:09.091000,6471,2.11,6928877,6935347,SHORT,1,2,268.0,260.0,33.5,-15.0,14.5125,100.0,15.25,36.30000000000002,1.0,14.125,SUCCESS,52.0,,37,15,-30.0,SUCCESS,84.9038,False,266.0
FA_SD50_R03_MA3_RT50,50.0,15.0,3,0.5,406,2025-10-14 15:41:09.091000,2025-10-14 15:43:39.179000,5668,2.5,6935347,6941014,LONG,3,4,-438.0,-454.0,6.4167,-29.8333,12.0125,88.2,12.0,25.8,1.0,12.375,FAILURE,10.0,"512,3941",38,15,"-31.0,-60.0,-90.0",SUCCESS,35.97,True,
FA_SD50_R03_MA3_RT50,50.0,15.0,3,0.5,407,2025-10-14 15:43:39.179000,2025-10-14 15:44:15.605007,1588,0.61,6941014,6942601,SHORT,0,1,100.0,96.0,25.0,-10.5,10.7875,84.0,10.25,26.550000000000004,1.0,10.625,SUCCESS,50.0,,39,15,,FAILURE,18.62,False,100.0
FA_SD50_R03_MA3_RT50,50.0,15.0,3,0.5,408,2025-10-14 15:44:15.605007,2025-10-14 15:46:25.556012,6526,2.17,6942601,6949126,LONG,1,2,261.0,253.0,32.625,-19.875,10.9125,84.0,10.25,26.550000000000004,1.0,10.375,SUCCESS,50.0,,40,15,-30.5,SUCCESS,72.88,False,259.0
FA_SD50_R03_MA3_RT50,50.0,15.0,3,0.5,409,2025-10-14 15:46:25.556012,2025-10-14 15:47:19.058001,2269,0.89,6949126,6951394,SHORT,0,1,100.0,96.0,25.0,-14.25,10.3625,78.2,14.625,31.800000000000022,1.0,9.5,SUCCESS,50.0,,41,15,,SUCCESS,25.94,False,100.0
FA_SD50_R03_MA3_RT50,50.0,15.0,3,0.5,410,2025-10-14 15:47:19.058001,2025-10-14 15:49:42.816002,3386,2.4,6951394,6954779,LONG,0,1,100.0,96.0,25.0,-9.25,10.075,74.4,14.625,31.800000000000022,1.0,10.0,SUCCESS,50.0,,42,15,,SUCCESS,42.68,False,100.0
FA_SD50_R03_MA3_RT50,50.0,15.0,3,0.5,411,2025-10-14 15:49:42.816002,2025-10-14 15:50:57.794000,3557,1.25,6954779,6958335,SHORT,1,2,260.0,252.0,32.5,-16.0,10.775,80.5,18.875,43.275000000000006,1.0,11.0,SUCCESS,50.0,,43,15,-30.0,SUCCESS,45.66,False,258.0
FA_SD50_R03_MA3_RT50,50.0,15.0,3,0.5,412,2025-10-14 15:50:57.794000,2025-10-14 15:51:44.820000,1014,0.78,6958335,6959348,LONG,0,1,102.0,98.0,25.5,-6.25,11.2375,83.80000000000001,19.0,43.275000000000006,1.0,10.375,SUCCESS,51.0,,44,15,,SUCCESS,13.8627,False,102.0
FA_SD50_R03_MA3_RT50,50.0,15.0,3,0.5,413,2025-10-14 15:51:44.820000,2025-10-14 16:00:33.004001,24006,8.8,6959348,6983353,SHORT,3,4,-440.0,-456.0,23.0,-30.0,11.8875,87.60000000000001,19.0,43.275000000000006,1.0,11.125,FAILURE,16.0,"1137,21730",45,15,"-30.0,-60.0,-90.0",SUCCESS,102.26,True,
FA_SD50_R03_MA3_RT50,50.0,15.0,3,0.5,414,2025-10-14 16:00:33.004001,2025-10-14 16:07:09.970000,5660,6.62,6983353,6989012,LONG,3,4,-440.0,-456.0,1.0,-30.0,6.1125,13.5,11.875,36.650000000000006,1.0,5.875,FAILURE,2.0,"2801,1978",46,16,"-30.0,-60.0,-90.0",FAILURE,22.74,True,
FA_SD50_R03_MA3_RT50,50.0,15.0,3,0.5,415,2025-10-14 16:07:09.970000,2025-10-14 16:08:19.413000,1185,1.16,6989012,6990196,SHORT,0,1,100.0,96.0,25.0,-1.75,7.875,57.400000000000006,10.0,24.850000000000016,1.0,7.875,SUCCESS,50.0,,47,16,,FAILURE,10.28,False,100.0
FA_SD50_R03_MA3_RT50,50.0,15.0,3,0.5,417,2025-10-15 09:34:42.429079,2025-10-15 09:39:37.015042,10950,4.91,7007160,7018109,SHORT,2,3,480.0,466.0,40.0,-27.0,9.175,54.800000000000004,11.625,21.47500000000001,1.0,8.625,SUCCESS,50.0,1490,1,9,"-30.0,-60.0",SESSION_START,113.5,False,474.0
FA_SD50_R03_MA3_RT50,50.0,15.0,3,0.5,418,2025-10-15 09:39:37.015042,2025-10-15 09:40:29.228002,2144,0.87,7018109,7020252,LONG,0,1,100.0,96.0,25.0,-0.75,8.925,46.800000000000004,15.75,24.175000000000004,1.0,8.625,SUCCESS,50.0,,2,9,,SUCCESS,22.02,False,100.0
FA_SD50_R03_MA3_RT50,50.0,15.0,3,0.5,419,2025-10-15 09:40:29.228002,2025-10-15 09:44:11.039021,7655,3.7,7020252,7027906,SHORT,1,2,260.0,252.0,32.5,-15.0,8.025,33.0,15.75,24.175000000000004,1.0,8.0,SUCCESS,50.0,,3,9,-30.0,SUCCESS,73.46,False,258.0
FA_SD50_R03_MA3_RT50,50.0,15.0,3,0.5,420,2025-10-15 09:44:11.039021,2025-10-15 09:45:04.054001,2436,0.88,7027906,7030341,LONG,0,1,100.0,96.0,25.0,-7.0,8.5125,38.800000000000004,13.5,23.075000000000003,1.0,7.75,SUCCESS,50.0,,4,9,,SUCCESS,22.62,False,100.0
FA_SD50_R03_MA3_RT50,50.0,15.0,3,0.5,421,2025-10-15 09:45:04.054001,2025-10-15 09:47:52.067000,7059,2.8,7030341,7037399,SHORT,2,3,480.0,468.0,40.0,-22.5,8.55,39.1,14.625,25.15000000000002,1.0,7.625,SUCCESS,50.0,937,5,9,"-30.0,-60.0",SUCCESS,83.2,False,476.0
FA_SD50_R03_MA3_RT50,50.0,15.0,3,0.5,422,2025-10-15 09:47:52.067000,2025-10-15 09:51:30.716002,10266,3.64,7037399,7047664,LONG,2,3,480.0,468.0,40.0,-22.5,10.15,58.7,14.125,45.80000000000001,1.0,9.125,SUCCESS,50.0,2247,6,9,"-30.0,-60.0",SUCCESS,105.36,False,476.0
FA_SD50_R03_MA3_RT50,50.0,15.0,3,0.5,423,2025-10-15 09:51:30.716002,2025-10-15 09:55:45.900022,7645,4.25,7047664,7055308,SHORT,3,4,-440.0,-456.0,5.0,-30.0,9.275,46.900000000000006,14.75,45.80000000000001,1.0,8.75,FAILURE,1.0,"2456,3678",7,9,"-30.0,-60.0,-90.0",SUCCESS,38.54,True,
FA_SD50_R03_MA3_RT50,50.0,15.0,3,0.5,424,2025-10-15 09:55:45.900022,2025-10-15 10:00:08.839004,8574,4.38,7055308,7063881,LONG,0,1,100.0,96.0,25.0,-7.5,7.9,21.400000000000002,14.75,41.2,1.0,8.125,SUCCESS,50.0,,8,9,,FAILURE,77.9,False,100.0
FA_SD50_R03_MA3_RT50,50.0,15.0,3,0.5,425,2025-10-15 10:00:08.839004,2025-10-15 10:07:23.639000,11649,7.25,7063881,7075529,SHORT,3,4,-440.0,-456.0,8.0,-30.0,7.1,16.2,14.875,31.35,1.0,6.875,FAILURE,16.0,"3280,1915",9,10,"-30.0,-60.0,-90.0",SUCCESS,45.47,True,
FA_SD50_R03_MA3_RT50,50.0,15.0,3,0.5,426,2025-10-15 10:07:23.639000,2025-10-15 10:10:06.000000,5759,2.71,7075529,7081287,LONG,0,1,100.0,96.0,25.0,-0.25,5.3,4.4,15.875,31.35,1.0,5.25,SUCCESS,50.0,,10,10,,FAILURE,36.04,False,100.0
FA_SD50_R03_MA3_RT50,50.0,15.0,3,0.5,427,2025-10-15 10:10:06.000000,2025-10-15 10:12:18.189000,4526,2.2,7081287,7085812,SHORT,0,1,100.0,96.0,25.0,-8.0,4.45,0.2,12.875,23.150000000000013,1.0,4.0,SUCCESS,50.0,,11,10,,SUCCESS,32.82,False,100.0
FA_SD50_R03_MA3_RT50,50.0,15.0,3,0.5,428,2025-10-15 10:12:18.189000,2025-10-15 10:16:39.160011,5515,4.35,7085812,7091326,LONG,0,1,100.0,96.0,25.0,-7.25,6.1125,18.1,14.5,27.200000000000006,1.0,6.125,SUCCESS,50.0,,12,10,,SUCCESS,43.66,False,100.0
FA_SD50_R03_MA3_RT50,50.0,15.0,3,0.5,429,2025-10-15 10:16:39.160011,2025-10-15 10:18:36.909000,2093,1.96,7091326,7093418,SHORT,0,1,101.0,97.0,25.25,0.0,6.9125,33.1,14.125,26.85,1.0,7.125,SUCCESS,50.5,,13,10,,SUCCESS,16.4851,False,101.0
FA_SD50_R03_MA3_RT50,50.0,15.0,3,0.5,430,2025-10-15 10:18:36.909000,2025-10-15 10:23:24.288000,5105,4.79,7093418,7098522,LONG,0,1,101.0,97.0,25.25,-4.5,7.25,41.2,14.875,26.85,1.0,7.25,SUCCESS,50.5,,14,10,,SUCCESS,41.099,False,101.0
FA_SD50_R03_MA3_RT50,50.0,15.0,3,0.5,431,2025-10-15 10:23:24.288000,2025-10-15 10:51:04.486089,27229,27.67,7098522,7125750,SHORT,0,1,100.0,96.0,25.0,-12.5,7.3,40.800000000000004,13.0,23.150000000000006,1.0,6.625,SUCCESS,50.0,,15,10,,SUCCESS,214.32,False,100.0
FA_SD50_R03_MA3_RT50,50.0,15.0,3,0.5,432,2025-10-15 10:51:04.486089,2025-10-15 10:58:57.984008,5730,7.89,7125750,7131479,LONG,0,1,100.0,96.0,25.0,-2.5,7.0875,39.800000000000004,14.0,19.525000000000006,1.0,6.875,SUCCESS,50.0,,16,10,,SUCCESS,51.28,False,100.0
FA_SD50_R03_MA3_RT50,50.0,15.0,3,0.5,433,2025-10-15 10:58:57.984008,2025-10-15 11:11:45.473000,10654,12.79,7131479,7142132,SHORT,0,1,101.0,97.0,25.25,-10.5,8.175,71.4,11.625,19.525000000000006,1.0,8.125,SUCCESS,50.5,,17,10,,SUCCESS,89.5347,False,101.0
FA_SD50_R03_MA3_RT50,50.0,15.0,3,0.5,434,2025-10-15 11:11:45.473000,2025-10-15 11:33:12.298006,20886,21.45,7142132,7163017,LONG,3,4,-440.0,-456.0,15.5,-30.0,7.3875,55.400000000000006,9.75,19.625000000000007,1.0,7.0,FAILURE,16.0,"15623,3573",18,11,"-30.0,-60.0,-90.0",SUCCESS,86.57,True,
FA_SD50_R03_MA3_RT50,50.0,15.0,3,0.5,435,2025-10-15 11:33:12.298006,2025-10-15 11:34:32.961000,2534,1.34,7163017,7165550,SHORT,0,1,100.0,96.0,25.0,-9.25,7.6375,79.7,11.0,23.250000000000007,1.0,7.75,SUCCESS,50.0,,19,11,,FAILURE,20.32,False,100.0
FA_SD50_R03_MA3_RT50,50.0,15.0,3,0.5,436,2025-10-15 11:34:32.961000,2025-10-15 11:41:29.961000,16837,6.95,7165550,7182386,LONG,3,4,-440.0,-456.0,19.0,-30.0,7.2875,61.6,11.0,27.775,1.0,7.0,FAILURE,29.0,"3043,10776",20,11,"-30.0,-60.0,-90.0",SUCCESS,70.23,True,
FA_SD50_R03_MA3_RT50,50.0,15.0,3,0.5,437,2025-10-15 11:41:29.961000,2025-10-15 11:48:39.066001,12244,7.15,7182386,7194629,SHORT,1,2,260.0,252.0,32.5,-15.0,7.4375,82.5,9.625,30.450000000000006,1.0,7.25,SUCCESS,50.0,,21,11,-30.0,FAILURE,106.48,False,258.0
FA_SD50_R03_MA3_RT50,50.0,15.0,3,0.5,438,2025-10-15 11:48:39.066001,2025-10-15 11:51:07.338000,5740,2.47,7194629,7200368,LONG,3,4,-439.0,-455.0,10.5,-29.9167,9.3,100.0,11.625,27.30000000000001,1.0,9.25,FAILURE,21.0,"921,1436",22,11,"-30.0,-60.5,-90.0",SUCCESS,25.44,True,
FA_SD50_R03_MA3_RT50,50.0,15.0,3,0.5,439,2025-10-15 11:51:07.338000,2025-10-15 11:55:14.154000,7298,4.11,7200368,7207665,SHORT,3,4,-437.0,-453.0,8.9167,-30.0833,7.6625,83.4,11.625,34.7,1.0,7.0,FAILURE,0.0,"2460,4345",23,11,"-31.0,-60.0,-90.5",FAILURE,35.28,True,
FA_SD50_R03_MA3_RT50,50.0,15.0,3,0.5,440,2025-10-15 11:55:14.154000,2025-10-15 12:00:53.327005,8533,5.65,7207665,7216197,LONG,0,1,100.0,96.0,25.0,-5.0,8.6,95.2,10.875,34.5,1.0,8.375,SUCCESS,50.0,,24,11,,FAILURE,82.52,False,100.0
FA_SD50_R03_MA3_RT50,50.0,15.0,3,0.5,441,2025-10-15 12:00:53.327005,2025-10-15 12:05:58.382005,6713,5.08,7216197,7222909,SHORT,1,2,260.0,252.0,32.5,-15.0,8.3125,91.30000000000001,10.375,25.725000000000016,1.0,8.25,SUCCESS,50.0,,25,12,-30.0,SUCCESS,68.42,False,258.0
FA_SD50_R03_MA3_RT50,50.0,15.0,3,0.5,442,2025-10-15 12:05:58.382005,2025-10-15 12:07:28.089000,1865,1.5,7222909,7224773,LONG,0,1,102.0,98.0,25.5,-3.25,8.4625,91.2,13.5,31.575000000000003,1.0,7.25,SUCCESS,51.0,,26,12,,SUCCESS,19.9216,False,102.0
FA_SD50_R03_MA3_RT50,50.0,15.0,3,0.5,443,2025-10-15 12:07:28.089000,2025-10-15 12:17:27.700000,9706,9.99,7224773,7234478,SHORT,1,2,262.0,254.0,32.75,-20.25,9.65,99.4,13.5,31.575000000000003,1.0,9.125,SUCCESS,50.5,,27,12,-30.0,SUCCESS,100.1287,False,260.0
FA_SD50_R03_MA3_RT50,50.0,15.0,3,0.5,444,2025-10-15 12:17:27.700000,2025-10-15 12:20:19.654000,2781,2.87,7234478,7237258,LONG,0,1,100.0,96.0,25.0,-2.0,9.225,95.80000000000001,13.375,31.95000000000001,1.0,9.5,SUCCESS,50.0,,28,12,,SUCCESS,29.0,False,100.0
FA_SD50_R03_MA3_RT50,50.0,15.0,3,0.5,445,2025-10-15 12:20:19.654000,2025-10-15 12:45:15.884000,19562,24.94,7237258,7256819,SHORT,2,3,483.0,471.0,40.25,-24.75,9.4125,97.60000000000001,14.0,31.95000000000001,1.0,9.25,SUCCESS,50.5,992,29,12,"-30.0,-60.0",SUCCESS,199.3366,False,479.0
FA_SD50_R03_MA3_RT50,50.0,15.0,3,0.5,446,2025-10-15 12:45:15.884000,2025-10-15 13:00:09.360009,13161,14.89,7256819,7269979,LONG,3,4,-440.0,-456.0,16.25,-30.0,9.4875,96.4,15.75,34.2,1.0,9.75,FAILURE,17.5,"6412,5371",30,12,"-30.0,-60.0,-90.0",SUCCESS,62.52,True,
FA_SD50_R03_MA3_RT50,50.0,15.0,3,0.5,447,2025-10-15 13:00:09.360009,2025-10-15 13:00:36.661004,1558,0.46,7269979,7271536,SHORT,0,1,100.0,96.0,25.0,-6.5,9.1,84.4,17.375,27.97500000000001,1.0,9.0,SUCCESS,50.0,,31,13,,FAILURE,18.54,False,100.0
FA_SD50_R03_MA3_RT50,50.0,15.0,3,0.5,448,2025-10-15 13:00:36.661004,2025-10-15 13:08:15.524001,11980,7.65,7271536,7283515,LONG,3,4,-440.0,-456.0,13.0,-30.0,9.8,99.2,19.75,32.400000000000006,1.0,10.0,FAILURE,11.0,"7202,3637",32,13,"-30.0,-60.0,-90.0",SUCCESS,63.38,True,
FA_SD50_R03_MA3_RT50,50.0,15.0,3,0.5,449,2025-10-15 13:08:15.524001,2025-10-15 13:09:15.864000,2259,1.01,7283515,7285773,SHORT,0,1,100.0,96.0,25.0,-11.75,8.975,70.4,14.5,33.525000000000006,1.0,8.875,SUCCESS,50.0,,33,13,,FAILURE,20.94,False,100.0
FA_SD50_R03_MA3_RT50,50.0,15.0,3,0.5,450,2025-10-15 13:09:15.864000,2025-10-15 13:11:30.732018,5442,2.25,7285773,7291214,LONG,3,4,-440.0,-456.0,18.0,-30.0,8.625,59.0,14.5,33.525000000000006,1.0,8.75,FAILURE,36.0,"710,1320",34,13,"-30.0,-60.0,-90.0",SUCCESS,26.62,True,
FA_SD50_R03_MA3_RT50,50.0,15.0,3,0.5,451,2025-10-15 13:11:30.732018,2025-10-15 13:14:51.757000,7589,3.35,7291214,7298802,SHORT,1,2,260.0,252.0,32.5,-17.5,8.7125,62.1,13.625,37.000000000000014,1.0,8.0,SUCCESS,50.0,,35,13,-30.0,FAILURE,84.68,False,258.0
FA_SD50_R03_MA3_RT50,50.0,15.0,3,0.5,452,2025-10-15 13:14:51.757000,2025-10-15 13:17:10.424003,8141,2.31,7298802,7306942,LONG,2,3,482.0,470.0,40.1667,-23.8333,10.45,99.80000000000001,15.375,33.375,1.0,10.0,SUCCESS,50.0,1525,36,13,"-30.5,-60.5",SUCCESS,89.46,False,478.0
FA_SD50_R03_MA3_RT50,50.0,15.0,3,0.5,453,2025-10-15 13:17:10.424003,2025-10-15 13:25:03.587003,14962,7.89,7306942,7321903,SHORT,3,4,-440.0,-456.0,28.5,-30.0,9.9625,95.80000000000001,17.75,35.85000000000002,1.0,9.75,FAILURE,42.0,"8280,5586",37,13,"-30.0,-60.0,-90.0",SUCCESS,87.3,True,
FA_SD50_R03_MA3_RT50,50.0,15.0,3,0.5,454,2025-10-15 13:25:03.587003,2025-10-15 13:35:32.344003,12273,10.48,7321903,7334175,LONG,2,3,480.0,468.0,40.0,-27.75,10.325,98.60000000000001,20.0,44.62500000000001,1.0,10.125,SUCCESS,50.0,348,38,13,"-30.0,-60.0",FAILURE,151.3,False,476.0
FA_SD50_R03_MA3_RT50,50.0,15.0,3,0.5,455,2025-10-15 13:35:32.344003,2025-10-15 13:45:26.723000,10815,9.91,7334175,7344989,SHORT,3,4,-444.0,-460.0,7.25,-30.0,11.025,94.4,16.75,38.900000000000006,1.0,11.5,FAILURE,4.0,"6295,3153",39,13,"-30.0,-60.0,-90.0",SUCCESS,55.1493,True,
FA_SD50_R03_MA3_RT50,50.0,15.0,3,0.5,456,2025-10-15 13:45:26.723000,2025-10-15 13:48:14.626050,3390,2.8,7344989,7348378,LONG,0,1,100.0,96.0,25.0,-8.25,8.5625,20.6,12.75,27.875000000000014,1.0,8.75,SUCCESS,50.0,,40,13,,FAILURE,30.56,False,100.0
FA_SD50_R03_MA3_RT50,50.0,15.0,3,0.5,457,2025-10-15 13:48:14.626050,2025-10-15 14:38:32.046005,42641,50.29,7348378,7391018,SHORT,3,4,-440.0,-456.0,33.5,-30.0,8.475,17.2,13.75,38.025,1.0,8.75,FAILURE,37.0,"9816,19518",41,13,"-30.0,-60.0,-90.0",SUCCESS,197.48,True,
FA_SD50_R03_MA3_RT50,50.0,15.0,3,0.5,458,2025-10-15 14:38:32.046005,2025-10-15 14:56:37.490014,11302,18.09,7391018,7402319,LONG,0,1,100.0,96.0,25.0,-14.25,8.0625,13.0,9.375,19.250000000000004,1.0,7.875,SUCCESS,50.0,,42,14,,FAILURE,86.1,False,100.0
FA_SD50_R03_MA3_RT50,50.0,15.0,3,0.5,459,2025-10-15 14:56:37.490014,2025-10-15 15:05:28.234000,5457,8.85,7402319,7407775,SHORT,0,1,101.0,97.0,25.25,-6.5,7.275,11.8,11.875,24.700000000000006,1.0,7.375,SUCCESS,50.5,,43,14,,SUCCESS,41.8713,False,101.0
FA_SD50_R03_MA3_RT50,50.0,15.0,3,0.5,460,2025-10-15 15:05:28.234000,2025-10-15 15:22:01.625000,10835,16.56,7407775,7418609,LONG,1,2,260.0,252.0,32.5,-16.0,6.2875,0.2,10.5,24.700000000000006,1.0,6.125,SUCCESS,50.0,,44,15,-30.0,SUCCESS,82.54,False,258.0
FA_SD50_R03_MA3_RT50,50.0,15.0,3,0.5,461,2025-10-15 15:22:01.625000,2025-10-15 15:35:15.305000,6364,13.23,7418609,7424972,SHORT,0,1,100.0,96.0,25.0,-3.5,7.375,25.8,10.875,24.750000000000007,1.0,7.125,SUCCESS,50.0,,45,15,,SUCCESS,49.12,False,100.0
FA_SD50_R03_MA3_RT50,50.0,15.0,3,0.5,462,2025-10-15 15:35:15.305000,2025-10-15 15:40:16.983000,5804,5.03,7424972,7430775,LONG,3,4,-437.0,-453.0,1.25,-30.0833,6.3625,1.8,11.5,20.875000000000007,1.0,6.25,FAILURE,2.5,"1587,3144",46,15,"-30.5,-60.5,-90.5",SUCCESS,22.89,True,
FA_SD50_R03_MA3_RT50,50.0,15.0,3,0.5,463,2025-10-15 15:40:16.983000,2025-10-15 15:55:29.008000,15938,15.2,7430775,7446712,SHORT,2,3,483.0,471.0,40.25,-22.5,6.925,21.400000000000002,11.875,25.55000000000002,1.0,6.0,SUCCESS,50.5,2314,47,15,"-30.0,-60.0",FAILURE,132.6436,False,479.0
FA_SD50_R03_MA3_RT50,50.0,15.0,3,0.5,464,2025-10-15 15:55:29.008000,2025-10-15 15:56:42.508000,1928,1.23,7446712,7448639,LONG,0,1,100.0,96.0,25.0,-7.0,6.775,16.2,11.75,24.775000000000006,1.0,6.75,SUCCESS,50.0,,48,15,,SUCCESS,14.86,False,100.0
FA_SD50_R03_MA3_RT50,50.0,15.0,3,0.5,465,2025-10-15 15:56:42.508000,2025-10-15 15:59:50.297000,8278,3.13,7448639,7456916,SHORT,3,4,-440.0,-456.0,2.5,-30.0,6.925,26.700000000000003,11.75,24.775000000000006,1.0,7.125,FAILURE,5.0,"1860,2419",49,15,"-30.0,-60.0,-90.0",SUCCESS,25.27,True,
FA_SD50_R03_MA3_RT50,50.0,15.0,3,0.5,466,2025-10-15 15:59:50.297000,2025-10-15 16:01:17.332000,6618,1.45,7456916,7463533,LONG,0,1,100.0,96.0,25.0,-5.75,5.325,1.8,11.0,28.42500000000002,1.0,5.75,SUCCESS,50.0,,50,15,,FAILURE,33.1,False,100.0
FA_SD50_R03_MA3_RT50,50.0,15.0,3,0.5,468,2025-10-16 09:31:48.700003,2025-10-16 09:40:29.131017,18350,8.67,7477746,7496095,LONG,3,4,-440.0,-458.0,11.25,-30.0,7.5,67.8,16.0,39.125,1.0,7.5,FAILURE,22.5,"8338,6714",1,9,"-30.0,-60.0,-90.0",SESSION_START,89.63,True,
FA_SD50_R03_MA3_RT50,50.0,15.0,3,0.5,469,2025-10-16 09:40:29.131017,2025-10-16 09:45:01.757000,9718,4.54,7496095,7505812,SHORT,3,4,-440.0,-456.0,7.25,-30.0,8.9125,83.9,11.25,21.025,1.0,8.25,FAILURE,14.5,"820,3115",2,9,"-30.0,-60.0,-90.0",FAILURE,46.55,True,
FA_SD50_R03_MA3_RT50,50.0,15.0,3,0.5,470,2025-10-16 09:45:01.757000,2025-10-16 09:45:46.421016,2731,0.74,7505812,7508542,LONG,0,1,100.0,96.0,25.0,-1.0,7.8875,67.60000000000001,10.375,25.775000000000006,1.0,7.0,SUCCESS,50.0,,3,9,,FAILURE,22.8,False,100.0
FA_SD50_R03_MA3_RT50,50.0,15.0,3,0.5,471,2025-10-16 09:45:46.421016,2025-10-16 09:47:18.089000,3747,1.53,7508542,7512288,SHORT,0,1,101.0,97.0,25.25,-5.25,6.8125,33.1,9.625,25.775000000000006,1.0,7.0,SUCCESS,50.5,,4,9,,SUCCESS,32.1881,False,101.0
FA_SD50_R03_MA3_RT50,50.0,15.0,3,0.5,472,2025-10-16 09:47:18.089000,2025-10-16 09:50:04.974000,6423,2.78,7512288,7518710,LONG,3,4,-440.0,-456.0,5.0,-30.0,7.35,64.60000000000001,10.25,25.775000000000006,1.0,7.0,FAILURE,8.5,"1406,3143",5,9,"-30.0,-60.0,-90.0",SUCCESS,31.8,True,
FA_SD50_R03_MA3_RT50,50.0,15.0,3,0.5,473,2025-10-16 09:50:04.974000,2025-10-16 09:56:21.154001,11490,6.27,7518710,7530199,SHORT,3,4,-440.0,-456.0,18.25,-30.0,8.5375,82.4,11.125,26.275000000000013,1.0,8.25,FAILURE,36.5,"3356,1892",6,9,"-30.0,-60.0,-90.0",FAILURE,60.26,True,
FA_SD50_R03_MA3_RT50,50.0,15.0,3,0.5,474,2025-10-16 09:56:21.154001,2025-10-16 10:03:52.990000,10596,7.53,7530199,7540794,LONG,3,4,-440.0,-456.0,14.25,-30.0,7.9875,64.4,17.375,28.32500000000001,1.0,7.5,FAILURE,2.5,"475,791",7,9,"-30.0,-60.0,-90.0",FAILURE,61.37,True,
FA_SD50_R03_MA3_RT50,50.0,15.0,3,0.5,475,2025-10-16 10:03:52.990000,2025-10-16 10:12:28.627013,13284,8.59,7540794,7554077,SHORT,2,3,480.0,468.0,40.0,-28.25,11.3125,96.0,16.875,28.1,1.0,11.625,SUCCESS,50.0,1288,8,10,"-30.0,-60.0",FAILURE,145.02,False,476.0
FA_SD50_R03_MA3_RT50,50.0,15.0,3,0.5,476,2025-10-16 10:12:28.627013,2025-10-16 10:13:26.820002,2472,0.97,7554077,7556548,LONG,0,1,100.0,96.0,25.0,-6.25,9.5375,80.2,11.625,28.1,1.0,8.5,SUCCESS,50.0,,9,10,,SUCCESS,23.2,False,100.0
FA_SD50_R03_MA3_RT50,50.0,15.0,3,0.5,477,2025-10-16 10:13:26.820002,2025-10-16 10:22:23.484000,14058,8.94,7556548,7570605,SHORT,3,4,-440.0,-456.0,23.25,-30.0,8.0375,44.7,12.625,28.1,1.0,7.625,FAILURE,46.5,"1745,4002",10,10,"-30.0,-60.0,-90.0",SUCCESS,74.27,True,
FA_SD50_R03_MA3_RT50,50.0,15.0,3,0.5,478,2025-10-16 10:22:23.484000,2025-10-16 10:27:09.062003,8175,4.76,7570605,7578779,LONG,3,4,-440.0,-456.0,18.75,-30.0,8.7375,56.7,14.375,25.775,1.0,8.875,FAILURE,37.5,"613,759",11,10,"-30.0,-60.0,-90.0",FAILURE,40.6,True,
FA_SD50_R03_MA3_RT50,50.0,15.0,3,0.5,479,2025-10-16 10:27:09.062003,2025-10-16 10:30:11.546000,4106,3.04,7578779,7582884,SHORT,3,4,-440.0,-456.0,0.5,-30.0,9.3375,75.8,13.125,24.05,1.0,9.375,FAILURE,1.0,"2686,717",12,10,"-30.0,-60.0,-90.0",FAILURE,23.37,True,
FA_SD50_R03_MA3_RT50,50.0,15.0,3,0.5,480,2025-10-16 10:30:11.546000,2025-10-16 10:35:55.104004,6522,5.73,7582884,7589405,LONG,0,1,100.0,96.0,25.0,-13.25,8.9375,60.1,13.875,24.97500000000001,1.0,8.625,SUCCESS,50.0,,13,10,,FAILURE,67.5,False,100.0
FA_SD50_R03_MA3_RT50,50.0,15.0,3,0.5,481,2025-10-16 10:35:55.104004,2025-10-16 10:42:56.216003,12550,7.02,7589405,7601954,SHORT,3,4,-440.0,-456.0,8.0,-30.0,8.6875,43.900000000000006,13.0,24.97500000000001,1.0,8.5,FAILURE,12.0,"8354,1820",14,10,"-30.0,-60.0,-90.0",SUCCESS,54.37,True,
FA_SD50_R03_MA3_RT50,50.0,15.0,3,0.5,482,2025-10-16 10:42:56.216003,2025-10-16 10:50:33.403003,13084,7.62,7601954,7615037,LONG,3,4,-440.0,-456.0,9.5,-30.0,5.625,0.0,12.875,28.8,1.0,5.625,FAILURE,19.0,"2086,3804",15,10,"-30.0,-60.0,-90.0",FAILURE,52.94,True,
FA_SD50_R03_MA3_RT50,50.0,15.0,3,0.5,483,2025-10-16 10:50:33.403003,2025-10-16 11:04:43.549003,17855,14.17,7615037,7632891,SHORT,1,2,260.0,252.0,32.5,-21.5,8.15,30.8,13.0,30.85,1.0,8.0,SUCCESS,50.0,,16,10,-30.0,FAILURE,179.28,False,258.0
FA_SD50_R03_MA3_RT50,50.0,15.0,3,0.5,484,2025-10-16 11:04:43.549003,2025-10-16 11:05:14.927003,511,0.52,7632891,7633401,LONG,0,1,100.0,96.0,25.0,0.0,9.3,76.4,11.875,25.050000000000004,1.0,8.5,SUCCESS,50.0,,17,11,,SUCCESS,4.62,False,100.0
FA_SD50_R03_MA3_RT50,50.0,15.0,3,0.5,485,2025-10-16 11:05:14.927003,2025-10-16 11:05:57.444000,967,0.71,7633401,7634367,SHORT,0,1,100.0,96.0,25.0,-0.25,9.6125,85.10000000000001,12.375,25.050000000000004,1.0,8.5,SUCCESS,50.0,,18,11,,SUCCESS,9.7,False,100.0
FA_SD50_R03_MA3_RT50,50.0,15.0,3,0.5,486,2025-10-16 11:05:57.444000,2025-10-16 11:07:47.782008,3379,1.84,7634367,7637745,LONG,1,2,260.0,252.0,32.5,-15.0,10.025,92.0,12.375,25.050000000000004,1.0,8.875,SUCCESS,50.0,,19,11,-30.0,SUCCESS,33.24,False,258.0
FA_SD50_R03_MA3_RT50,50.0,15.0,3,0.5,487,2025-10-16 11:07:47.782008,2025-10-16 11:23:44.621000,12080,15.95,7637745,7649824,SHORT,0,1,101.0,97.0,25.25,-11.25,10.1125,91.2,13.125,27.775,1.0,9.5,SUCCESS,50.5,,20,11,,SUCCESS,125.4554,False,101.0
FA_SD50_R03_MA3_RT50,50.0,15.0,3,0.5,488,2025-10-16 11:23:44.621000,2025-10-16 11:27:10.787000,5295,3.44,7649824,7655118,LONG,3,4,-438.0,-454.0,2.25,-29.8333,8.7375,47.0,12.625,26.800000000000022,1.0,8.375,FAILURE,4.5,"1866,1237",21,11,"-30.0,-61.0,-90.0",SUCCESS,26.95,True,
FA_SD50_R03_MA3_RT50,50.0,15.0,3,0.5,489,2025-10-16 11:27:10.787000,2025-10-16 11:28:07.172000,2209,0.94,7655118,7657326,SHORT,0,1,100.0,96.0,25.0,-8.0,8.65,41.400000000000006,13.25,36.7,1.0,8.75,SUCCESS,50.0,,22,11,,FAILURE,19.66,False,100.0
FA_SD50_R03_MA3_RT50,50.0,15.0,3,0.5,490,2025-10-16 11:28:07.172000,2025-10-16 11:34:16.501001,12383,6.16,7657326,7669708,LONG,1,2,260.0,252.0,32.5,-15.0,9.05,64.3,13.25,38.050000000000004,1.0,8.75,SUCCESS,50.0,,23,11,-30.0,SUCCESS,137.24,False,258.0
FA_SD50_R03_MA3_RT50,50.0,15.0,3,0.5,491,2025-10-16 11:34:16.501001,2025-10-16 11:40:35.234047,8713,6.31,7669708,7678420,SHORT,1,2,260.0,252.0,32.5,-21.0,9.5625,86.9,16.0,30.17500000000001,1.0,9.625,SUCCESS,50.0,,24,11,-30.0,SUCCESS,91.74,False,258.0
FA_SD50_R03_MA3_RT50,50.0,15.0,3,0.5,492,2025-10-16 11:40:35.234047,2025-10-16 11:45:47.975000,10581,5.21,7678420,7689000,LONG,3,4,-440.0,-456.0,9.0,-30.0,9.825,95.4,14.375,32.775000000000006,1.0,9.75,FAILURE,3.5,"1067,7145",25,11,"-30.0,-60.0,-90.0",SUCCESS,57.69,True,
FA_SD50_R03_MA3_RT50,50.0,15.0,3,0.5,493,2025-10-16 11:45:47.975000,2025-10-16 12:00:27.219005,22198,14.65,7689000,7711197,SHORT,3,4,760.0,744.0,47.5,-30.0,8.25,26.1,16.375,35.7,1.0,7.875,SUCCESS,50.0,"4048,5334",26,11,"-30.0,-60.0,-90.0",FAILURE,252.7,True,754.0
FA_SD50_R03_MA3_RT50,50.0,15.0,3,0.5,494,2025-10-16 12:00:27.219005,2025-10-16 12:05:00.134000,6913,4.55,7711197,7718109,LONG,0,1,100.0,96.0,25.0,-11.0,9.95,84.9,21.375,34.35000000000001,1.0,9.5,SUCCESS,50.0,,27,12,,SUCCESS,74.56,False,100.0
FA_SD50_R03_MA3_RT50,50.0,15.0,3,0.5,495,2025-10-16 12:05:00.134000,2025-10-16 12:18:32.750000,19178,13.54,7718109,7737286,SHORT,1,2,260.0,252.0,32.5,-19.25,10.675,97.2,15.875,26.67500000000001,1.0,10.125,SUCCESS,50.0,,28,12,-30.0,SUCCESS,218.22,False,258.0
FA_SD50_R03_MA3_RT50,50.0,15.0,3,0.5,496,2025-10-16 12:18:32.750000,2025-10-16 12:26:13.377002,14333,7.68,7737286,7751618,LONG,3,4,-437.0,-453.0,20.6875,-30.4167,9.1,44.5,17.375,33.500000000000014,1.0,8.25,FAILURE,1.0,"1008,2879",29,12,"-30.0,-60.5,-91.0",SUCCESS,69.56,True,
FA_SD50_R03_MA3_RT50,50.0,15.0,3,0.5,497,2025-10-16 12:26:13.377002,2025-10-16 12:26:41.295009,1655,0.47,7751618,7753272,SHORT,0,1,100.0,96.0,25.0,-4.0,10.3125,88.10000000000001,17.75,35.30000000000001,1.0,10.125,SUCCESS,50.0,,30,12,,FAILURE,17.14,False,100.0
FA_SD50_R03_MA3_RT50,50.0,15.0,3,0.5,498,2025-10-16 12:26:41.295009,2025-10-16 12:27:36.367000,1702,0.92,7753272,7754973,LONG,0,1,101.0,97.0,25.25,-1.25,9.4,47.6,17.75,45.52500000000001,1.0,8.5,SUCCESS,50.5,,31,12,,SUCCESS,18.703,False,101.0
FA_SD50_R03_MA3_RT50,50.0,15.0,3,0.5,499,2025-10-16 12:27:36.367000,2025-10-16 12:29:40.034012,2295,2.06,7754973,7757267,SHORT,0,1,100.0,96.0,25.0,-4.25,8.7125,21.6,17.75,45.52500000000001,1.0,8.375,SUCCESS,50.0,,32,12,,SUCCESS,27.98,False,100.0
FA_SD50_R03_MA3_RT50,50.0,15.0,3,0.5,500,2025-10-16 12:29:40.034012,2025-10-16 12:30:20.859000,2493,0.68,7757267,7759759,LONG,3,4,-440.0,-456.0,8.75,-30.0,9.825,63.7,13.625,45.52500000000001,1.0,8.875,FAILURE,17.5,"720,876",33,12,"-30.0,-60.0,-90.0",SUCCESS,13.96,True,
FA_SD50_R03_MA3_RT50,50.0,15.0,3,0.5,501,2025-10-16 12:30:20.859000,2025-10-16 12:32:15.687000,5168,1.91,7759759,7764926,SHORT,1,2,260.0,252.0,32.5,-15.0,10.3375,88.9,13.625,45.52500000000001,1.0,9.875,SUCCESS,50.0,,34,12,-30.0,FAILURE,64.74,False,258.0
FA_SD50_R03_MA3_RT50,50.0,15.0,3,0.5,502,2025-10-16 12:32:15.687000,2025-10-16 12:35:26.730000,8893,3.18,7764926,7773818,LONG,2,3,480.0,468.0,40.0,-25.75,10.3625,89.7,13.625,37.37500000000004,1.0,10.125,SUCCESS,50.0,728,35,12,"-30.0,-60.0",SUCCESS,123.44,False,476.0
FA_SD50_R03_MA3_RT50,50.0,15.0,3,0.5,503,2025-10-16 12:35:26.730000,2025-10-16 12:35:41.274000,937,0.24,7773818,7774754,SHORT,0,1,100.0,96.0,25.0,-7.0,12.0125,99.2,20.25,65.65,1.0,12.25,SUCCESS,50.0,,36,12,,SUCCESS,12.08,False,100.0
FA_SD50_R03_MA3_RT50,50.0,15.0,3,0.5,504,2025-10-16 12:35:41.274000,2025-10-16 12:41:31.500000,10580,5.84,7774754,7785333,LONG,3,4,760.0,744.0,47.5,-30.0,12.475,99.80000000000001,22.375,65.65,1.0,13.25,SUCCESS,50.0,"7346,497",37,12,"-30.0,-60.0,-90.0",SUCCESS,153.7,True,754.0
FA_SD50_R03_MA3_RT50,50.0,15.0,3,0.5,505,2025-10-16 12:41:31.500000,2025-10-16 12:42:20.990001,2048,0.82,7785333,7787380,SHORT,0,1,100.0,96.0,25.0,-11.0,12.5,94.60000000000001,20.125,48.30000000000002,1.0,11.875,SUCCESS,50.0,,38,12,,SUCCESS,27.74,False,100.0
FA_SD50_R03_MA3_RT50,50.0,15.0,3,0.5,506,2025-10-16 12:42:20.990001,2025-10-16 12:43:40.747002,1973,1.33,7787380,7789352,LONG,0,1,100.0,96.0,25.0,-5.5,12.3875,93.60000000000001,22.625,60.70000000000001,1.0,10.5,SUCCESS,50.0,,39,12,,SUCCESS,30.5,False,100.0
FA_SD50_R03_MA3_RT50,50.0,15.0,3,0.5,507,2025-10-16 12:43:40.747002,2025-10-16 12:44:25.037000,973,0.74,7789352,7790324,SHORT,0,1,100.0,96.0,25.0,0.0,13.075,96.80000000000001,21.25,49.00000000000003,1.0,12.875,SUCCESS,50.0,,40,12,,SUCCESS,13.88,False,100.0
FA_SD50_R03_MA3_RT50,50.0,15.0,3,0.5,508,2025-10-16 12:44:25.037000,2025-10-16 12:46:45.172000,4255,2.34,7790324,7794578,LONG,3,4,-440.0,-456.0,6.0,-30.0,12.725,95.4,21.25,49.00000000000003,1.0,12.375,FAILURE,11.5,"1100,725",41,12,"-30.0,-60.0,-90.0",SUCCESS,28.11,True,
FA_SD50_R03_MA3_RT50,50.0,15.0,3,0.5,509,2025-10-16 12:46:45.172000,2025-10-16 12:47:35.381000,1938,0.84,7794578,7796515,SHORT,3,4,-440.0,-456.0,13.0,-30.0,11.4125,79.80000000000001,18.25,47.25,1.0,10.625,FAILURE,26.0,"219,198",42,12,"-30.0,-60.0,-90.0",FAILURE,13.21,True,
FA_SD50_R03_MA3_RT50,50.0,15.0,3,0.5,510,2025-10-16 12:47:35.381000,2025-10-16 12:50:10.471002,3763,2.58,7796515,7800277,LONG,2,3,481.0,469.0,40.0833,-22.375,11.8875,83.0,19.875,50.07500000000001,1.0,10.5,SUCCESS,50.0,1005,43,12,"-30.5,-60.0",FAILURE,54.5,False,477.0
FA_SD50_R03_MA3_RT50,50.0,15.0,3,0.5,511,2025-10-16 12:50:10.471002,2025-10-16 12:55:06.434011,9872,4.93,7800277,7810148,SHORT,3,4,-440.0,-456.0,20.0,-30.0,13.8375,97.80000000000001,21.625,50.07500000000001,1.0,13.0,FAILURE,10.0,"2158,7057",44,12,"-30.0,-60.0,-90.0",SUCCESS,59.96,True,
FA_SD50_R03_MA3_RT50,50.0,15.0,3,0.5,512,2025-10-16 12:55:06.434011,2025-10-16 12:56:14.795001,2142,1.14,7810148,7812289,LONG,0,1,100.0,96.0,25.0,-3.25,11.575,74.60000000000001,18.5,42.07500000000001,1.0,11.375,SUCCESS,50.0,,45,12,,FAILURE,25.58,False,100.0
FA_SD50_R03_MA3_RT50,50.0,15.0,3,0.5,513,2025-10-16 12:56:14.795001,2025-10-16 13:02:23.970001,11717,6.15,7812289,7824005,SHORT,2,3,480.0,468.0,40.0,-27.75,9.65,22.700000000000003,20.375,46.35000000000001,1.0,9.625,SUCCESS,50.0,1496,46,12,"-30.0,-60.0",SUCCESS,139.36,False,476.0
FA_SD50_R03_MA3_RT50,50.0,15.0,3,0.5,514,2025-10-16 13:02:23.970001,2025-10-16 13:07:29.503000,8028,5.09,7824005,7832032,LONG,2,3,480.0,468.0,40.0,-28.75,9.725,26.0,12.5,40.400000000000006,1.0,9.75,SUCCESS,50.0,3394,47,13,"-30.0,-60.0",SUCCESS,111.08,False,476.0
FA_SD50_R03_MA3_RT50,50.0,15.0,3,0.5,515,2025-10-16 13:07:29.503000,2025-10-16 13:08:13.993000,1739,0.74,7832032,7833770,SHORT,0,1,100.0,96.0,25.0,-8.0,14.6625,100.0,17.25,32.30000000000002,1.0,15.875,SUCCESS,50.0,,48,13,,SUCCESS,25.94,False,100.0
FA_SD50_R03_MA3_RT50,50.0,15.0,3,0.5,516,2025-10-16 13:08:13.993000,2025-10-16 13:08:31.941003,474,0.3,7833770,7834243,LONG,0,1,100.0,96.0,25.0,-2.5,13.8375,95.7,19.0,32.30000000000002,1.0,13.0,SUCCESS,50.0,,49,13,,SUCCESS,8.22,False,100.0
FA_SD50_R03_MA3_RT50,50.0,15.0,3,0.5,517,2025-10-16 13:08:31.941003,2025-10-16 13:18:28.308035,13927,9.94,7834243,7848169,SHORT,3,4,-440.0,-456.0,29.75,-30.0,14.4125,99.0,21.75,32.30000000000002,1.0,13.5,FAILURE,44.5,"11319,904",50,13,"-30.0,-60.0,-90.0",SUCCESS,101.8,True,
FA_SD50_R03_MA3_RT50,50.0,15.0,3,0.5,518,2025-10-16 13:18:28.308035,2025-10-16 13:21:09.103002,5330,2.68,7848169,7853498,LONG,3,4,-439.0,-455.0,22.0,-29.9167,12.6625,76.2,15.625,30.45000000000001,1.0,11.75,FAILURE,44.0,"1673,548",51,13,"-30.5,-60.0,-90.0",FAILURE,33.88,True,
FA_SD50_R03_MA3_RT50,50.0,15.0,3,0.5,519,2025-10-16 13:21:09.103002,2025-10-16 13:30:25.240073,8233,9.27,7853498,7861730,SHORT,3,4,-440.0,-456.0,20.25,-30.0,12.7,75.3,13.375,36.97500000000001,1.0,12.5,FAILURE,40.5,"661,2152",52,13,"-30.0,-60.0,-90.0",FAILURE,58.32,True,
FA_SD50_R03_MA3_RT50,50.0,15.0,3,0.5,520,2025-10-16 13:30:25.240073,2025-10-16 13:40:00.294000,6945,9.58,7861730,7868674,LONG,3,4,-440.0,-456.0,15.0,-30.0,12.8875,75.10000000000001,14.75,40.150000000000006,1.0,12.5,FAILURE,30.0,"543,4595",53,13,"-30.0,-60.0,-90.0",FAILURE,46.5,True,
FA_SD50_R03_MA3_RT50,50.0,15.0,3,0.5,521,2025-10-16 13:40:00.294000,2025-10-16 13:41:20.200000,1688,1.33,7868674,7870361,SHORT,0,1,100.0,96.0,25.0,-6.0,11.7875,51.1,15.375,40.325,1.0,10.375,SUCCESS,50.0,,54,13,,FAILURE,21.66,False,100.0
FA_SD50_R03_MA3_RT50,50.0,15.0,3,0.5,522,2025-10-16 13:41:20.200000,2025-10-16 14:03:26.611005,19630,22.11,7870361,7889990,LONG,3,4,-440.0,-456.0,23.5,-30.0,11.5875,45.300000000000004,16.875,44.15000000000001,1.0,10.5,FAILURE,32.0,"7996,8902",55,13,"-30.0,-60.0,-90.0",SUCCESS,123.35,True,
FA_SD50_R03_MA3_RT50,50.0,15.0,3,0.5,523,2025-10-16 14:03:26.611005,2025-10-16 14:04:47.231000,1589,1.34,7889990,7891578,SHORT,0,1,100.0,96.0,25.0,-12.75,10.4125,16.400000000000002,16.25,32.72500000000002,1.0,10.125,SUCCESS,50.0,,56,14,,FAILURE,18.14,False,100.0
FA_SD50_R03_MA3_RT50,50.0,15.0,3,0.5,524,2025-10-16 14:04:47.231000,2025-10-16 14:11:07.375014,8363,6.34,7891578,7899940,LONG,3,4,-440.0,-456.0,8.5,-30.0,10.275,15.8,16.25,32.72500000000002,1.0,9.875,FAILURE,17.0,"1931,4847",57,14,"-30.0,-60.0,-90.0",SUCCESS,51.39,True,
FA_SD50_R03_MA3_RT50,50.0,15.0,3,0.5,525,2025-10-16 14:11:07.375014,2025-10-16 14:12:13.017002,1490,1.09,7899940,7901429,SHORT,1,2,260.0,252.0,32.5,-15.0,11.5375,42.6,14.25,27.55000000000003,1.0,12.0,SUCCESS,50.0,,58,14,-30.0,FAILURE,18.98,False,258.0
FA_SD50_R03_MA3_RT50,50.0,15.0,3,0.5,526,2025-10-16 14:12:13.017002,2025-10-16 14:16:16.875000,8032,4.06,7901429,7909460,LONG,3,4,-440.0,-456.0,7.5,-30.0,11.75,51.2,14.25,27.55000000000003,1.0,12.625,FAILURE,0.0,"4702,2200",59,14,"-30.0,-60.0,-90.0",SUCCESS,43.73,True,
FA_SD50_R03_MA3_RT50,50.0,15.0,3,0.5,527,2025-10-16 14:16:16.875000,2025-10-16 14:17:55.552000,3812,1.64,7909460,7913271,SHORT,3,4,-440.0,-456.0,9.25,-30.0,9.175,3.6,13.375,25.97500000000001,1.0,9.0,FAILURE,18.5,"1098,1395",60,14,"-30.0,-60.0,-90.0",FAILURE,21.63,True,
FA_SD50_R03_MA3_RT50,50.0,15.0,3,0.5,528,2025-10-16 14:17:55.552000,2025-10-16 14:19:50.917000,3495,1.92,7913271,7916765,LONG,3,4,-439.0,-455.0,6.25,-29.9167,9.7,16.8,14.125,32.80000000000001,1.0,9.875,FAILURE,12.5,"347,648",61,14,"-30.5,-60.0,-90.0",FAILURE,20.54,True,
FA_SD50_R03_MA3_RT50,50.0,15.0,3,0.5,529,2025-10-16 14:19:50.917000,2025-10-16 14:22:29.875008,3955,2.65,7916765,7920719,SHORT,3,4,-440.0,-456.0,9.0,-30.0,9.95,21.900000000000002,12.375,40.45,1.0,9.375,FAILURE,6.5,"1937,1160",62,14,"-30.0,-60.0,-90.0",FAILURE,25.04,True,
FA_SD50_R03_MA3_RT50,50.0,15.0,3,0.5,530,2025-10-16 14:22:29.875008,2025-10-16 14:31:27.827000,11134,8.97,7920719,7931852,LONG,3,4,-439.0,-455.0,19.25,-29.9167,11.2375,49.800000000000004,14.375,40.45,1.0,9.875,FAILURE,38.5,"2081,5652",63,14,"-30.0,-60.5,-90.0",FAILURE,70.81,True,
FA_SD50_R03_MA3_RT50,50.0,15.0,3,0.5,531,2025-10-16 14:31:27.827000,2025-10-16 14:34:11.807001,4395,2.73,7931852,7936246,SHORT,0,1,100.0,96.0,25.0,-12.0,12.5625,80.80000000000001,20.5,42.7,1.0,11.625,SUCCESS,50.0,,64,14,,FAILURE,51.76,False,100.0
FA_SD50_R03_MA3_RT50,50.0,15.0,3,0.5,532,2025-10-16 14:34:11.807001,2025-10-16 14:35:15.264004,1490,1.06,7936246,7937735,LONG,0,1,100.0,96.0,25.0,-1.5,10.9875,41.400000000000006,21.125,34.50000000000001,1.0,11.375,SUCCESS,50.0,,65,14,,SUCCESS,17.54,False,100.0
FA_SD50_R03_MA3_RT50,50.0,15.0,3,0.5,533,2025-10-16 14:35:15.264004,2025-10-16 14:39:02.197000,5566,3.78,7937735,7943300,SHORT,3,4,-440.0,-456.0,0.75,-30.0,11.3,49.6,21.125,34.50000000000001,1.0,11.375,FAILURE,1.5,"850,812",66,14,"-30.0,-60.0,-90.0",SUCCESS,36.18,True,
FA_SD50_R03_MA3_RT50,50.0,15.0,3,0.5,534,2025-10-16 14:39:02.197000,2025-10-16 14:43:25.497000,4211,4.39,7943300,7947510,LONG,1,2,260.0,252.0,32.5,-15.0,11.6125,57.7,14.375,34.275000000000006,1.0,10.875,SUCCESS,50.0,,67,14,-30.0,FAILURE,58.96,False,258.0
FA_SD50_R03_MA3_RT50,50.0,15.0,3,0.5,535,2025-10-16 14:43:25.497000,2025-10-16 14:47:29.345018,7289,4.06,7947510,7954798,SHORT,3,4,-440.0,-456.0,12.75,-30.0,11.9,68.8,17.625,34.275000000000006,1.0,11.375,FAILURE,0.0,"882,5480",68,14,"-30.0,-60.0,-90.0",SUCCESS,44.48,True,
FA_SD50_R03_MA3_RT50,50.0,15.0,3,0.5,536,2025-10-16 14:47:29.345018,2025-10-16 14:50:17.005004,3191,2.79,7954798,7957988,LONG,3,4,-440.0,-456.0,2.0,-30.0,10.8375,27.8,18.875,39.45000000000004,1.0,10.625,FAILURE,4.0,"540,2026",69,14,"-30.0,-60.0,-90.0",FAILURE,19.4,True,
FA_SD50_R03_MA3_RT50,50.0,15.0,3,0.5,537,2025-10-16 14:50:17.005004,2025-10-16 14:55:04.572000,4005,4.79,7957988,7961992,SHORT,3,4,-440.0,-456.0,6.0,-30.0,10.375,19.400000000000002,20.5,39.45000000000004,1.0,9.625,FAILURE,1.5,"1700,1558",70,14,"-30.0,-60.0,-90.0",FAILURE,27.74,True,
FA_SD50_R03_MA3_RT50,50.0,15.0,3,0.5,538,2025-10-16 14:55:04.572000,2025-10-16 15:10:45.021070,13380,15.67,7961992,7975371,LONG,2,3,480.0,468.0,40.0,-22.5,12.0875,76.2,20.5,36.825,1.0,11.75,SUCCESS,50.0,5720,71,14,"-30.0,-60.0",FAILURE,174.38,False,476.0
FA_SD50_R03_MA3_RT50,50.0,15.0,3,0.5,539,2025-10-16 15:10:45.021070,2025-10-16 15:11:28.024001,1020,0.72,7975371,7976390,SHORT,0,1,100.0,96.0,25.0,-0.75,12.025,78.80000000000001,14.0,25.35,1.0,11.75,SUCCESS,50.0,,72,15,,SUCCESS,11.86,False,100.0
FA_SD50_R03_MA3_RT50,50.0,15.0,3,0.5,540,2025-10-16 15:11:28.024001,2025-10-16 15:15:30.376004,4935,4.04,7976390,7981324,LONG,3,4,-440.0,-456.0,4.75,-30.0,11.35,50.5,14.0,26.750000000000007,1.0,11.125,FAILURE,9.5,"1243,2783",73,15,"-30.0,-60.0,-90.0",SUCCESS,27.91,True,
FA_SD50_R03_MA3_RT50,50.0,15.0,3,0.5,541,2025-10-16 15:15:30.376004,2025-10-16 15:20:55.034000,4318,5.41,7981324,7985641,SHORT,1,2,260.0,252.0,32.5,-15.0,9.525,7.0,13.625,32.10000000000001,1.0,8.875,SUCCESS,50.0,,74,15,-30.0,FAILURE,51.86,False,258.0
FA_SD50_R03_MA3_RT50,50.0,15.0,3,0.5,542,2025-10-16 15:20:55.034000,2025-10-16 15:24:31.455000,4313,3.61,7985641,7989953,LONG,1,2,260.0,252.0,32.5,-20.0,10.5125,28.3,12.0,32.10000000000001,1.0,10.25,SUCCESS,50.0,,75,15,-30.0,SUCCESS,50.96,False,258.0
FA_SD50_R03_MA3_RT50,50.0,15.0,3,0.5,543,2025-10-16 15:24:31.455000,2025-10-16 15:30:38.491000,5240,6.12,7989953,7995192,SHORT,1,2,260.0,252.0,32.5,-15.0,10.4875,30.400000000000002,12.875,32.55000000000002,1.0,10.625,SUCCESS,50.0,,76,15,-30.0,SUCCESS,64.04,False,258.0
FA_SD50_R03_MA3_RT50,50.0,15.0,3,0.5,544,2025-10-16 15:30:38.491000,2025-10-16 15:36:15.563000,4269,5.62,7995192,7999460,LONG,0,1,102.0,98.0,25.5,-11.5,9.725,13.0,12.875,45.825000000000024,1.0,8.75,SUCCESS,51.0,,77,15,,SUCCESS,54.902,False,102.0
FA_SD50_R03_MA3_RT50,50.0,15.0,3,0.5,545,2025-10-16 15:36:15.563000,2025-10-16 15:49:38.097000,11246,13.38,7999460,8010705,SHORT,3,4,-439.0,-455.0,30.3333,-29.9167,11.6875,79.2,13.0,37.500000000000014,1.0,11.375,FAILURE,30.5,"396,10258",78,15,"-30.5,-60.0,-90.0",SUCCESS,66.96,True,
FA_SD50_R03_MA3_RT50,50.0,15.0,3,0.5,546,2025-10-16 15:49:38.097000,2025-10-16 15:52:34.107000,4475,2.93,8010705,8015179,LONG,1,2,262.0,254.0,32.75,-15.5,10.35,31.400000000000002,18.625,31.125000000000014,1.0,9.5,SUCCESS,50.0,,79,15,-31.0,FAILURE,56.52,False,260.0
FA_SD50_R03_MA3_RT50,50.0,15.0,3,0.5,547,2025-10-16 15:52:34.107000,2025-10-16 16:09:40.911000,23676,17.11,8015179,8038854,SHORT,2,3,480.0,468.0,40.0,-22.5,11.55,74.5,17.75,36.97500000000001,1.0,10.0,SUCCESS,50.0,16849,80,15,"-30.0,-60.0",SUCCESS,203.56,False,476.0
FA_SD50_R03_MA3_RT50,50.0,15.0,3,0.5,549,2025-10-17 09:34:30.018003,2025-10-17 09:37:48.493012,7989,3.31,8058287,8066275,LONG,1,2,261.0,251.0,32.625,-20.375,12.6375,94.5,20.0,64.575,1.0,11.875,SUCCESS,50.0,,1,9,-30.5,SESSION_START,113.22,False,257.0
FA_SD50_R03_MA3_RT50,50.0,15.0,3,0.5,550,2025-10-17 09:37:48.493012,2025-10-17 09:38:35.984002,1899,0.79,8066275,8068173,SHORT,0,1,100.0,96.0,25.0,-7.25,13.0125,98.60000000000001,17.0,28.35000000000002,1.0,12.875,SUCCESS,50.0,,2,9,,SUCCESS,27.28,False,100.0
FA_SD50_R03_MA3_RT50,50.0,15.0,3,0.5,551,2025-10-17 09:38:35.984002,2025-10-17 09:39:37.489000,2646,1.03,8068173,8070818,LONG,3,4,-440.0,-456.0,1.5,-30.0,12.275,84.10000000000001,13.25,25.200000000000024,1.0,12.125,FAILURE,3.0,"320,888",3,9,"-30.0,-60.0,-90.0",SUCCESS,19.22,True,
FA_SD50_R03_MA3_RT50,50.0,15.0,3,0.5,552,2025-10-17 09:39:37.489000,2025-10-17 09:40:30.776002,2584,0.89,8070818,8073401,SHORT,0,1,100.0,96.0,25.0,-10.0,11.125,51.400000000000006,13.25,43.42500000000004,1.0,11.5,SUCCESS,50.0,,4,9,,FAILURE,31.66,False,100.0
FA_SD50_R03_MA3_RT50,50.0,15.0,3,0.5,553,2025-10-17 09:40:30.776002,2025-10-17 09:41:00.251000,1227,0.49,8073401,8074627,LONG,0,1,100.0,96.0,25.0,-1.0,10.825,46.2,13.25,30.375000000000014,1.0,10.625,SUCCESS,50.0,,5,9,,SUCCESS,16.26,False,100.0
FA_SD50_R03_MA3_RT50,50.0,15.0,3,0.5,554,2025-10-17 09:41:00.251000,2025-10-17 09:41:58.107009,1820,0.96,8074627,8076446,SHORT,0,1,100.0,96.0,25.0,-4.25,10.625,42.2,13.25,30.375000000000014,1.0,10.25,SUCCESS,50.0,,6,9,,SUCCESS,26.94,False,100.0
FA_SD50_R03_MA3_RT50,50.0,15.0,3,0.5,555,2025-10-17 09:41:58.107009,2025-10-17 09:48:08.166005,13630,6.17,8076446,8090075,LONG,2,3,480.0,468.0,40.0,-23.75,10.525,39.2,13.25,30.375000000000014,1.0,10.125,SUCCESS,50.0,1455,7,9,"-30.0,-60.0",SUCCESS,177.0,False,476.0
FA_SD50_R03_MA3_RT50,50.0,15.0,3,0.5,556,2025-10-17 09:48:08.166005,2025-10-17 09:49:00.081006,2211,0.87,8090075,8092285,SHORT,3,4,-440.0,-456.0,0.5,-30.0,12.875,95.60000000000001,11.5,23.125000000000007,1.0,11.625,FAILURE,1.0,"999,797",8,9,"-30.0,-60.0,-90.0",SUCCESS,13.62,True,
FA_SD50_R03_MA3_RT50,50.0,15.0,3,0.5,557,2025-10-17 09:49:00.081006,2025-10-17 09:52:54.341000,6173,3.9,8092285,8098457,LONG,1,2,262.0,254.0,32.75,-17.0,12.175,82.7,11.5,26.875000000000007,1.0,12.125,SUCCESS,50.0,,9,9,-31.0,FAILURE,82.68,False,260.0
FA_SD50_R03_MA3_RT50,50.0,15.0,3,0.5,558,2025-10-17 09:52:54.341000,2025-10-17 09:54:26.004001,5199,1.53,8098457,8103655,SHORT,3,4,-439.0,-455.0,12.25,-30.25,11.3125,58.6,13.0,22.75,1.0,11.125,FAILURE,24.5,"1247,2125",10,9,"-30.0,-60.0,-90.5",SUCCESS,29.59,True,
FA_SD50_R03_MA3_RT50,50.0,15.0,3,0.5,559,2025-10-17 09:54:26.004001,2025-10-17 09:56:33.887150,4662,2.13,8103655,8108316,LONG,0,1,100.0,96.0,25.0,-14.0,8.95,14.0,15.5,23.750000000000014,1.0,7.75,SUCCESS,50.0,,11,9,,FAILURE,49.98,False,100.0
FA_SD50_R03_MA3_RT50,50.0,15.0,3,0.5,560,2025-10-17 09:56:33.887150,2025-10-17 09:57:22.305000,1819,0.81,8108316,8110134,SHORT,0,1,101.0,97.0,25.25,-3.5,8.7,16.6,12.625,22.825000000000003,1.0,8.5,SUCCESS,50.5,,12,9,,SUCCESS,20.4851,False,101.0
FA_SD50_R03_MA3_RT50,50.0,15.0,3,0.5,561,2025-10-17 09:57:22.305000,2025-10-17 10:00:05.330006,4813,2.72,8110134,8114946,LONG,3,4,-440.0,-456.0,5.25,-30.0,8.4875,14.8,15.5,24.025000000000006,1.0,8.25,FAILURE,10.5,"1999,666",13,9,"-30.0,-60.0,-90.0",SUCCESS,25.41,True,
FA_SD50_R03_MA3_RT50,50.0,15.0,3,0.5,562,2025-10-17 10:00:05.330006,2025-10-17 10:00:53.156000,2280,0.8,8114946,8117225,SHORT,0,1,100.0,96.0,25.0,-1.75,9.0,23.0,12.625,29.150000000000006,1.0,8.25,SUCCESS,50.0,,14,10,,FAILURE,30.08,False,100.0
FA_SD50_R03_MA3_RT50,50.0,15.0,3,0.5,563,2025-10-17 10:00:53.156000,2025-10-17 10:01:50.528005,2546,0.96,8117225,8119770,LONG,0,1,100.0,96.0,25.0,-9.0,10.05,34.800000000000004,12.625,34.575000000000024,1.0,9.125,SUCCESS,50.0,,15,10,,SUCCESS,32.58,False,100.0
FA_SD50_R03_MA3_RT50,50.0,15.0,3,0.5,564,2025-10-17 10:01:50.528005,2025-10-17 10:02:37.435009,2223,0.78,8119770,8121992,SHORT,3,4,-439.0,-455.0,5.25,-29.9167,10.5875,42.6,15.875,34.575000000000024,1.0,10.375,FAILURE,10.5,"640,542",16,10,"-30.0,-60.5,-90.0",SUCCESS,14.35,True,
FA_SD50_R03_MA3_RT50,50.0,15.0,3,0.5,565,2025-10-17 10:02:37.435009,2025-10-17 10:12:04.563002,14211,9.45,8121992,8136202,LONG,3,4,764.0,748.0,47.75,-30.0,10.6875,42.800000000000004,18.125,34.575000000000024,1.0,9.875,SUCCESS,50.5,"4168,2681",17,10,"-30.0,-60.0,-90.0",FAILURE,199.5347,True,758.0
FA_SD50_R03_MA3_RT50,50.0,15.0,3,0.5,566,2025-10-17 10:12:04.563002,2025-10-17 10:14:14.626064,5626,2.17,8136202,8141827,SHORT,3,4,-439.0,-455.0,15.25,-29.9167,12.7125,89.2,13.875,34.875,1.0,13.0,FAILURE,30.5,"1393,1844",18,10,"-30.5,-60.0,-90.0",SUCCESS,28.14,True,
FA_SD50_R03_MA3_RT50,50.0,15.0,3,0.5,567,2025-10-17 10:14:14.626064,2025-10-17 10:20:04.795003,11094,5.84,8141827,8152920,LONG,3,4,-440.0,-456.0,24.5,-30.0,7.4125,9.600000000000001,13.875,34.875,1.0,7.75,FAILURE,49.0,"1265,2073",19,10,"-30.0,-60.0,-90.0",FAILURE,62.76,True,
FA_SD50_R03_MA3_RT50,50.0,15.0,3,0.5,568,2025-10-17 10:20:04.795003,2025-10-17 10:27:49.118005,11375,7.74,8152920,8164294,SHORT,3,4,-440.0,-456.0,25.25,-30.0,10.0125,37.2,12.125,58.87500000000001,1.0,9.5,FAILURE,20.5,"487,10313",20,10,"-30.0,-60.0,-90.0",FAILURE,73.66,True,
FA_SD50_R03_MA3_RT50,50.0,15.0,3,0.5,569,2025-10-17 10:27:49.118005,2025-10-17 10:30:55.065001,3978,3.1,8164294,8168271,LONG,3,4,-439.0,-455.0,0.75,-30.25,12.3,79.0,12.625,37.52500000000001,1.0,11.625,FAILURE,0.0,"255,3149",21,10,"-30.0,-60.0,-90.5",FAILURE,25.65,True,
FA_SD50_R03_MA3_RT50,50.0,15.0,3,0.5,570,2025-10-17 10:30:55.065001,2025-10-17 10:34:45.708002,4966,3.84,8168271,8173236,SHORT,0,1,100.0,96.0,25.0,-12.0,11.5625,55.1,14.125,33.150000000000006,1.0,10.875,SUCCESS,50.0,,22,10,,FAILURE,66.12,False,100.0
FA_SD50_R03_MA3_RT50,50.0,15.0,3,0.5,571,2025-10-17 10:34:45.708002,2025-10-17 10:38:07.773000,7032,3.37,8173236,8180267,LONG,3,4,-440.0,-456.0,5.5,-30.0,11.1625,46.400000000000006,11.625,28.1,1.0,10.75,FAILURE,11.0,"906,3266",23,10,"-30.0,-60.0,-90.0",SUCCESS,40.84,True,
FA_SD50_R03_MA3_RT50,50.0,15.0,3,0.5,572,2025-10-17 10:38:07.773000,2025-10-17 10:41:05.511000,5651,2.96,8180267,8185917,SHORT,1,2,260.0,252.0,32.5,-17.5,10.375,34.2,14.125,28.125,1.0,9.625,SUCCESS,50.0,,24,10,-30.0,FAILURE,63.22,False,258.0
FA_SD50_R03_MA3_RT50,50.0,15.0,3,0.5,573,2025-10-17 10:41:05.511000,2025-10-17 10:41:57.830021,1289,0.87,8185917,8187205,LONG,0,1,100.0,96.0,25.0,-3.0,10.9125,47.5,12.875,31.35000000000002,1.0,10.625,SUCCESS,50.0,,25,10,,SUCCESS,17.12,False,100.0
FA_SD50_R03_MA3_RT50,50.0,15.0,3,0.5,574,2025-10-17 10:41:57.830021,2025-10-17 10:43:14.241000,2673,1.27,8187205,8189877,SHORT,3,4,-440.0,-456.0,3.25,-30.0,11.4,63.5,11.75,31.35000000000002,1.0,10.625,FAILURE,6.5,"774,1071",26,10,"-30.0,-60.0,-90.0",SUCCESS,15.44,True,
FA_SD50_R03_MA3_RT50,50.0,15.0,3,0.5,575,2025-10-17 10:43:14.241000,2025-10-17 10:44:46.448023,2401,1.54,8189877,8192277,LONG,3,4,-439.0,-455.0,1.25,-29.9167,10.825,45.2,13.125,43.7,1.0,10.375,FAILURE,2.5,"264,710",27,10,"-30.5,-60.0,-90.0",FAILURE,14.58,True,
FA_SD50_R03_MA3_RT50,50.0,15.0,3,0.5,576,2025-10-17 10:44:46.448023,2025-10-17 10:49:16.965000,6591,4.51,8192277,8198867,SHORT,3,4,-437.0,-453.0,20.75,-30.0833,10.6625,40.2,14.375,43.7,1.0,9.875,FAILURE,41.5,"2208,1395",28,10,"-30.5,-60.5,-90.5",FAILURE,42.72,True,
FA_SD50_R03_MA3_RT50,50.0,15.0,3,0.5,577,2025-10-17 10:49:16.965000,2025-10-17 10:55:03.682000,6496,5.78,8198867,8205362,LONG,3,4,-440.0,-456.0,12.75,-30.0,11.225,65.0,20.75,50.350000000000016,1.0,11.5,FAILURE,13.5,"1813,1869",29,10,"-30.0,-60.0,-90.0",FAILURE,42.57,True,
FA_SD50_R03_MA3_RT50,50.0,15.0,3,0.5,578,2025-10-17 10:55:03.682000,2025-10-17 10:56:08.007001,1699,1.07,8205362,8207060,SHORT,0,1,100.0,96.0,25.0,-11.0,12.9625,97.10000000000001,26.875,50.350000000000016,1.0,12.125,SUCCESS,50.0,,30,10,,FAILURE,20.12,False,100.0
FA_SD50_R03_MA3_RT50,50.0,15.0,3,0.5,579,2025-10-17 10:56:08.007001,2025-10-17 11:02:51.176007,11152,6.72,8207060,8218211,LONG,2,3,480.0,468.0,40.0,-22.5,11.9375,76.2,26.875,50.350000000000016,1.0,11.875,SUCCESS,50.0,3116,31,10,"-30.0,-60.0",SUCCESS,137.18,False,476.0
FA_SD50_R03_MA3_RT50,50.0,15.0,3,0.5,580,2025-10-17 11:02:51.176007,2025-10-17 11:12:04.253000,13521,9.22,8218211,8231731,SHORT,3,4,770.0,754.0,48.125,-30.5,11.35,65.9,23.75,49.475,1.0,11.0,SUCCESS,51.0,"882,5028",32,11,"-30.0,-60.0,-91.0",SUCCESS,169.451,True,764.0
FA_SD50_R03_MA3_RT50,50.0,15.0,3,0.5,581,2025-10-17 11:12:04.253000,2025-10-17 11:21:20.757000,12196,9.28,8231731,8243926,LONG,3,4,-443.0,-459.0,29.0625,-30.25,12.1875,82.10000000000001,21.75,43.85000000000001,1.0,11.25,FAILURE,13.0,"2384,688",33,11,"-30.0,-60.0,-90.5",SUCCESS,74.5423,True,
FA_SD50_R03_MA3_RT50,50.0,15.0,3,0.5,582,2025-10-17 11:21:20.757000,2025-10-17 11:25:03.868001,5365,3.72,8243926,8249290,SHORT,0,1,100.0,96.0,25.0,-1.25,11.75,70.2,17.875,39.35,1.0,10.875,SUCCESS,50.0,,34,11,,FAILURE,61.04,False,100.0
FA_SD50_R03_MA3_RT50,50.0,15.0,3,0.5,583,2025-10-17 11:25:03.868001,2025-10-17 11:26:12.451000,1928,1.14,8249290,8251217,LONG,0,1,101.0,97.0,25.25,-9.75,9.2125,12.200000000000001,15.375,40.275,1.0,8.75,SUCCESS,50.5,,35,11,,SUCCESS,21.1188,False,101.0
FA_SD50_R03_MA3_RT50,50.0,15.0,3,0.5,584,2025-10-17 11:26:12.451000,2025-10-17 11:32:15.546002,8498,6.05,8251217,8259714,SHORT,1,2,260.0,252.0,32.5,-15.25,9.825,19.0,15.375,40.275,1.0,9.75,SUCCESS,50.0,,36,11,-30.0,SUCCESS,101.86,False,258.0
FA_SD50_R03_MA3_RT50,50.0,15.0,3,0.5,585,2025-10-17 11:32:15.546002,2025-10-17 11:32:50.006000,809,0.57,8259714,8260522,LONG,0,1,100.0,96.0,25.0,-0.75,11.025,53.2,14.75,31.500000000000014,1.0,9.375,SUCCESS,50.0,,37,11,,SUCCESS,10.64,False,100.0
FA_SD50_R03_MA3_RT50,50.0,15.0,3,0.5,586,2025-10-17 11:32:50.006000,2025-10-17 11:33:34.115000,803,0.74,8260522,8261324,SHORT,0,1,100.0,96.0,25.0,-0.5,11.8625,79.60000000000001,15.375,31.500000000000014,1.0,12.0,SUCCESS,50.0,,38,11,,SUCCESS,11.92,False,100.0
FA_SD50_R03_MA3_RT50,50.0,15.0,3,0.5,587,2025-10-17 11:33:34.115000,2025-10-17 11:39:17.539000,9032,5.72,8261324,8270355,LONG,2,3,480.0,468.0,40.0,-22.5,11.875,80.2,15.375,31.500000000000014,1.0,11.0,SUCCESS,50.0,973,39,11,"-30.0,-60.0",SUCCESS,104.38,False,476.0
FA_SD50_R03_MA3_RT50,50.0,15.0,3,0.5,588,2025-10-17 11:39:17.539000,2025-10-17 11:40:37.279000,2923,1.33,8270355,8273277,SHORT,3,4,-439.0,-455.0,7.75,-29.9167,10.2375,26.200000000000003,18.0,27.800000000000004,1.0,10.5,FAILURE,15.5,"763,898",40,11,"-30.0,-60.5,-90.0",SUCCESS,14.71,True,
FA_SD50_R03_MA3_RT50,50.0,15.0,3,0.5,589,2025-10-17 11:40:37.279000,2025-10-17 11:48:12.417000,11697,7.59,8273277,8284973,LONG,1,2,260.0,252.0,32.5,-16.0,9.5,10.200000000000001,17.0,32.35000000000002,1.0,9.0,SUCCESS,50.0,,41,11,-30.0,FAILURE,126.76,False,258.0
FA_SD50_R03_MA3_RT50,50.0,15.0,3,0.5,590,2025-10-17 11:48:12.417000,2025-10-17 11:53:34.300029,7817,5.36,8284973,8292789,SHORT,3,4,-439.0,-455.0,11.25,-30.25,9.95,21.5,10.25,21.750000000000014,1.0,10.0,FAILURE,14.0,"1748,4397",42,11,"-30.0,-60.0,-90.5",SUCCESS,36.87,True,
FA_SD50_R03_MA3_RT50,50.0,15.0,3,0.5,591,2025-10-17 11:53:34.300029,2025-10-17 12:02:35.387000,10194,9.02,8292789,8302982,LONG,1,2,260.0,252.0,32.5,-21.5,8.6375,4.2,9.125,20.50000000000001,1.0,8.875,SUCCESS,50.0,,43,11,-30.0,FAILURE,97.4,False,258.0
FA_SD50_R03_MA3_RT50,50.0,15.0,3,0.5,592,2025-10-17 12:02:35.387000,2025-10-17 12:15:24.030002,15697,12.81,8302982,8318678,SHORT,3,4,-437.0,-453.0,4.5,-29.75,7.75,2.2,13.625,27.97500000000001,1.0,7.5,FAILURE,9.0,"1593,6477",44,12,"-30.0,-61.5,-90.0",SUCCESS,70.71,True,
FA_SD50_R03_MA3_RT50,50.0,15.0,3,0.5,593,2025-10-17 12:15:24.030002,2025-10-17 12:30:06.453004,15579,14.71,8318678,8334256,LONG,2,3,480.0,468.0,40.0,-22.5,8.1,15.9,12.25,26.800000000000008,1.0,7.75,SUCCESS,50.0,662,45,12,"-30.0,-60.0",FAILURE,149.6,False,476.0
FA_SD50_R03_MA3_RT50,50.0,15.0,3,0.5,594,2025-10-17 12:30:06.453004,2025-10-17 12:33:26.800000,4407,3.34,8334256,8338662,SHORT,0,1,101.0,97.0,25.25,-12.5,8.85,29.6,11.25,35.625,1.0,8.125,SUCCESS,50.5,,46,12,,SUCCESS,40.3267,False,101.0
FA_SD50_R03_MA3_RT50,50.0,15.0,3,0.5,595,2025-10-17 12:33:26.800000,2025-10-17 12:37:37.887001,4038,4.18,8338662,8342699,LONG,1,2,261.0,253.0,32.625,-15.25,7.625,5.800000000000001,11.0,35.5,1.0,8.125,SUCCESS,50.0,,47,12,-30.5,SUCCESS,42.98,False,259.0
FA_SD50_R03_MA3_RT50,50.0,15.0,3,0.5,596,2025-10-17 12:37:37.887001,2025-10-17 12:38:49.275000,821,1.19,8342699,8343519,SHORT,0,1,101.0,97.0,25.25,-0.75,9.1375,42.2,12.875,35.675000000000004,1.0,9.375,SUCCESS,50.5,,48,12,,SUCCESS,9.9703,False,101.0
FA_SD50_R03_MA3_RT50,50.0,15.0,3,0.5,597,2025-10-17 12:38:49.275000,2025-10-17 12:50:07.729000,9818,11.31,8343519,8353336,LONG,2,3,480.0,468.0,40.0,-29.0,9.4125,50.7,12.875,35.675000000000004,1.0,9.125,SUCCESS,50.0,1885,49,12,"-30.0,-60.0",SUCCESS,103.56,False,476.0
FA_SD50_R03_MA3_RT50,50.0,15.0,3,0.5,598,2025-10-17 12:50:07.729000,2025-10-17 12:51:44.482000,1834,1.61,8353336,8355169,SHORT,0,1,100.0,96.0,25.0,-12.75,9.0875,41.6,16.625,28.75000000000001,1.0,8.25,SUCCESS,50.0,,50,12,,SUCCESS,17.92,False,100.0
FA_SD50_R03_MA3_RT50,50.0,15.0,3,0.5,599,2025-10-17 12:51:44.482000,2025-10-17 12:54:28.277000,3078,2.73,8355169,8358246,LONG,3,4,-444.0,-460.0,1.0,-30.0,10.3,76.2,16.625,35.900000000000006,1.0,10.25,FAILURE,2.0,"508,1934",51,12,"-30.0,-60.0,-90.0",SUCCESS,16.9303,True,
FA_SD50_R03_MA3_RT50,50.0,15.0,3,0.5,600,2025-10-17 12:54:28.277000,2025-10-17 13:11:07.767001,13637,16.66,8358246,8371882,SHORT,1,2,260.0,252.0,32.5,-17.0,10.075,71.0,18.25,41.25000000000003,1.0,10.125,SUCCESS,50.0,,52,12,-30.0,FAILURE,165.2,False,258.0
FA_SD50_R03_MA3_RT50,50.0,15.0,3,0.5,601,2025-10-17 13:11:07.767001,2025-10-17 13:13:18.401000,1832,2.18,8371882,8373713,LONG,0,1,100.0,96.0,25.0,-11.75,10.7,89.5,13.125,31.125000000000043,1.0,9.875,SUCCESS,50.0,,53,13,,SUCCESS,21.36,False,100.0
FA_SD50_R03_MA3_RT50,50.0,15.0,3,0.5,602,2025-10-17 13:13:18.401000,2025-10-17 13:16:48.448005,2484,3.5,8373713,8376196,SHORT,0,1,100.0,96.0,25.0,-11.5,11.2375,95.80000000000001,15.25,31.125000000000043,1.0,10.75,SUCCESS,50.0,,54,13,,SUCCESS,31.98,False,100.0
FA_SD50_R03_MA3_RT50,50.0,15.0,3,0.5,603,2025-10-17 13:16:48.448005,2025-10-17 13:23:51.389000,5878,7.05,8376196,8382073,LONG,2,3,480.0,468.0,40.0,-22.5,11.7,96.60000000000001,15.5,27.575000000000003,1.0,11.75,SUCCESS,50.0,3066,55,13,"-30.0,-60.0",SUCCESS,68.26,False,476.0
FA_SD50_R03_MA3_RT50,50.0,15.0,3,0.5,604,2025-10-17 13:23:51.389000,2025-10-17 13:26:35.282001,1879,2.73,8382073,8383951,SHORT,0,1,100.0,96.0,25.0,-2.75,10.35,78.60000000000001,16.75,29.02500000000002,1.0,10.625,SUCCESS,50.0,,56,13,,SUCCESS,22.74,False,100.0
FA_SD50_R03_MA3_RT50,50.0,15.0,3,0.5,605,2025-10-17 13:26:35.282001,2025-10-17 13:33:28.376000,4032,6.88,8383951,8387982,LONG,0,1,100.0,96.0,25.0,-9.0,11.1625,92.2,17.25,29.02500000000002,1.0,11.25,SUCCESS,50.0,,57,13,,SUCCESS,51.34,False,100.0
FA_SD50_R03_MA3_RT50,50.0,15.0,3,0.5,606,2025-10-17 13:33:28.376000,2025-10-17 13:43:00.077000,6901,9.53,8387982,8394882,SHORT,2,3,480.0,468.0,40.0,-22.5,12.475,100.0,11.75,22.875,1.0,11.375,SUCCESS,50.0,1918,58,13,"-30.0,-60.0",SUCCESS,80.7,False,476.0
FA_SD50_R03_MA3_RT50,50.0,15.0,3,0.5,607,2025-10-17 13:43:00.077000,2025-10-17 13:50:07.994000,5375,7.13,8394882,8400256,LONG,1,2,260.0,252.0,32.5,-19.25,11.3,93.2,12.5,29.95000000000003,1.0,10.25,SUCCESS,50.0,,59,13,-30.0,SUCCESS,60.06,False,258.0
FA_SD50_R03_MA3_RT50,50.0,15.0,3,0.5,608,2025-10-17 13:50:07.994000,2025-10-17 13:54:17.047000,4371,4.15,8400256,8404626,SHORT,3,4,-440.0,-456.0,3.75,-30.0,10.0125,71.0,11.875,23.250000000000007,1.0,9.5,FAILURE,7.5,"2122,1327",60,13,"-30.0,-60.0,-90.0",SUCCESS,21.31,True,
FA_SD50_R03_MA3_RT50,50.0,15.0,3,0.5,609,2025-10-17 13:54:17.047000,2025-10-17 14:02:28.851000,8449,8.2,8404626,8413074,LONG,1,2,260.0,252.0,32.5,-19.5,9.5125,57.6,11.875,30.150000000000034,1.0,9.875,SUCCESS,50.0,,61,13,-30.0,FAILURE,95.32,False,258.0
FA_SD50_R03_MA3_RT50,50.0,15.0,3,0.5,610,2025-10-17 14:02:28.851000,2025-10-17 14:20:04.605000,13444,17.6,8413074,8426517,SHORT,3,4,-440.0,-456.0,18.0,-30.0,9.0125,39.0,12.75,30.30000000000001,1.0,9.0,FAILURE,36.0,"7471,851",62,14,"-30.0,-60.0,-90.0",SUCCESS,57.15,True,
FA_SD50_R03_MA3_RT50,50.0,15.0,3,0.5,611,2025-10-17 14:20:04.605000,2025-10-17 15:11:32.225000,30398,51.46,8426517,8456914,LONG,2,3,480.0,468.0,40.0,-22.5,6.4,0.0,11.625,23.200000000000006,1.0,6.25,SUCCESS,50.0,7726,63,14,"-30.0,-60.0",FAILURE,274.38,False,476.0
FA_SD50_R03_MA3_RT50,50.0,15.0,3,0.5,612,2025-10-17 15:11:32.225000,2025-10-17 15:30:40.202000,11535,19.13,8456914,8468448,SHORT,1,2,260.0,252.0,32.5,-15.0,8.5,24.1,16.25,25.35,1.0,8.75,SUCCESS,50.0,,64,15,-30.0,SUCCESS,93.5,False,258.0
FA_SD50_R03_MA3_RT50,50.0,15.0,3,0.5,614,2025-10-20 09:30:34.207000,2025-10-20 09:32:26.619000,5529,1.87,8510102,8515630,LONG,0,1,100.0,94.0,25.0,-3.0,11.6875,94.4,10.875,27.350000000000016,1.0,6.0,SUCCESS,50.0,,1,9,,SESSION_START,54.52,False,98.0
FA_SD50_R03_MA3_RT50,50.0,15.0,3,0.5,615,2025-10-20 09:32:26.619000,2025-10-20 10:04:02.983057,45350,31.61,8515630,8560979,SHORT,3,4,-440.0,-456.0,27.25,-30.0,7.6625,44.800000000000004,12.5,39.20000000000003,1.0,8.0,FAILURE,31.5,"3153,24266",2,9,"-30.0,-60.0,-90.0",SUCCESS,206.82,True,
FA_SD50_R03_MA3_RT50,50.0,15.0,3,0.5,616,2025-10-20 10:04:02.983057,2025-10-20 10:27:20.386002,28037,23.29,8560979,8589015,LONG,1,2,260.0,252.0,32.5,-21.25,7.4875,37.7,13.0,24.525000000000013,1.0,7.625,SUCCESS,50.0,,3,10,-30.0,FAILURE,191.64,False,258.0
FA_SD50_R03_MA3_RT50,50.0,15.0,3,0.5,617,2025-10-20 10:27:20.386002,2025-10-20 10:53:38.152003,29960,26.3,8589015,8618974,SHORT,3,4,-440.0,-456.0,10.75,-30.0,4.925,3.8000000000000003,12.75,27.175000000000004,1.0,4.625,FAILURE,6.5,"14293,10636",4,10,"-30.0,-60.0,-90.0",SUCCESS,87.69,True,
FA_SD50_R03_MA3_RT50,50.0,15.0,3,0.5,618,2025-10-20 10:53:38.152003,2025-10-20 11:51:31.420000,42663,57.89,8618974,8661636,LONG,1,2,260.0,252.0,32.5,-22.25,4.075,1.0,9.375,17.825000000000003,1.0,3.75,SUCCESS,50.0,,5,10,-30.0,FAILURE,249.26,False,258.0
FA_SD50_R03_MA3_RT50,50.0,15.0,3,0.5,619,2025-10-20 11:51:31.420000,2025-10-20 11:52:19.153000,1923,0.8,8661636,8663558,SHORT,0,1,101.0,97.0,25.25,-1.5,4.425,7.4,10.625,14.325000000000005,1.0,4.25,SUCCESS,50.5,,6,11,,SUCCESS,13.7327,False,101.0
FA_SD50_R03_MA3_RT50,50.0,15.0,3,0.5,620,2025-10-20 11:52:19.153000,2025-10-20 13:19:01.983000,52387,86.71,8663558,8715944,LONG,1,2,260.0,252.0,32.5,-20.5,5.925,61.300000000000004,10.875,17.700000000000006,1.0,5.125,SUCCESS,50.0,,7,11,-30.0,SUCCESS,355.24,False,258.0
FA_SD50_R03_MA3_RT50,50.0,15.0,3,0.5,621,2025-10-20 13:19:01.983000,2025-10-20 14:45:10.501001,32736,86.14,8715944,8748679,SHORT,0,1,100.0,96.0,25.0,-10.75,4.775,23.200000000000003,14.125,22.625000000000007,1.0,4.5,SUCCESS,50.0,,8,13,,SUCCESS,172.52,False,100.0
FA_SD50_R03_MA3_RT50,50.0,15.0,3,0.5,623,2025-10-21 09:42:02.142008,2025-10-21 09:48:57.930000,14653,6.93,8831487,8846139,SHORT,0,1,100.0,94.0,25.0,-14.5,6.3375,88.4,9.75,16.200000000000003,1.0,6.0,SUCCESS,50.0,,1,9,,SESSION_START,117.8,False,98.0
FA_SD50_R03_MA3_RT50,50.0,15.0,3,0.5,624,2025-10-21 09:48:57.930000,2025-10-21 09:50:37.865000,3810,1.67,8846139,8849948,LONG,0,1,100.0,96.0,25.0,-7.75,8.2625,100.0,11.875,31.000000000000004,1.0,8.375,SUCCESS,50.0,,2,9,,SUCCESS,29.36,False,100.0
FA_SD50_R03_MA3_RT50,50.0,15.0,3,0.5,625,2025-10-21 09:50:37.865000,2025-10-21 09:55:16.709087,6680,4.65,8849948,8856627,SHORT,1,2,260.0,252.0,32.5,-15.0,7.2375,94.7,11.25,31.000000000000004,1.0,6.75,SUCCESS,50.0,,3,9,-30.0,SUCCESS,53.1,False,258.0
FA_SD50_R03_MA3_RT50,50.0,15.0,3,0.5,626,2025-10-21 09:55:16.709087,2025-10-21 10:07:13.530000,16595,11.95,8856627,8873221,LONG,0,1,100.0,96.0,25.0,-14.25,7.2625,95.0,13.125,38.10000000000001,1.0,6.75,SUCCESS,50.0,,4,9,,SUCCESS,145.26,False,100.0
FA_SD50_R03_MA3_RT50,50.0,15.0,3,0.5,627,2025-10-21 10:07:13.530000,2025-10-21 10:10:17.494024,2981,3.07,8873221,8876201,SHORT,0,1,100.0,96.0,25.0,-2.0,7.9,95.60000000000001,11.625,22.150000000000002,1.0,7.375,SUCCESS,50.0,,5,10,,SUCCESS,25.28,False,100.0
FA_SD50_R03_MA3_RT50,50.0,15.0,3,0.5,628,2025-10-21 10:10:17.494024,2025-10-21 10:14:37.438000,4821,4.33,8876201,8881021,LONG,0,1,100.0,96.0,25.0,-8.25,7.5125,90.30000000000001,11.625,22.150000000000002,1.0,7.125,SUCCESS,50.0,,6,10,,SUCCESS,39.0,False,100.0
FA_SD50_R03_MA3_RT50,50.0,15.0,3,0.5,629,2025-10-21 10:14:37.438000,2025-10-21 10:28:19.115000,18788,13.69,8881021,8899808,SHORT,2,3,480.0,468.0,40.0,-22.5,7.275,82.60000000000001,11.5,20.425000000000004,1.0,7.0,SUCCESS,50.0,2596,7,10,"-30.0,-60.0",SUCCESS,138.06,False,476.0
FA_SD50_R03_MA3_RT50,50.0,15.0,3,0.5,630,2025-10-21 10:28:19.115000,2025-10-21 10:36:33.045000,12148,8.23,8899808,8911955,LONG,1,2,260.0,252.0,32.5,-15.0,7.3625,84.2,10.875,22.775000000000013,1.0,7.625,SUCCESS,50.0,,8,10,-30.0,SUCCESS,99.52,False,258.0
FA_SD50_R03_MA3_RT50,50.0,15.0,3,0.5,631,2025-10-21 10:36:33.045000,2025-10-21 10:58:03.767001,20789,21.51,8911955,8932743,SHORT,3,4,-440.0,-456.0,28.0,-30.0,6.675,50.0,15.5,39.375,1.0,6.75,FAILURE,41.0,"12529,1352",9,10,"-30.0,-60.0,-90.0",SUCCESS,77.5,True,
FA_SD50_R03_MA3_RT50,50.0,15.0,3,0.5,632,2025-10-21 10:58:03.767001,2025-10-21 11:17:09.530000,19281,19.1,8932743,8952023,LONG,3,4,-444.0,-460.0,14.75,-30.0,5.7,5.4,12.625,25.95000000000001,1.0,5.25,FAILURE,6.0,"4839,10839",10,10,"-30.0,-60.0,-90.0",FAILURE,67.607,True,
FA_SD50_R03_MA3_RT50,50.0,15.0,3,0.5,633,2025-10-21 11:17:09.530000,2025-10-21 11:46:18.983000,24060,29.16,8952023,8976082,SHORT,3,4,-439.0,-455.0,8.75,-30.25,6.9875,67.0,11.625,25.95000000000001,1.0,6.75,FAILURE,17.5,"7488,13757",11,11,"-30.0,-60.0,-90.5",FAILURE,85.01,True,
FA_SD50_R03_MA3_RT50,50.0,15.0,3,0.5,634,2025-10-21 11:46:18.983000,2025-10-21 11:54:35.090006,8627,8.27,8976082,8984708,LONG,0,1,100.0,96.0,25.0,-6.25,5.15,1.0,8.375,25.32500000000001,1.0,4.5,SUCCESS,50.0,,12,11,,FAILURE,44.98,False,100.0
FA_SD50_R03_MA3_RT50,50.0,15.0,3,0.5,635,2025-10-21 11:54:35.090006,2025-10-21 12:53:06.300000,33719,58.52,8984708,9018426,SHORT,1,2,260.0,252.0,32.5,-15.5,4.1,0.0,9.625,25.32500000000001,1.0,4.25,SUCCESS,50.0,,13,11,-30.0,SUCCESS,208.2,False,258.0
FA_SD50_R03_MA3_RT50,50.0,15.0,3,0.5,636,2025-10-21 12:53:06.300000,2025-10-21 13:04:01.506005,13633,10.92,9018426,9032058,LONG,3,4,-440.0,-456.0,11.0,-30.0,7.7125,99.80000000000001,14.125,21.6,1.0,7.25,FAILURE,22.0,"5395,2332",14,12,"-30.0,-60.0,-90.0",SUCCESS,61.2,True,
FA_SD50_R03_MA3_RT50,50.0,15.0,3,0.5,637,2025-10-21 13:04:01.506005,2025-10-21 13:11:42.354000,6740,7.68,9032058,9038797,SHORT,3,4,-440.0,-456.0,0.5,-30.0,8.25,97.5,12.625,17.675000000000004,1.0,8.0,FAILURE,1.0,"1973,1808",15,13,"-30.0,-60.0,-90.0",FAILURE,30.16,True,
FA_SD50_R03_MA3_RT50,50.0,15.0,3,0.5,638,2025-10-21 13:11:42.354000,2025-10-21 14:26:48.947101,37691,75.11,9038797,9076487,LONG,2,3,480.0,468.0,40.0,-27.5,7.3,83.80000000000001,12.75,20.80000000000001,1.0,6.875,SUCCESS,50.0,936,16,13,"-30.0,-60.0",FAILURE,282.36,False,476.0
FA_SD50_R03_MA3_RT50,50.0,15.0,3,0.5,639,2025-10-21 14:26:48.947101,2025-10-21 14:43:20.426000,6250,16.52,9076487,9082736,SHORT,0,1,100.0,96.0,25.0,-1.5,5.875,41.5,14.875,31.525,1.0,5.875,SUCCESS,50.0,,17,14,,SUCCESS,36.86,False,100.0
FA_SD50_R03_MA3_RT50,50.0,15.0,3,0.5,640,2025-10-21 14:43:20.426000,2025-10-21 15:50:37.182001,23674,67.28,9082736,9106409,LONG,0,1,100.0,96.0,25.0,-3.5,4.875,13.200000000000001,11.25,27.675000000000004,1.0,4.5,SUCCESS,50.0,,18,14,,SUCCESS,141.0,False,100.0
FA_SD50_R03_MA3_RT50,50.0,15.0,3,0.5,641,2025-10-21 15:50:37.182001,2025-10-21 15:59:33.860003,9778,8.94,9106409,9116186,SHORT,0,1,100.0,96.0,25.0,-8.75,4.4375,5.4,9.5,18.97500000000001,1.0,4.125,SUCCESS,50.0,,19,15,,SUCCESS,50.42,False,100.0
FA_SD50_R03_MA3_RT50,50.0,15.0,3,0.5,642,2025-10-21 15:59:33.860003,2025-10-21 16:02:33.305001,9088,2.99,9116186,9125273,LONG,3,4,-439.0,-455.0,2.75,-29.9167,3.75,0.2,9.125,18.97500000000001,1.0,3.5,FAILURE,5.5,"335,2180",20,15,"-30.0,-60.5,-90.0",SUCCESS,33.8,True,
FA_SD50_R03_MA3_RT50,50.0,15.0,3,0.5,644,2025-10-22 09:30:55.678000,2025-10-22 09:34:05.930001,8503,3.17,9137962,9146464,SHORT,0,1,100.0,94.0,25.0,-13.5,7.1,68.4,15.875,38.87500000000001,1.0,5.875,SUCCESS,50.0,,1,9,,SESSION_START,70.32,False,98.0
FA_SD50_R03_MA3_RT50,50.0,15.0,3,0.5,645,2025-10-22 09:34:05.930001,2025-10-22 09:39:45.820057,12729,5.66,9146464,9159192,LONG,1,2,260.0,252.0,32.5,-15.0,6.8375,59.0,13.0,28.97500000000001,1.0,6.5,SUCCESS,50.0,,2,9,-30.0,SUCCESS,102.06,False,258.0
FA_SD50_R03_MA3_RT50,50.0,15.0,3,0.5,646,2025-10-22 09:39:45.820057,2025-10-22 09:51:22.027000,20222,11.6,9159192,9179413,SHORT,3,4,-440.0,-456.0,6.25,-30.0,7.1875,76.5,9.75,20.875000000000007,1.0,7.25,FAILURE,5.0,"4121,5082",3,9,"-30.0,-60.0,-90.0",SUCCESS,78.38,True,
FA_SD50_R03_MA3_RT50,50.0,15.0,3,0.5,647,2025-10-22 09:51:22.027000,2025-10-22 10:14:57.463005,32515,23.59,9179413,9211927,LONG,3,4,-440.0,-456.0,24.0,-30.0,6.6375,69.10000000000001,14.0,28.65000000000001,1.0,6.0,FAILURE,48.0,"10576,2633",4,9,"-30.0,-60.0,-90.0",FAILURE,119.7,True,
FA_SD50_R03_MA3_RT50,50.0,15.0,3,0.5,648,2025-10-22 10:14:57.463005,2025-10-22 10:15:04.218012,1036,0.11,9211927,9212962,SHORT,0,1,100.0,96.0,25.0,-0.25,5.85,40.2,14.875,28.350000000000005,1.0,5.75,SUCCESS,50.0,,5,10,,FAILURE,6.22,False,100.0
FA_SD50_R03_MA3_RT50,50.0,15.0,3,0.5,649,2025-10-22 10:15:04.218012,2025-10-22 10:15:20.168000,1106,0.27,9212962,9214067,LONG,0,1,101.0,97.0,25.25,-0.25,5.9,42.1,15.375,32.12500000000001,1.0,5.75,SUCCESS,50.5,,6,10,,SUCCESS,8.7822,False,101.0
FA_SD50_R03_MA3_RT50,50.0,15.0,3,0.5,650,2025-10-22 10:15:20.168000,2025-10-22 10:24:02.194005,13997,8.7,9214067,9228063,SHORT,1,2,260.0,252.0,32.5,-22.0,6.0625,49.900000000000006,15.375,32.12500000000001,1.0,5.875,SUCCESS,50.0,,7,10,-30.0,SUCCESS,102.0,False,258.0
FA_SD50_R03_MA3_RT50,50.0,15.0,3,0.5,651,2025-10-22 10:24:02.194005,2025-10-22 10:28:11.277000,10539,4.15,9228063,9238601,LONG,3,4,-440.0,-456.0,16.75,-30.0,6.25,48.800000000000004,16.375,38.30000000000001,1.0,6.25,FAILURE,33.5,"317,2834",8,10,"-30.0,-60.0,-90.0",SUCCESS,42.54,True,
FA_SD50_R03_MA3_RT50,50.0,15.0,3,0.5,652,2025-10-22 10:28:11.277000,2025-10-22 10:29:18.732111,2456,1.12,9238601,9241056,SHORT,0,1,100.0,96.0,25.0,-6.0,6.975,79.9,14.375,43.400000000000006,1.0,6.875,SUCCESS,50.0,,9,10,,FAILURE,19.16,False,100.0
FA_SD50_R03_MA3_RT50,50.0,15.0,3,0.5,653,2025-10-22 10:29:18.732111,2025-10-22 10:30:22.317000,3752,1.06,9241056,9244807,LONG,0,1,100.0,96.0,25.0,-1.25,6.975,79.80000000000001,16.0,43.400000000000006,1.0,7.125,SUCCESS,50.0,,10,10,,SUCCESS,28.8,False,100.0
FA_SD50_R03_MA3_RT50,50.0,15.0,3,0.5,654,2025-10-22 10:30:22.317000,2025-10-22 10:30:56.346008,1539,0.57,9244807,9246345,SHORT,0,1,100.0,96.0,25.0,-1.75,6.6875,65.10000000000001,18.0,43.400000000000006,1.0,6.25,SUCCESS,50.0,,11,10,,SUCCESS,13.18,False,100.0
FA_SD50_R03_MA3_RT50,50.0,15.0,3,0.5,655,2025-10-22 10:30:56.346008,2025-10-22 10:46:06.597037,35406,15.17,9246345,9281750,LONG,3,4,-440.0,-456.0,23.25,-30.0,6.5875,57.2,18.0,43.400000000000006,1.0,5.875,FAILURE,31.5,"21805,9026",12,10,"-30.0,-60.0,-90.0",SUCCESS,145.57,True,
FA_SD50_R03_MA3_RT50,50.0,15.0,3,0.5,656,2025-10-22 10:46:06.597037,2025-10-22 10:50:04.517000,8763,3.97,9281750,9290512,SHORT,3,4,-440.0,-456.0,15.0,-30.0,7.95,91.80000000000001,11.75,26.325000000000003,1.0,8.0,FAILURE,30.0,"794,2087",13,10,"-30.0,-60.0,-90.0",FAILURE,37.09,True,
FA_SD50_R03_MA3_RT50,50.0,15.0,3,0.5,657,2025-10-22 10:50:04.517000,2025-10-22 10:56:19.211000,11277,6.24,9290512,9301788,LONG,0,1,101.0,97.0,25.25,-3.75,7.6875,85.9,11.25,31.275000000000013,1.0,7.875,SUCCESS,50.5,,14,10,,FAILURE,89.6733,False,101.0
FA_SD50_R03_MA3_RT50,50.0,15.0,3,0.5,658,2025-10-22 10:56:19.211000,2025-10-22 11:01:48.319002,11149,5.49,9301788,9312936,SHORT,3,4,-440.0,-456.0,2.25,-30.0,8.425,96.0,12.625,33.97500000000001,1.0,8.5,FAILURE,0.5,"5095,4354",15,10,"-30.0,-60.0,-90.0",SUCCESS,38.7,True,
FA_SD50_R03_MA3_RT50,50.0,15.0,3,0.5,659,2025-10-22 11:01:48.319002,2025-10-22 11:12:09.814000,11495,10.36,9312936,9324430,LONG,3,4,-440.0,-456.0,2.5,-30.0,6.3875,31.6,13.375,27.65000000000001,1.0,6.0,FAILURE,3.0,"4905,4129",16,11,"-30.0,-60.0,-90.0",FAILURE,48.13,True,
FA_SD50_R03_MA3_RT50,50.0,15.0,3,0.5,660,2025-10-22 11:12:09.814000,2025-10-22 11:17:24.655000,7145,5.25,9324430,9331574,SHORT,0,1,101.0,97.0,25.25,-13.5,7.5375,75.0,14.625,27.200000000000003,1.0,7.125,SUCCESS,50.5,,17,11,,FAILURE,61.9307,False,101.0
FA_SD50_R03_MA3_RT50,50.0,15.0,3,0.5,661,2025-10-22 11:17:24.655000,2025-10-22 11:22:12.693009,6543,4.8,9331574,9338116,LONG,3,4,-438.0,-454.0,18.5,-30.5,8.9625,97.4,15.375,28.1,1.0,8.875,FAILURE,37.0,"1437,896",18,11,"-30.0,-60.0,-91.0",SUCCESS,28.19,True,
FA_SD50_R03_MA3_RT50,50.0,15.0,3,0.5,662,2025-10-22 11:22:12.693009,2025-10-22 11:23:06.838000,2877,0.9,9338116,9340992,SHORT,0,1,101.0,97.0,25.25,-9.75,7.7,73.60000000000001,14.875,31.20000000000003,1.0,8.0,SUCCESS,50.5,,19,11,,FAILURE,22.901,False,101.0
FA_SD50_R03_MA3_RT50,50.0,15.0,3,0.5,663,2025-10-22 11:23:06.838000,2025-10-22 11:25:08.188000,5216,2.02,9340992,9346207,LONG,0,1,101.0,97.0,25.25,-12.5,7.6625,68.10000000000001,15.375,37.50000000000002,1.0,7.375,SUCCESS,50.5,,20,11,,SUCCESS,41.2574,False,101.0
FA_SD50_R03_MA3_RT50,50.0,15.0,3,0.5,664,2025-10-22 11:25:08.188000,2025-10-22 11:25:44.498000,1061,0.61,9346207,9347267,SHORT,0,1,100.0,96.0,25.0,-1.0,6.8625,29.1,14.5,30.375000000000007,1.0,6.875,SUCCESS,50.0,,21,11,,SUCCESS,9.88,False,100.0
FA_SD50_R03_MA3_RT50,50.0,15.0,3,0.5,665,2025-10-22 11:25:44.498000,2025-10-22 11:26:36.721000,1137,0.87,9347267,9348403,LONG,0,1,100.0,96.0,25.0,0.0,7.2875,48.300000000000004,14.5,30.375000000000007,1.0,7.375,SUCCESS,50.0,,22,11,,SUCCESS,11.52,False,100.0
FA_SD50_R03_MA3_RT50,50.0,15.0,3,0.5,666,2025-10-22 11:26:36.721000,2025-10-22 11:29:01.201000,2869,2.41,9348403,9351271,SHORT,0,1,102.0,98.0,25.5,-6.25,8.2875,90.4,12.5,30.375000000000007,1.0,7.5,SUCCESS,51.0,,23,11,,SUCCESS,29.3725,False,102.0
FA_SD50_R03_MA3_RT50,50.0,15.0,3,0.5,667,2025-10-22 11:29:01.201000,2025-10-22 11:41:19.503037,20566,12.31,9351271,9371836,LONG,2,3,480.0,468.0,40.0,-22.5,10.05,100.0,12.875,30.375000000000007,1.0,9.5,SUCCESS,50.0,2339,24,11,"-30.0,-60.0",SUCCESS,198.34,False,476.0
FA_SD50_R03_MA3_RT50,50.0,15.0,3,0.5,668,2025-10-22 11:41:19.503037,2025-10-22 11:51:04.162003,10717,9.74,9371836,9382552,SHORT,3,4,-440.0,-456.0,17.25,-30.0,9.875,97.80000000000001,10.75,31.625000000000014,1.0,9.5,FAILURE,34.5,"1329,3877",25,11,"-30.0,-60.0,-90.0",SUCCESS,48.43,True,
FA_SD50_R03_MA3_RT50,50.0,15.0,3,0.5,669,2025-10-22 11:51:04.162003,2025-10-22 12:03:01.923013,14116,11.96,9382552,9396667,LONG,3,4,-440.0,-456.0,16.75,-30.0,8.2625,68.4,12.375,25.775000000000006,1.0,7.875,FAILURE,33.5,"4741,1377",26,11,"-30.0,-60.0,-90.0",FAILURE,61.95,True,
FA_SD50_R03_MA3_RT50,50.0,15.0,3,0.5,670,2025-10-22 12:03:01.923013,2025-10-22 12:21:01.034000,16453,17.99,9396667,9413119,SHORT,2,3,480.0,468.0,40.0,-22.5,7.8,48.900000000000006,13.625,27.70000000000001,1.0,7.75,SUCCESS,50.0,2009,27,12,"-30.0,-60.0",FAILURE,152.28,False,476.0
FA_SD50_R03_MA3_RT50,50.0,15.0,3,0.5,671,2025-10-22 12:21:01.034000,2025-10-22 12:30:38.373085,12281,9.62,9413119,9425399,LONG,3,4,-440.0,-456.0,27.5,-30.0,7.8625,45.2,16.875,29.07500000000001,1.0,7.375,FAILURE,25.0,"1107,8405",28,12,"-30.0,-60.0,-90.0",SUCCESS,56.66,True,
FA_SD50_R03_MA3_RT50,50.0,15.0,3,0.5,672,2025-10-22 12:30:38.373085,2025-10-22 12:30:39.341009,715,0.02,9425399,9426113,SHORT,0,1,100.0,96.0,25.0,-4.0,10.6375,100.0,18.0,30.025,1.0,9.0,SUCCESS,50.0,,29,12,,FAILURE,13.82,False,100.0
FA_SD50_R03_MA3_RT50,50.0,15.0,3,0.5,673,2025-10-22 12:30:39.341009,2025-10-22 12:30:48.083002,2378,0.15,9426113,9428490,LONG,3,4,-440.0,-456.0,4.25,-30.0,11.275,100.0,18.0,30.025,1.0,10.25,FAILURE,8.5,"274,1249",30,12,"-30.0,-60.0,-90.0",SUCCESS,22.57,True,
FA_SD50_R03_MA3_RT50,50.0,15.0,3,0.5,674,2025-10-22 12:30:48.083002,2025-10-22 12:31:17.789000,4644,0.5,9428490,9433133,SHORT,3,4,-439.0,-455.0,21.0833,-29.9167,14.025,100.0,18.0,30.025,1.0,15.0,FAILURE,12.0,"471,2858",31,12,"-30.0,-60.5,-90.0",FAILURE,44.72,True,
FA_SD50_R03_MA3_RT50,50.0,15.0,3,0.5,675,2025-10-22 12:31:17.789000,2025-10-22 12:32:01.184000,2815,0.72,9433133,9435947,LONG,3,4,-435.0,-451.0,3.0,-29.5833,13.6625,97.0,24.0,31.725000000000023,1.0,13.5,FAILURE,4.0,"1194,292",32,12,"-30.0,-62.5,-90.0",FAILURE,25.69,True,
FA_SD50_R03_MA3_RT50,50.0,15.0,3,0.5,676,2025-10-22 12:32:01.184000,2025-10-22 12:32:12.651000,955,0.19,9435947,9436901,SHORT,0,1,100.0,96.0,25.0,-3.75,14.8625,99.60000000000001,21.875,31.725000000000023,1.0,14.5,SUCCESS,50.0,,33,12,,FAILURE,15.1,False,100.0
FA_SD50_R03_MA3_RT50,50.0,15.0,3,0.5,677,2025-10-22 12:32:12.651000,2025-10-22 12:32:33.574001,1982,0.35,9436901,9438882,LONG,0,1,100.0,96.0,25.0,-11.75,14.075,95.4,22.125,48.37500000000005,1.0,12.5,SUCCESS,50.0,,34,12,,SUCCESS,28.06,False,100.0
FA_SD50_R03_MA3_RT50,50.0,15.0,3,0.5,678,2025-10-22 12:32:33.574001,2025-10-22 12:32:49.482001,1018,0.27,9438882,9439899,SHORT,0,1,100.0,96.0,25.0,-2.0,12.9625,91.0,24.375,48.37500000000005,1.0,11.75,SUCCESS,50.0,,35,12,,SUCCESS,14.14,False,100.0
FA_SD50_R03_MA3_RT50,50.0,15.0,3,0.5,679,2025-10-22 12:32:49.482001,2025-10-22 12:33:19.872001,2790,0.51,9439899,9442688,LONG,1,2,260.0,252.0,32.5,-15.5,11.15,89.0,24.375,48.37500000000005,1.0,10.875,SUCCESS,50.0,,36,12,-30.0,SUCCESS,35.7,False,258.0
FA_SD50_R03_MA3_RT50,50.0,15.0,3,0.5,680,2025-10-22 12:33:19.872001,2025-10-22 12:33:50.892000,2183,0.52,9442688,9444870,SHORT,3,4,-440.0,-456.0,2.0,-30.0,12.075,89.80000000000001,26.125,48.37500000000005,1.0,11.375,FAILURE,4.0,"1284,528",37,12,"-30.0,-60.0,-90.0",SUCCESS,17.77,True,
FA_SD50_R03_MA3_RT50,50.0,15.0,3,0.5,681,2025-10-22 12:33:50.892000,2025-10-22 12:34:48.310039,3495,0.96,9444870,9448364,LONG,1,2,260.0,252.0,32.5,-16.25,12.85,90.4,26.0,68.40000000000002,1.0,12.375,SUCCESS,50.0,,38,12,-30.0,FAILURE,44.8,False,258.0
FA_SD50_R03_MA3_RT50,50.0,15.0,3,0.5,682,2025-10-22 12:34:48.310039,2025-10-22 12:49:33.294001,21433,14.75,9448364,9469796,SHORT,2,3,480.0,468.0,40.0,-22.5,12.2625,86.0,23.75,68.40000000000002,1.0,11.75,SUCCESS,50.0,12052,39,12,"-30.0,-60.0",SUCCESS,312.02,False,476.0
FA_SD50_R03_MA3_RT50,50.0,15.0,3,0.5,683,2025-10-22 12:49:33.294001,2025-10-22 12:52:56.265000,4260,3.38,9469796,9474055,LONG,0,1,100.0,96.0,25.0,-13.5,11.7375,68.8,15.25,30.825000000000003,1.0,10.5,SUCCESS,50.0,,40,12,,SUCCESS,52.04,False,100.0
FA_SD50_R03_MA3_RT50,50.0,15.0,3,0.5,684,2025-10-22 12:52:56.265000,2025-10-22 13:04:08.240010,12695,11.2,9474055,9486749,SHORT,3,4,760.0,744.0,47.5,-30.0,11.9,69.60000000000001,22.75,31.725,1.0,11.25,SUCCESS,50.0,"868,635",41,12,"-30.0,-60.0,-90.0",SUCCESS,170.54,True,754.0
FA_SD50_R03_MA3_RT50,50.0,15.0,3,0.5,685,2025-10-22 13:04:08.240010,2025-10-22 13:16:10.872000,12271,12.04,9486749,9499019,LONG,3,4,-440.0,-456.0,32.0,-30.0,12.575,77.2,11.5,32.42500000000001,1.0,12.125,FAILURE,49.0,"5717,1875",42,13,"-30.0,-60.0,-90.0",SUCCESS,73.16,True,
FA_SD50_R03_MA3_RT50,50.0,15.0,3,0.5,686,2025-10-22 13:16:10.872000,2025-10-22 13:24:06.830000,7978,7.93,9499019,9506996,SHORT,1,2,260.0,252.0,32.5,-18.5,8.9875,35.0,13.25,30.850000000000016,1.0,8.5,SUCCESS,50.0,,43,13,-30.0,FAILURE,89.38,False,258.0
FA_SD50_R03_MA3_RT50,50.0,15.0,3,0.5,687,2025-10-22 13:24:06.830000,2025-10-22 13:29:51.983001,6408,5.75,9506996,9513403,LONG,0,1,100.0,96.0,25.0,-14.25,9.125,32.800000000000004,14.875,27.275000000000006,1.0,8.625,SUCCESS,50.0,,44,13,,SUCCESS,65.44,False,100.0
FA_SD50_R03_MA3_RT50,50.0,15.0,3,0.5,688,2025-10-22 13:29:51.983001,2025-10-22 13:30:29.582002,762,0.63,9513403,9514164,SHORT,0,1,100.0,96.0,25.0,-0.5,9.8625,40.800000000000004,10.625,25.025,1.0,9.875,SUCCESS,50.0,,45,13,,SUCCESS,8.26,False,100.0
FA_SD50_R03_MA3_RT50,50.0,15.0,3,0.5,689,2025-10-22 13:30:29.582002,2025-10-22 13:33:20.112000,2134,2.84,9514164,9516297,LONG,0,1,100.0,96.0,25.0,-3.75,10.4875,44.2,10.625,23.425000000000004,1.0,10.625,SUCCESS,50.0,,46,13,,SUCCESS,23.84,False,100.0
FA_SD50_R03_MA3_RT50,50.0,15.0,3,0.5,690,2025-10-22 13:33:20.112000,2025-10-22 13:37:10.225000,4028,3.84,9516297,9520324,SHORT,0,1,100.0,96.0,25.0,-12.5,9.9125,39.400000000000006,10.625,23.425000000000004,1.0,9.25,SUCCESS,50.0,,47,13,,SUCCESS,42.52,False,100.0
FA_SD50_R03_MA3_RT50,50.0,15.0,3,0.5,691,2025-10-22 13:37:10.225000,2025-10-22 13:41:49.466001,5638,4.65,9520324,9525961,LONG,3,4,-440.0,-456.0,4.0,-30.0,9.2125,29.0,10.625,25.175000000000004,1.0,8.5,FAILURE,8.0,"1042,2361",48,13,"-30.0,-60.0,-90.0",SUCCESS,26.03,True,
FA_SD50_R03_MA3_RT50,50.0,15.0,3,0.5,692,2025-10-22 13:41:49.466001,2025-10-22 13:54:38.024000,15114,12.81,9525961,9541074,SHORT,2,3,480.0,468.0,40.0,-22.5,8.25,10.8,12.5,27.42500000000001,1.0,8.625,SUCCESS,50.0,2397,49,13,"-30.0,-60.0",FAILURE,158.04,False,476.0
FA_SD50_R03_MA3_RT50,50.0,15.0,3,0.5,693,2025-10-22 13:54:38.024000,2025-10-22 13:57:34.991000,3166,2.95,9541074,9544239,LONG,0,1,100.0,96.0,25.0,-10.25,8.975,19.900000000000002,11.375,35.825000000000024,1.0,8.625,SUCCESS,50.0,,50,13,,SUCCESS,32.96,False,100.0
FA_SD50_R03_MA3_RT50,50.0,15.0,3,0.5,694,2025-10-22 13:57:34.991000,2025-10-22 14:00:23.496000,3890,2.81,9544239,9548128,SHORT,3,4,-440.0,-456.0,1.5,-30.0,9.55,31.0,11.375,27.92500000000001,1.0,9.625,FAILURE,1.0,"1339,914",51,13,"-30.0,-60.0,-90.0",SUCCESS,18.62,True,
FA_SD50_R03_MA3_RT50,50.0,15.0,3,0.5,695,2025-10-22 14:00:23.496000,2025-10-22 14:17:24.530000,16178,17.02,9548128,9564305,LONG,3,4,-440.0,-456.0,21.25,-30.0,8.5375,8.1,10.875,28.250000000000014,1.0,8.0,FAILURE,42.5,"1255,2067",52,14,"-30.0,-60.0,-90.0",FAILURE,88.51,True,
FA_SD50_R03_MA3_RT50,50.0,15.0,3,0.5,696,2025-10-22 14:17:24.530000,2025-10-22 14:20:41.273000,3641,3.28,9564305,9567945,SHORT,3,4,-440.0,-456.0,13.0,-30.0,10.7,48.6,13.75,28.700000000000014,1.0,10.75,FAILURE,26.0,"929,508",53,14,"-30.0,-60.0,-90.0",FAILURE,18.67,True,
FA_SD50_R03_MA3_RT50,50.0,15.0,3,0.5,697,2025-10-22 14:20:41.273000,2025-10-22 14:21:40.725055,1230,0.99,9567945,9569174,LONG,0,1,100.0,96.0,25.0,-5.0,9.65,37.6,12.625,26.400000000000002,1.0,9.125,SUCCESS,50.0,,54,14,,FAILURE,12.84,False,100.0
FA_SD50_R03_MA3_RT50,50.0,15.0,3,0.5,698,2025-10-22 14:21:40.725055,2025-10-22 14:32:37.120000,11209,10.94,9569174,9580382,SHORT,1,2,260.0,252.0,32.5,-21.5,9.65,37.7,12.625,26.400000000000002,1.0,9.125,SUCCESS,50.0,,55,14,-30.0,SUCCESS,118.76,False,258.0
FA_SD50_R03_MA3_RT50,50.0,15.0,3,0.5,699,2025-10-22 14:32:37.120000,2025-10-22 14:33:13.513000,710,0.61,9580382,9581091,LONG,0,1,100.0,96.0,25.0,-0.75,9.2125,32.4,11.75,26.475,1.0,8.625,SUCCESS,50.0,,56,14,,SUCCESS,7.46,False,100.0
FA_SD50_R03_MA3_RT50,50.0,15.0,3,0.5,700,2025-10-22 14:33:13.513000,2025-10-22 15:00:16.184000,24259,27.04,9581091,9605349,SHORT,3,4,-440.0,-456.0,27.25,-30.0,9.325,36.4,11.75,26.475,1.0,8.625,FAILURE,39.5,"4381,15412",57,14,"-30.0,-60.0,-90.0",SUCCESS,117.89,True,
FA_SD50_R03_MA3_RT50,50.0,15.0,3,0.5,701,2025-10-22 15:00:16.184000,2025-10-22 15:08:16.537000,9841,8.01,9605349,9615189,LONG,2,3,480.0,468.0,40.0,-26.75,8.1125,2.2,13.125,23.825000000000003,1.0,8.0,SUCCESS,50.0,502,58,15,"-30.0,-60.0",FAILURE,96.0,False,476.0
FA_SD50_R03_MA3_RT50,50.0,15.0,3,0.5,702,2025-10-22 15:08:16.537000,2025-10-22 15:37:51.438044,23500,29.58,9615189,9638688,SHORT,3,4,-440.0,-456.0,22.5,-30.0,8.3125,8.1,20.0,32.35000000000001,1.0,7.5,FAILURE,30.0,"14921,4938",59,15,"-30.0,-60.0,-90.0",SUCCESS,108.1,True,
FA_SD50_R03_MA3_RT50,50.0,15.0,3,0.5,703,2025-10-22 15:37:51.438044,2025-10-22 16:02:38.551038,30604,24.79,9638688,9669291,LONG,1,2,260.0,252.0,32.5,-22.0,7.425,4.0,14.625,24.050000000000004,1.0,7.375,SUCCESS,50.0,,60,15,-30.0,FAILURE,244.32,False,258.0
FA_SD50_R03_MA3_RT50,50.0,15.0,3,0.5,705,2025-10-23 09:37:05.559008,2025-10-23 09:44:58.187002,13508,7.88,9694865,9708372,LONG,0,1,100.0,94.0,25.0,-11.0,7.6375,27.400000000000002,14.25,30.72500000000001,1.0,7.125,SUCCESS,50.0,,1,9,,SESSION_START,106.78,False,98.0
FA_SD50_R03_MA3_RT50,50.0,15.0,3,0.5,706,2025-10-23 09:44:58.187002,2025-10-23 09:50:02.531000,13495,5.07,9708372,9721866,SHORT,3,4,-440.0,-456.0,4.75,-30.0,6.4375,12.200000000000001,10.75,22.425000000000004,1.0,6.375,FAILURE,4.0,"7897,3038",2,9,"-30.0,-60.0,-90.0",SUCCESS,44.26,True,
FA_SD50_R03_MA3_RT50,50.0,15.0,3,0.5,707,2025-10-23 09:50:02.531000,2025-10-23 09:54:56.767005,9702,4.9,9721866,9731567,LONG,0,1,100.0,96.0,25.0,-3.0,5.5625,10.0,9.25,26.350000000000026,1.0,5.0,SUCCESS,50.0,,3,9,,FAILURE,63.36,False,100.0
FA_SD50_R03_MA3_RT50,50.0,15.0,3,0.5,708,2025-10-23 09:54:56.767005,2025-10-23 10:00:57.149001,11915,6.01,9731567,9743481,SHORT,0,1,100.0,96.0,25.0,-13.5,6.625,33.6,10.75,27.025000000000034,1.0,6.625,SUCCESS,50.0,,4,9,,SUCCESS,91.4,False,100.0
FA_SD50_R03_MA3_RT50,50.0,15.0,3,0.5,709,2025-10-23 10:00:57.149001,2025-10-23 10:03:47.372000,3988,2.84,9743481,9747468,LONG,0,1,100.0,96.0,25.0,-3.75,8.0625,76.80000000000001,12.125,30.62500000000003,1.0,7.625,SUCCESS,50.0,,5,10,,SUCCESS,35.54,False,100.0
FA_SD50_R03_MA3_RT50,50.0,15.0,3,0.5,710,2025-10-23 10:03:47.372000,2025-10-23 10:05:26.604000,3203,1.65,9747468,9750670,SHORT,0,1,100.0,96.0,25.0,-3.0,7.7,63.2,11.75,37.37500000000002,1.0,7.375,SUCCESS,50.0,,6,10,,SUCCESS,25.8,False,100.0
FA_SD50_R03_MA3_RT50,50.0,15.0,3,0.5,711,2025-10-23 10:05:26.604000,2025-10-23 10:19:47.428015,22715,14.35,9750670,9773384,LONG,3,4,-440.0,-456.0,20.0,-30.0,7.55,60.2,10.25,29.25000000000001,1.0,7.25,FAILURE,28.5,"4043,13708",7,10,"-30.0,-60.0,-90.0",SUCCESS,100.47,True,
FA_SD50_R03_MA3_RT50,50.0,15.0,3,0.5,712,2025-10-23 10:19:47.428015,2025-10-23 10:24:05.989002,6935,4.31,9773384,9780318,SHORT,3,4,-440.0,-456.0,14.75,-30.0,7.65,57.400000000000006,11.625,26.725,1.0,7.25,FAILURE,14.5,"3303,1624",8,10,"-30.0,-60.0,-90.0",FAILURE,29.47,True,
FA_SD50_R03_MA3_RT50,50.0,15.0,3,0.5,713,2025-10-23 10:24:05.989002,2025-10-23 10:26:43.341088,5951,2.62,9780318,9786268,LONG,0,1,100.0,96.0,25.0,-13.5,7.25,46.6,13.0,32.875,1.0,6.375,SUCCESS,50.0,,9,10,,FAILURE,53.22,False,100.0
FA_SD50_R03_MA3_RT50,50.0,15.0,3,0.5,714,2025-10-23 10:26:43.341088,2025-10-23 10:30:01.981000,3466,3.31,9786268,9789733,SHORT,0,1,100.0,96.0,25.0,-2.5,7.8,68.9,13.25,32.875,1.0,7.5,SUCCESS,50.0,,10,10,,SUCCESS,31.38,False,100.0
FA_SD50_R03_MA3_RT50,50.0,15.0,3,0.5,715,2025-10-23 10:30:01.981000,2025-10-23 10:35:01.938000,5162,5.0,9789733,9794894,LONG,0,1,101.0,97.0,25.25,-7.5,7.475,51.800000000000004,13.75,31.525000000000006,1.0,6.5,SUCCESS,50.5,,11,10,,SUCCESS,46.901,False,101.0
FA_SD50_R03_MA3_RT50,50.0,15.0,3,0.5,716,2025-10-23 10:35:01.938000,2025-10-23 11:22:22.283023,47068,47.34,9794894,9841961,SHORT,2,3,480.0,468.0,40.0,-22.5,7.9,72.4,13.75,31.525000000000006,1.0,8.125,SUCCESS,50.0,15889,12,10,"-30.0,-60.0",SUCCESS,361.82,False,476.0
FA_SD50_R03_MA3_RT50,50.0,15.0,3,0.5,717,2025-10-23 11:22:22.283023,2025-10-23 11:23:48.090009,1546,1.43,9841961,9843506,LONG,0,1,100.0,96.0,25.0,-1.0,6.6875,38.2,12.375,21.725,1.0,6.375,SUCCESS,50.0,,13,11,,SUCCESS,12.2,False,100.0
FA_SD50_R03_MA3_RT50,50.0,15.0,3,0.5,718,2025-10-23 11:23:48.090009,2025-10-23 11:44:09.444000,20276,20.36,9843506,9863781,SHORT,2,3,480.0,468.0,40.0,-23.75,6.85,41.800000000000004,12.375,21.725,1.0,6.125,SUCCESS,50.0,2672,14,11,"-30.0,-60.0",SUCCESS,143.64,False,476.0
FA_SD50_R03_MA3_RT50,50.0,15.0,3,0.5,719,2025-10-23 11:44:09.444000,2025-10-23 11:48:41.005000,7780,4.53,9863781,9871560,LONG,1,2,260.0,252.0,32.5,-15.0,7.325,56.300000000000004,12.75,25.675000000000004,1.0,7.0,SUCCESS,50.0,,15,11,-30.0,SUCCESS,57.14,False,258.0
FA_SD50_R03_MA3_RT50,50.0,15.0,3,0.5,720,2025-10-23 11:48:41.005000,2025-10-23 11:56:45.044000,10076,8.07,9871560,9881635,SHORT,3,4,-440.0,-456.0,7.75,-30.0,6.4875,20.5,12.75,27.350000000000026,1.0,5.75,FAILURE,15.5,"1990,3365",16,11,"-30.0,-60.0,-90.0",SUCCESS,30.68,True,
FA_SD50_R03_MA3_RT50,50.0,15.0,3,0.5,721,2025-10-23 11:56:45.044000,2025-10-23 13:00:01.282002,43074,63.27,9881635,9924708,LONG,2,3,480.0,468.0,40.0,-22.5,5.2125,1.8,9.625,44.275000000000006,1.0,5.375,SUCCESS,50.0,2421,17,11,"-30.0,-60.0",FAILURE,254.0,False,476.0
FA_SD50_R03_MA3_RT50,50.0,15.0,3,0.5,722,2025-10-23 13:00:01.282002,2025-10-23 13:08:01.305000,5839,8.0,9924708,9930546,SHORT,0,1,100.0,96.0,25.0,-7.0,3.925,2.4000000000000004,10.125,24.22500000000001,1.0,3.5,SUCCESS,50.0,,18,13,,SUCCESS,33.12,False,100.0
FA_SD50_R03_MA3_RT50,50.0,15.0,3,0.5,723,2025-10-23 13:08:01.305000,2025-10-23 13:13:03.568001,9893,5.04,9930546,9940438,LONG,1,2,260.0,252.0,32.5,-19.5,4.65,9.0,10.875,24.22500000000001,1.0,4.25,SUCCESS,50.0,,19,13,-30.0,SUCCESS,96.14,False,258.0
FA_SD50_R03_MA3_RT50,50.0,15.0,3,0.5,724,2025-10-23 13:13:03.568001,2025-10-23 13:25:16.287000,6266,12.21,9940438,9946703,SHORT,0,1,100.0,96.0,25.0,-4.25,8.9,95.80000000000001,13.25,26.525000000000006,1.0,8.0,SUCCESS,50.0,,20,13,,SUCCESS,46.48,False,100.0
FA_SD50_R03_MA3_RT50,50.0,15.0,3,0.5,725,2025-10-23 13:25:16.287000,2025-10-23 13:35:23.667058,9095,10.12,9946703,9955797,LONG,1,2,260.0,252.0,32.5,-15.0,6.725,68.7,14.0,26.525000000000006,1.0,6.875,SUCCESS,50.0,,21,13,-30.0,SUCCESS,60.78,False,258.0
FA_SD50_R03_MA3_RT50,50.0,15.0,3,0.5,727,2025-10-24 09:36:48.030000,2025-10-24 09:50:17.096000,26428,13.48,10069320,10095747,LONG,3,4,-448.0,-466.0,26.0,-30.0,6.65,82.80000000000001,15.125,37.85000000000001,1.0,6.0,FAILURE,37.0,"12838,4183",1,9,"-30.0,-60.0,-90.0",SESSION_START,128.7921,True,
FA_SD50_R03_MA3_RT50,50.0,15.0,3,0.5,728,2025-10-24 09:50:17.096000,2025-10-24 10:00:28.845004,14892,10.2,10095747,10110638,SHORT,3,4,-440.0,-456.0,7.75,-30.0,7.2625,76.60000000000001,11.875,24.10000000000002,1.0,7.25,FAILURE,4.0,"6866,1989",2,9,"-30.0,-60.0,-90.0",FAILURE,72.68,True,
FA_SD50_R03_MA3_RT50,50.0,15.0,3,0.5,729,2025-10-24 10:00:28.845004,2025-10-24 10:06:24.902262,10977,5.93,10110638,10121614,LONG,1,2,260.0,252.0,32.5,-15.0,9.05,91.0,10.25,26.400000000000002,1.0,8.25,SUCCESS,50.0,,3,10,-30.0,FAILURE,86.4,False,258.0
FA_SD50_R03_MA3_RT50,50.0,15.0,3,0.5,730,2025-10-24 10:06:24.902262,2025-10-24 10:20:27.290000,13953,14.04,10121614,10135566,SHORT,0,1,100.0,96.0,25.0,-7.75,7.0625,61.6,14.625,27.875,1.0,6.375,SUCCESS,50.0,,4,10,,SUCCESS,109.22,False,100.0
FA_SD50_R03_MA3_RT50,50.0,15.0,3,0.5,731,2025-10-24 10:20:27.290000,2025-10-24 10:54:23.834000,41000,33.94,10135566,10176565,LONG,3,4,-440.0,-456.0,42.5,-30.0,6.65,51.7,16.5,20.675000000000004,1.0,6.875,FAILURE,40.0,"5834,1237",5,10,"-30.0,-60.0,-90.0",SUCCESS,141.96,True,
FA_SD50_R03_MA3_RT50,50.0,15.0,3,0.5,732,2025-10-24 10:54:23.834000,2025-10-24 10:56:52.907000,4809,2.48,10176565,10181373,SHORT,0,1,100.0,96.0,25.0,-8.75,6.0,13.200000000000001,13.0,25.375,1.0,5.375,SUCCESS,50.0,,6,10,,FAILURE,33.96,False,100.0
FA_SD50_R03_MA3_RT50,50.0,15.0,3,0.5,733,2025-10-24 10:56:52.907000,2025-10-24 10:58:15.402000,2950,1.37,10181373,10184322,LONG,0,1,100.0,96.0,25.0,-9.5,6.4375,34.800000000000004,10.875,25.375,1.0,6.25,SUCCESS,50.0,,7,10,,SUCCESS,23.18,False,100.0
FA_SD50_R03_MA3_RT50,50.0,15.0,3,0.5,734,2025-10-24 10:58:15.402000,2025-10-24 11:16:08.486000,16683,17.88,10184322,10201004,SHORT,3,4,-440.0,-456.0,16.75,-30.0,6.75,56.300000000000004,11.375,27.750000000000018,1.0,6.5,FAILURE,18.5,"8282,1907",8,10,"-30.0,-60.0,-90.0",SUCCESS,64.5,True,
FA_SD50_R03_MA3_RT50,50.0,15.0,3,0.5,735,2025-10-24 11:16:08.486000,2025-10-24 11:24:02.689008,7946,7.9,10201004,10208949,LONG,0,1,100.0,96.0,25.0,-7.25,5.55,6.6000000000000005,11.25,24.87500000000002,1.0,5.0,SUCCESS,50.0,,9,11,,FAILURE,46.28,False,100.0
FA_SD50_R03_MA3_RT50,50.0,15.0,3,0.5,736,2025-10-24 11:24:02.689008,2025-10-24 11:35:13.877000,9956,11.19,10208949,10218904,SHORT,0,1,100.0,96.0,25.0,-5.5,4.7375,4.9,11.625,37.425000000000004,1.0,4.125,SUCCESS,50.0,,10,11,,SUCCESS,57.12,False,100.0
FA_SD50_R03_MA3_RT50,50.0,15.0,3,0.5,737,2025-10-24 11:35:13.877000,2025-10-24 12:13:07.750000,25590,37.9,10218904,10244493,LONG,1,2,260.0,252.0,32.5,-15.0,4.9,11.3,11.625,29.175000000000004,1.0,4.25,SUCCESS,50.0,,11,11,-30.0,SUCCESS,166.84,False,258.0
FA_SD50_R03_MA3_RT50,50.0,15.0,3,0.5,738,2025-10-24 12:13:07.750000,2025-10-24 15:56:55.473006,108986,223.8,10244493,10353478,SHORT,1,2,260.0,252.0,32.5,-22.25,5.7375,28.6,13.25,27.650000000000002,1.0,5.5,SUCCESS,50.0,,12,12,-30.0,SUCCESS,577.98,False,258.0
FA_SD50_R03_MA3_RT50,50.0,15.0,3,0.5,740,2025-10-27 10:01:33.258166,2025-10-27 10:46:05.741000,46890,44.54,10426200,10473089,LONG,2,3,480.0,466.0,40.0,-27.75,6.2125,61.5,14.375,22.70000000000001,1.0,5.625,SUCCESS,50.0,9867,1,10,"-30.0,-60.0",SESSION_START,337.08,False,474.0
FA_SD50_R03_MA3_RT50,50.0,15.0,3,0.5,741,2025-10-27 10:46:05.741000,2025-10-27 10:50:51.673001,4986,4.77,10473089,10478074,SHORT,0,1,100.0,96.0,25.0,-1.25,4.7625,22.6,9.625,18.125,1.0,4.25,SUCCESS,50.0,,2,10,,SUCCESS,31.0,False,100.0
FA_SD50_R03_MA3_RT50,50.0,15.0,3,0.5,742,2025-10-27 10:50:51.673001,2025-10-27 11:12:21.714003,17808,21.5,10478074,10495881,LONG,0,1,100.0,96.0,25.0,-14.5,5.8625,34.300000000000004,9.875,17.325000000000003,1.0,5.625,SUCCESS,50.0,,3,10,,SUCCESS,114.92,False,100.0
FA_SD50_R03_MA3_RT50,50.0,15.0,3,0.5,743,2025-10-27 11:12:21.714003,2025-10-27 14:55:31.847014,99599,223.17,10495881,10595479,SHORT,3,4,-440.0,-456.0,16.5,-30.0,4.9625,9.3,10.25,17.625000000000007,1.0,4.875,FAILURE,33.0,"51998,23082",4,11,"-30.0,-60.0,-90.0",SUCCESS,228.77,True,
FA_SD50_R03_MA3_RT50,50.0,15.0,3,0.5,744,2025-10-27 14:55:31.847014,2025-10-27 15:51:26.946000,37619,55.92,10595479,10633097,LONG,1,2,260.0,252.0,32.5,-15.0,3.35,21.6,10.0,16.375,1.0,3.375,SUCCESS,50.0,,5,14,-30.0,FAILURE,151.48,False,258.0
FA_SD50_R03_MA3_RT50,50.0,15.0,3,0.5,746,2025-10-28 12:30:44.138067,2025-10-28 12:30:45.872003,740,0.03,10821280,10822019,LONG,0,1,102.0,96.0,25.5,-1.25,4.475,13.4,12.625,28.800000000000022,1.0,4.25,SUCCESS,51.0,,1,12,,SESSION_START,8.0196,False,100.0
FA_SD50_R03_MA3_RT50,50.0,15.0,3,0.5,747,2025-10-28 12:30:45.872003,2025-10-28 12:31:57.754033,6096,1.2,10822019,10828114,SHORT,1,2,260.0,252.0,32.5,-15.0,5.325,35.7,12.625,28.800000000000022,1.0,4.5,SUCCESS,50.0,,2,12,-30.0,SUCCESS,55.5,False,258.0
FA_SD50_R03_MA3_RT50,50.0,15.0,3,0.5,748,2025-10-28 12:31:57.754033,2025-10-28 12:47:05.318000,12470,15.13,10828114,10840583,LONG,1,2,260.0,252.0,32.5,-18.75,9.1,98.2,12.625,43.075,1.0,7.875,SUCCESS,50.0,,3,12,-30.0,SUCCESS,101.88,False,258.0
FA_SD50_R03_MA3_RT50,50.0,15.0,3,0.5,749,2025-10-28 12:47:05.318000,2025-10-28 14:19:07.773000,54225,92.04,10840583,10894807,SHORT,3,4,-440.0,-456.0,24.25,-30.0,6.1875,73.0,14.875,35.90000000000001,1.0,6.125,FAILURE,48.5,"11797,11458",4,12,"-30.0,-60.0,-90.0",SUCCESS,154.5,True,
FA_SD50_R03_MA3_RT50,50.0,15.0,3,0.5,750,2025-10-28 14:19:07.773000,2025-10-28 15:06:41.369001,28103,47.56,10894807,10922909,LONG,0,1,100.0,96.0,25.0,-4.25,3.6,0.2,10.375,19.925000000000004,1.0,3.625,SUCCESS,50.0,,5,14,,FAILURE,126.04,False,100.0
FA_SD50_R03_MA3_RT50,50.0,15.0,3,0.5,751,2025-10-28 15:06:41.369001,2025-10-28 15:50:00.052004,33237,43.31,10922909,10956145,SHORT,1,2,260.0,252.0,32.5,-22.0,4.3,37.300000000000004,11.875,15.65000000000001,1.0,4.25,SUCCESS,50.0,,6,15,-30.0,SUCCESS,171.04,False,258.0
FA_SD50_R03_MA3_RT50,50.0,15.0,3,0.5,753,2025-10-29 09:57:23.340002,2025-10-29 10:12:07.743049,18558,14.74,11038139,11056696,LONG,3,4,-440.0,-458.0,10.5,-30.0,4.875,48.7,9.625,22.000000000000004,1.0,4.5,FAILURE,21.0,"2248,5034",1,9,"-30.0,-60.0,-90.0",SESSION_START,64.95,True,
FA_SD50_R03_MA3_RT50,50.0,15.0,3,0.5,754,2025-10-29 10:12:07.743049,2025-10-29 11:10:52.399001,52238,58.74,11056696,11108933,SHORT,2,3,480.0,468.0,40.0,-27.5,6.575,91.80000000000001,8.625,24.3,1.0,6.375,SUCCESS,50.0,1795,2,10,"-30.0,-60.0",FAILURE,327.38,False,476.0
FA_SD50_R03_MA3_RT50,50.0,15.0,3,0.5,755,2025-10-29 11:10:52.399001,2025-10-29 11:19:17.128000,8426,8.41,11108933,11117358,LONG,0,1,100.0,96.0,25.0,-3.0,4.95,13.9,12.5,27.22500000000001,1.0,4.75,SUCCESS,50.0,,3,11,,SUCCESS,50.98,False,100.0
FA_SD50_R03_MA3_RT50,50.0,15.0,3,0.5,756,2025-10-29 11:19:17.128000,2025-10-29 11:33:14.733000,9213,13.96,11117358,11126570,SHORT,0,1,100.0,96.0,25.0,-10.75,5.2625,29.200000000000003,15.75,27.900000000000006,1.0,5.5,SUCCESS,50.0,,4,11,,SUCCESS,53.2,False,100.0
FA_SD50_R03_MA3_RT50,50.0,15.0,3,0.5,757,2025-10-29 11:33:14.733000,2025-10-29 12:45:56.319000,51820,72.69,11126570,11178389,LONG,2,3,480.0,468.0,40.0,-22.75,5.75,68.60000000000001,17.375,31.275,1.0,5.375,SUCCESS,50.0,14640,5,11,"-30.0,-60.0",SUCCESS,312.1,False,476.0
FA_SD50_R03_MA3_RT50,50.0,15.0,3,0.5,758,2025-10-29 12:45:56.319000,2025-10-29 12:50:27.241106,2757,4.52,11178389,11181145,SHORT,0,1,100.0,96.0,25.0,-0.5,4.725,5.7,11.875,21.025000000000006,1.0,4.5,SUCCESS,50.0,,6,12,,SUCCESS,15.26,False,100.0
FA_SD50_R03_MA3_RT50,50.0,15.0,3,0.5,759,2025-10-29 12:50:27.241106,2025-10-29 13:05:05.298005,5588,14.63,11181145,11186732,LONG,0,1,100.0,96.0,25.0,-0.5,5.0875,28.200000000000003,11.875,20.75,1.0,5.0,SUCCESS,50.0,,7,12,,SUCCESS,31.38,False,100.0
FA_SD50_R03_MA3_RT50,50.0,15.0,3,0.5,760,2025-10-29 13:05:05.298005,2025-10-29 13:23:10.449000,5707,18.09,11186732,11192438,SHORT,0,1,102.0,98.0,25.5,-2.25,4.95,20.8,11.375,20.75,1.0,4.375,SUCCESS,51.0,,8,13,,SUCCESS,34.3922,False,102.0
FA_SD50_R03_MA3_RT50,50.0,15.0,3,0.5,761,2025-10-29 13:23:10.449000,2025-10-29 13:52:19.274000,10642,29.15,11192438,11203079,LONG,1,2,260.0,252.0,32.5,-15.0,5.5125,65.3,12.0,20.75,1.0,5.5,SUCCESS,50.0,,9,13,-30.0,SUCCESS,71.24,False,258.0
FA_SD50_R03_MA3_RT50,50.0,15.0,3,0.5,762,2025-10-29 13:52:19.274000,2025-10-29 14:03:01.833006,6301,10.71,11203079,11209379,SHORT,1,2,260.0,252.0,32.5,-17.0,5.55,67.60000000000001,11.625,24.275000000000013,1.0,5.625,SUCCESS,50.0,,10,13,-30.0,SUCCESS,119.14,False,258.0
FA_SD50_R03_MA3_RT50,50.0,15.0,3,0.5,763,2025-10-29 14:03:01.833006,2025-10-29 14:32:57.064000,20422,29.92,11209379,11229800,LONG,2,3,483.0,471.0,40.25,-22.5,14.75,100.0,12.5,31.500000000000004,1.0,13.5,SUCCESS,50.0,2153,11,14,"-31.0,-60.5",SUCCESS,268.52,False,479.0
FA_SD50_R03_MA3_RT50,50.0,15.0,3,0.5,764,2025-10-29 14:32:57.064000,2025-10-29 14:35:24.743002,2882,2.46,11229800,11232681,SHORT,1,2,260.0,252.0,32.5,-15.0,10.9375,89.2,14.625,25.400000000000006,1.0,11.0,SUCCESS,50.0,,12,14,-30.0,SUCCESS,36.58,False,258.0
FA_SD50_R03_MA3_RT50,50.0,15.0,3,0.5,765,2025-10-29 14:35:24.743002,2025-10-29 14:35:29.353006,1144,0.08,11232681,11233824,LONG,3,4,-442.0,-458.0,2.25,-29.8333,10.85,87.80000000000001,14.625,29.275000000000006,1.0,9.875,FAILURE,4.5,"137,280",13,14,"-30.0,-61.0,-90.0",SUCCESS,8.4527,True,
FA_SD50_R03_MA3_RT50,50.0,15.0,3,0.5,766,2025-10-29 14:35:29.353006,2025-10-29 14:35:30.671042,509,0.02,11233824,11234332,SHORT,0,1,100.0,96.0,25.0,-4.75,12.325,94.0,14.625,29.275000000000006,1.0,10.625,SUCCESS,50.0,,14,14,,FAILURE,11.72,False,100.0
FA_SD50_R03_MA3_RT50,50.0,15.0,3,0.5,767,2025-10-29 14:35:30.671042,2025-10-29 14:35:41.644003,2324,0.18,11234332,11236655,LONG,1,2,261.0,253.0,32.625,-15.25,13.125,95.2,14.625,29.275000000000006,1.0,10.625,SUCCESS,50.0,,15,14,-30.5,SUCCESS,60.18,False,259.0
FA_SD50_R03_MA3_RT50,50.0,15.0,3,0.5,768,2025-10-29 14:35:41.644003,2025-10-29 14:35:46.456000,556,0.08,11236655,11237210,SHORT,0,1,101.0,97.0,25.25,-9.25,16.9375,100.0,17.5,37.775000000000006,1.0,17.875,SUCCESS,50.5,,16,14,,SUCCESS,12.3069,False,101.0
FA_SD50_R03_MA3_RT50,50.0,15.0,3,0.5,769,2025-10-29 14:35:46.456000,2025-10-29 14:37:42.166012,7576,1.93,11237210,11244785,LONG,3,4,-440.0,-456.0,24.5,-30.0,17.7125,100.0,17.5,37.775000000000006,1.0,18.5,FAILURE,39.0,"3432,389",17,14,"-30.0,-60.0,-90.0",SUCCESS,90.92,True,
FA_SD50_R03_MA3_RT50,50.0,15.0,3,0.5,770,2025-10-29 14:37:42.166012,2025-10-29 14:39:27.589003,4936,1.76,11244785,11249720,SHORT,2,3,481.0,469.0,40.0833,-22.375,19.05,100.0,26.625,38.45000000000002,1.0,18.125,SUCCESS,50.0,3173,18,14,"-30.5,-60.0",FAILURE,120.9,False,477.0
FA_SD50_R03_MA3_RT50,50.0,15.0,3,0.5,771,2025-10-29 14:39:27.589003,2025-10-29 14:43:35.736009,9547,4.14,11249720,11259266,LONG,2,3,480.0,468.0,40.0,-25.75,18.775,96.2,24.375,38.45000000000002,1.0,19.125,SUCCESS,50.0,159,19,14,"-30.0,-60.0",SUCCESS,230.28,False,476.0
FA_SD50_R03_MA3_RT50,50.0,15.0,3,0.5,772,2025-10-29 14:43:35.736009,2025-10-29 14:44:22.959000,2475,0.79,11259266,11261740,SHORT,1,2,262.0,254.0,32.75,-15.0,20.4375,98.80000000000001,20.625,36.87500000000001,1.0,19.375,SUCCESS,50.5,,20,14,-30.0,SUCCESS,51.198,False,260.0
FA_SD50_R03_MA3_RT50,50.0,15.0,3,0.5,773,2025-10-29 14:44:22.959000,2025-10-29 14:45:21.343005,2450,0.97,11261740,11264189,LONG,1,2,260.0,252.0,32.5,-21.25,18.225,86.80000000000001,20.75,44.50000000000003,1.0,17.125,SUCCESS,50.0,,21,14,-30.0,SUCCESS,52.68,False,258.0
FA_SD50_R03_MA3_RT50,50.0,15.0,3,0.5,774,2025-10-29 14:45:21.343005,2025-10-29 14:47:54.398036,4893,2.55,11264189,11269081,SHORT,1,2,260.0,252.0,32.5,-18.75,17.325,80.60000000000001,18.875,44.75000000000003,1.0,16.375,SUCCESS,50.0,,22,14,-30.0,SUCCESS,94.74,False,258.0
FA_SD50_R03_MA3_RT50,50.0,15.0,3,0.5,775,2025-10-29 14:47:54.398036,2025-10-29 14:48:26.691000,1018,0.54,11269081,11270098,LONG,0,1,100.0,96.0,25.0,-11.75,17.1875,76.80000000000001,16.625,47.90000000000003,1.0,17.375,SUCCESS,50.0,,23,14,,SUCCESS,21.46,False,100.0
FA_SD50_R03_MA3_RT50,50.0,15.0,3,0.5,776,2025-10-29 14:48:26.691000,2025-10-29 14:50:18.625000,3250,1.87,11270098,11273347,SHORT,3,4,-444.0,-460.0,13.5,-30.0,16.7125,74.2,16.625,47.90000000000003,1.0,17.375,FAILURE,17.5,"1996,218",24,14,"-30.0,-60.0,-90.0",SUCCESS,28.9303,True,
FA_SD50_R03_MA3_RT50,50.0,15.0,3,0.5,777,2025-10-29 14:50:18.625000,2025-10-29 14:51:46.142110,3393,1.46,11273347,11276739,LONG,1,2,260.0,252.0,32.5,-15.0,17.5125,80.4,20.0,49.3,1.0,17.625,SUCCESS,50.0,,25,14,-30.0,FAILURE,62.86,False,258.0
FA_SD50_R03_MA3_RT50,50.0,15.0,3,0.5,778,2025-10-29 14:51:46.142110,2025-10-29 14:58:36.899011,12045,6.85,11276739,11288783,SHORT,2,3,480.0,468.0,40.0,-23.0,15.5125,67.0,17.625,49.3,1.0,14.0,SUCCESS,50.0,2450,26,14,"-30.0,-60.0",SUCCESS,198.74,False,476.0
FA_SD50_R03_MA3_RT50,50.0,15.0,3,0.5,779,2025-10-29 14:58:36.899011,2025-10-29 14:58:43.115000,214,0.1,11288783,11288996,LONG,0,1,100.0,96.0,25.0,-0.25,13.7,59.800000000000004,18.5,38.55000000000001,1.0,13.375,SUCCESS,50.0,,27,14,,SUCCESS,3.38,False,100.0
FA_SD50_R03_MA3_RT50,50.0,15.0,3,0.5,780,2025-10-29 14:58:43.115000,2025-10-29 15:02:01.435001,4805,3.31,11288996,11293800,SHORT,1,2,260.0,252.0,32.5,-16.5,14.0125,61.0,17.875,31.875000000000007,1.0,13.5,SUCCESS,50.0,,28,14,-30.0,SUCCESS,83.22,False,258.0
FA_SD50_R03_MA3_RT50,50.0,15.0,3,0.5,781,2025-10-29 15:02:01.435001,2025-10-29 15:03:10.086063,2090,1.14,11293800,11295889,LONG,1,2,260.0,252.0,32.5,-15.0,14.475,60.400000000000006,17.875,30.125,1.0,14.125,SUCCESS,50.0,,29,15,-30.0,SUCCESS,33.52,False,258.0
FA_SD50_R03_MA3_RT50,50.0,15.0,3,0.5,782,2025-10-29 15:03:10.086063,2025-10-29 15:03:29.333000,333,0.32,11295889,11296221,SHORT,0,1,101.0,97.0,25.25,0.0,15.1625,66.0,20.125,31.400000000000002,1.0,13.375,SUCCESS,50.5,,30,15,,SUCCESS,6.8416,False,101.0
FA_SD50_R03_MA3_RT50,50.0,15.0,3,0.5,783,2025-10-29 15:03:29.333000,2025-10-29 15:04:29.160005,1833,1.0,11296221,11298053,LONG,3,4,-434.0,-450.0,5.5,-29.5,15.675,67.4,20.125,31.400000000000002,1.0,14.625,FAILURE,11.0,"192,1375",31,15,"-30.0,-63.0,-90.0",SUCCESS,15.8,True,
FA_SD50_R03_MA3_RT50,50.0,15.0,3,0.5,784,2025-10-29 15:04:29.160005,2025-10-29 15:05:22.020000,1599,0.88,11298053,11299651,SHORT,3,4,-438.0,-454.0,3.0,-30.1667,15.0625,63.800000000000004,20.125,31.400000000000002,1.0,13.5,FAILURE,6.0,"190,405",32,15,"-30.0,-60.5,-90.5",FAILURE,13.88,True,
FA_SD50_R03_MA3_RT50,50.0,15.0,3,0.5,785,2025-10-29 15:05:22.020000,2025-10-29 15:06:01.121000,1037,0.65,11299651,11300687,LONG,0,1,101.0,97.0,25.25,-9.5,16.1125,68.60000000000001,21.875,34.27500000000002,1.0,14.25,SUCCESS,50.5,,33,15,,FAILURE,18.1485,False,101.0
FA_SD50_R03_MA3_RT50,50.0,15.0,3,0.5,786,2025-10-29 15:06:01.121000,2025-10-29 15:18:23.270000,12138,12.37,11300687,11312824,SHORT,2,3,480.0,468.0,40.0,-22.5,15.55,65.0,22.0,48.70000000000001,1.0,14.75,SUCCESS,50.0,5332,34,15,"-30.0,-60.0",SUCCESS,207.02,False,476.0
FA_SD50_R03_MA3_RT50,50.0,15.0,3,0.5,787,2025-10-29 15:18:23.270000,2025-10-29 15:18:58.668002,835,0.59,11312824,11313658,LONG,0,1,101.0,97.0,25.25,-12.0,13.9,46.400000000000006,21.75,38.12500000000003,1.0,13.625,SUCCESS,50.5,,35,15,,SUCCESS,11.6931,False,101.0
FA_SD50_R03_MA3_RT50,50.0,15.0,3,0.5,788,2025-10-29 15:18:58.668002,2025-10-29 15:25:53.578000,7309,6.92,11313658,11320966,SHORT,3,4,-440.0,-456.0,22.125,-29.6667,13.8875,46.0,21.75,45.32500000000002,1.0,13.625,FAILURE,28.5,"2556,273",36,15,"-31.5,-60.5,-90.0",SUCCESS,55.1592,True,
FA_SD50_R03_MA3_RT50,50.0,15.0,3,0.5,789,2025-10-29 15:25:53.578000,2025-10-29 15:29:16.146000,3068,3.38,11320966,11324033,LONG,3,4,-440.0,-456.0,4.0,-30.0,13.85,40.6,19.625,44.25,1.0,13.125,FAILURE,1.5,"1494,231",37,15,"-30.0,-60.0,-90.0",FAILURE,23.09,True,
FA_SD50_R03_MA3_RT50,50.0,15.0,3,0.5,790,2025-10-29 15:29:16.146000,2025-10-29 15:34:11.486001,4708,4.92,11324033,11328740,SHORT,1,2,260.0,252.0,32.5,-15.0,12.05,21.200000000000003,17.875,44.25,1.0,10.375,SUCCESS,50.0,,38,15,-30.0,FAILURE,64.98,False,258.0
FA_SD50_R03_MA3_RT50,50.0,15.0,3,0.5,791,2025-10-29 15:34:11.486001,2025-10-29 15:38:17.141000,4534,4.09,11328740,11333273,LONG,1,2,263.0,255.0,32.875,-15.25,11.6375,16.8,15.875,40.650000000000006,1.0,11.125,SUCCESS,50.5,,39,15,-30.5,SUCCESS,51.297,False,261.0
FA_SD50_R03_MA3_RT50,50.0,15.0,3,0.5,792,2025-10-29 15:38:17.141000,2025-10-29 15:50:00.068003,12360,11.72,11333273,11345632,SHORT,3,4,-443.0,-459.0,30.0,-30.25,10.175,4.4,13.5,40.650000000000006,1.0,9.25,FAILURE,45.0,"7331,3817",40,15,"-30.0,-60.0,-90.5",SUCCESS,69.6866,True,
FA_SD50_R03_MA3_RT50,50.0,15.0,3,0.5,793,2025-10-29 15:50:00.068003,2025-10-29 15:50:32.345000,1587,0.54,11345632,11347218,LONG,0,1,100.0,96.0,25.0,-2.0,9.7125,1.4000000000000001,20.5,44.0,1.0,8.75,SUCCESS,50.0,,41,15,,FAILURE,21.88,False,100.0
FA_SD50_R03_MA3_RT50,50.0,15.0,3,0.5,794,2025-10-29 15:50:32.345000,2025-10-29 16:00:50.685040,18856,10.31,11347218,11366073,SHORT,3,4,-438.0,-454.0,32.0,-29.8333,10.7125,15.3,23.375,44.0,1.0,9.0,FAILURE,49.0,"16704,251",42,15,"-30.0,-61.0,-90.0",SUCCESS,116.69,True,
FA_SD50_R03_MA3_RT50,50.0,15.0,3,0.5,795,2025-10-29 16:00:50.685040,2025-10-29 16:00:50.686057,93,0.0,11366073,11366165,LONG,1,2,267.0,259.0,33.375,-16.75,12.8875,35.2,15.375,24.225000000000023,1.0,11.0,SUCCESS,50.0,,43,16,-33.5,FAILURE,3.0,False,265.0
FA_SD50_R03_MA3_RT50,50.0,15.0,3,0.5,796,2025-10-29 16:00:50.686057,2025-10-29 16:00:50.761000,121,0.0,11366165,11366285,SHORT,0,1,104.0,100.0,26.0,-9.0,14.975,64.4,15.375,24.225000000000023,1.0,11.25,SUCCESS,52.0,,44,16,,SUCCESS,4.4423,False,104.0
FA_SD50_R03_MA3_RT50,50.0,15.0,3,0.5,797,2025-10-29 16:00:50.761000,2025-10-29 16:01:04.674009,564,0.23,11366285,11366848,LONG,1,2,260.0,252.0,32.5,-15.0,14.975,64.4,15.375,24.225000000000023,1.0,11.25,SUCCESS,50.0,,45,16,-30.0,SUCCESS,23.2,False,258.0
FA_SD50_R03_MA3_RT50,50.0,15.0,3,0.5,798,2025-10-29 16:01:04.674009,2025-10-29 16:01:55.323016,926,0.84,11366848,11367773,SHORT,1,2,260.0,252.0,32.5,-15.0,17.6,83.2,16.125,24.225000000000023,1.0,14.25,SUCCESS,50.0,,46,16,-30.0,SUCCESS,35.62,False,258.0
FA_SD50_R03_MA3_RT50,50.0,15.0,3,0.5,799,2025-10-29 16:01:55.323016,2025-10-29 16:02:06.731000,156,0.19,11367773,11367928,LONG,0,1,110.0,106.0,27.5,-0.5,21.5625,100.0,17.75,36.375,1.0,16.875,SUCCESS,55.0,,47,16,,SUCCESS,4.8727,False,110.0
FA_SD50_R03_MA3_RT50,50.0,15.0,3,0.5,800,2025-10-29 16:02:06.731000,2025-10-29 16:02:54.745006,1741,0.8,11367928,11369668,SHORT,2,3,533.0,521.0,44.4167,-23.0,22.7375,100.0,17.75,36.375,1.0,17.5,SUCCESS,58.5,83,48,16,"-30.0,-61.0",SUCCESS,64.3333,False,529.0
FA_SD50_R03_MA3_RT50,50.0,15.0,3,0.5,801,2025-10-29 16:02:54.745006,2025-10-29 16:03:08.915000,1074,0.24,11369668,11370741,LONG,3,4,-434.0,-450.0,22.0,-29.5,27.7,100.0,21.125,40.62500000000002,1.0,26.125,FAILURE,44.0,"57,307",49,16,"-34.5,-60.0,-90.5",SUCCESS,22.6119,True,
FA_SD50_R03_MA3_RT50,50.0,15.0,3,0.5,802,2025-10-29 16:03:08.915000,2025-10-29 16:03:12.573000,440,0.06,11370741,11371180,SHORT,3,4,-462.0,-478.0,19.875,-30.8333,31.125,100.0,21.875,52.550000000000004,1.0,29.625,FAILURE,29.0,"174,120",50,16,"-31.5,-62.5,-93.0",FAILURE,11.5167,True,
FA_SD50_R03_MA3_RT50,50.0,15.0,3,0.5,803,2025-10-29 16:03:12.573000,2025-10-29 16:03:14.587005,143,0.03,11371180,11371322,LONG,0,1,104.0,100.0,26.0,-7.75,32.6,100.0,22.25,55.25,1.0,29.625,SUCCESS,52.0,,51,16,,FAILURE,6.9615,False,104.0
FA_SD50_R03_MA3_RT50,50.0,15.0,3,0.5,804,2025-10-29 16:03:14.587005,2025-10-29 16:03:28.318020,594,0.23,11371322,11371915,SHORT,1,2,264.0,256.0,33.0,-15.5,32.6,100.0,22.25,55.25,1.0,29.625,SUCCESS,50.5,,52,16,-31.0,SUCCESS,32.3267,False,262.0
FA_SD50_R03_MA3_RT50,50.0,15.0,3,0.5,805,2025-10-29 16:03:28.318020,2025-10-29 16:03:52.656006,927,0.41,11371915,11372841,LONG,3,4,-448.0,-464.0,15.75,-29.3333,34.1375,100.0,22.25,55.25,1.0,33.5,FAILURE,31.5,"316,453",53,16,"-33.0,-61.0,-90.0",SUCCESS,20.6765,True,
FA_SD50_R03_MA3_RT50,50.0,15.0,3,0.5,806,2025-10-29 16:03:52.656006,2025-10-29 16:04:37.615004,1547,0.75,11372841,11374387,SHORT,3,4,-434.0,-450.0,9.3333,-30.1667,34.0625,99.80000000000001,22.625,58.40000000000005,1.0,31.875,FAILURE,12.0,"241,742",54,16,"-30.0,-62.0,-91.0",FAILURE,28.98,True,
FA_SD50_R03_MA3_RT50,50.0,15.0,3,0.5,807,2025-10-29 16:04:37.615004,2025-10-29 16:04:43.312002,257,0.09,11374387,11374643,LONG,1,2,271.0,263.0,33.875,-16.25,34.8625,99.80000000000001,22.625,58.40000000000005,1.0,32.875,SUCCESS,51.5,,55,16,-32.5,FAILURE,8.1262,False,269.0
FA_SD50_R03_MA3_RT50,50.0,15.0,3,0.5,808,2025-10-29 16:04:43.312002,2025-10-29 16:05:00.383000,852,0.28,11374643,11375494,SHORT,1,2,264.0,256.0,33.0,-15.0,35.55,100.0,22.625,58.40000000000005,1.0,32.875,SUCCESS,51.0,,56,16,-30.0,SUCCESS,43.1961,False,262.0
FA_SD50_R03_MA3_RT50,50.0,15.0,3,0.5,809,2025-10-29 16:05:00.383000,2025-10-29 16:05:02.072003,271,0.03,11375494,11375764,LONG,1,2,339.0,331.0,42.375,-15.25,35.2125,99.60000000000001,22.625,86.85,1.0,33.75,SUCCESS,69.5,,57,16,-30.5,SUCCESS,10.223,False,337.0
FA_SD50_R03_MA3_RT50,50.0,15.0,3,0.5,810,2025-10-29 16:05:02.072003,2025-10-29 16:05:02.089000,10,0.0,11375764,11375773,SHORT,0,1,101.0,97.0,25.25,0.0,35.525,99.80000000000001,22.625,86.85,1.0,33.75,SUCCESS,50.5,,58,16,,SUCCESS,1.3564,False,101.0
FA_SD50_R03_MA3_RT50,50.0,15.0,3,0.5,811,2025-10-29 16:05:02.089000,2025-10-29 16:05:18.908000,595,0.28,11375773,11376367,LONG,3,4,-432.0,-448.0,6.5,-30.6667,35.525,99.80000000000001,22.625,86.85,1.0,33.75,FAILURE,13.0,"186,116",59,16,"-31.5,-62.0,-92.5",SUCCESS,11.3383,True,
FA_SD50_R03_MA3_RT50,50.0,15.0,3,0.5,812,2025-10-29 16:05:18.908000,2025-10-29 16:05:40.668010,850,0.36,11376367,11377216,SHORT,0,1,102.0,98.0,25.5,-8.0,32.4875,96.0,22.625,86.85,1.0,32.25,SUCCESS,51.0,,60,16,,FAILURE,27.3922,False,102.0
FA_SD50_R03_MA3_RT50,50.0,15.0,3,0.5,813,2025-10-29 16:05:40.668010,2025-10-29 16:07:19.163000,2624,1.64,11377216,11379839,LONG,3,4,-469.0,-485.0,16.25,-30.0833,30.1875,94.80000000000001,28.375,87.97500000000001,1.0,27.875,FAILURE,32.5,"1554,195",61,16,"-30.0,-61.0,-90.5",SUCCESS,40.5865,True,
FA_SD50_R03_MA3_RT50,50.0,15.0,3,0.5,814,2025-10-29 16:07:19.163000,2025-10-29 16:07:55.824020,750,0.61,11379839,11380588,SHORT,1,2,263.0,255.0,32.875,-15.75,25.2875,91.60000000000001,35.125,87.97500000000001,1.0,23.375,SUCCESS,50.0,,62,16,-31.5,FAILURE,24.16,False,261.0
FA_SD50_R03_MA3_RT50,50.0,15.0,3,0.5,815,2025-10-29 16:07:55.824020,2025-10-29 16:08:17.393007,702,0.36,11380588,11381289,LONG,0,1,107.0,103.0,26.75,-12.25,23.175,90.2,37.625,87.97500000000001,1.0,21.5,SUCCESS,53.5,,63,16,,SUCCESS,16.5327,False,107.0
FA_SD50_R03_MA3_RT50,50.0,15.0,3,0.5,816,2025-10-29 16:08:17.393007,2025-10-29 16:10:43.211000,2716,2.43,11381289,11384004,SHORT,3,4,765.0,749.0,47.8125,-29.5833,21.35,89.4,37.625,87.97500000000001,1.0,20.75,SUCCESS,50.0,"358,38",64,16,"-32.0,-60.5,-90.0",SUCCESS,85.0,True,759.0
FA_SD50_R03_MA3_RT50,50.0,15.0,3,0.5,817,2025-10-29 16:10:43.211000,2025-10-29 16:11:21.998000,479,0.65,11384004,11384482,LONG,0,1,101.0,97.0,25.25,-4.5,22.5875,89.80000000000001,46.0,87.97500000000001,1.0,20.875,SUCCESS,50.5,,65,16,,SUCCESS,14.8218,False,101.0
FA_SD50_R03_MA3_RT50,50.0,15.0,3,0.5,819,2025-10-30 09:30:43.774000,2025-10-30 09:34:52.228021,10448,4.14,11390863,11401310,SHORT,1,2,260.0,250.0,32.5,-15.0,14.5375,59.2,38.5,90.525,1.0,9.375,SUCCESS,50.0,,1,9,-30.0,SESSION_START,121.88,False,256.0
FA_SD50_R03_MA3_RT50,50.0,15.0,3,0.5,820,2025-10-30 09:34:52.228021,2025-10-30 09:36:35.019001,5392,1.71,11401310,11406701,LONG,3,4,-440.0,-456.0,2.75,-30.0,9.425,9.4,10.625,17.075000000000003,1.0,8.75,FAILURE,5.5,"2263,1455",2,9,"-30.0,-60.0,-90.0",SUCCESS,28.46,True,
FA_SD50_R03_MA3_RT50,50.0,15.0,3,0.5,821,2025-10-30 09:36:35.019001,2025-10-30 09:37:30.801004,3208,0.93,11406701,11409908,SHORT,0,1,100.0,96.0,25.0,-0.75,8.325,3.6,10.375,18.025000000000013,1.0,8.0,SUCCESS,50.0,,3,9,,FAILURE,32.8,False,100.0
FA_SD50_R03_MA3_RT50,50.0,15.0,3,0.5,822,2025-10-30 09:37:30.801004,2025-10-30 09:46:01.224000,27041,8.51,11409908,11436948,LONG,2,3,483.0,471.0,40.25,-22.5,7.8625,4.0,9.75,28.475000000000016,1.0,7.875,SUCCESS,50.5,7186,4,9,"-30.0,-60.0",SUCCESS,273.5545,False,479.0
FA_SD50_R03_MA3_RT50,50.0,15.0,3,0.5,823,2025-10-30 09:46:01.224000,2025-10-30 09:48:16.389004,5678,2.25,11436948,11442625,SHORT,3,4,-440.0,-456.0,3.5,-30.0,9.8,41.0,13.625,30.60000000000001,1.0,10.375,FAILURE,3.5,"1660,2911",5,9,"-30.0,-60.0,-90.0",SUCCESS,28.77,True,
FA_SD50_R03_MA3_RT50,50.0,15.0,3,0.5,824,2025-10-30 09:48:16.389004,2025-10-30 09:49:21.272048,2860,1.08,11442625,11445484,LONG,0,1,102.0,98.0,25.5,-9.25,8.8375,21.400000000000002,14.875,35.775,1.0,9.25,SUCCESS,51.0,,6,9,,FAILURE,28.5098,False,102.0
FA_SD50_R03_MA3_RT50,50.0,15.0,3,0.5,825,2025-10-30 09:49:21.272048,2025-10-30 09:54:15.262000,11761,4.9,11445484,11457244,SHORT,3,4,-440.0,-456.0,22.5,-30.0,9.5625,42.1,16.125,36.325,1.0,9.75,FAILURE,45.0,"2185,4149",7,9,"-30.0,-60.0,-90.0",SUCCESS,59.67,True,
FA_SD50_R03_MA3_RT50,50.0,15.0,3,0.5,826,2025-10-30 09:54:15.262000,2025-10-30 10:00:21.331002,11447,6.1,11457244,11468690,LONG,1,2,260.0,252.0,32.5,-15.0,10.15,62.2,14.625,34.30000000000001,1.0,10.25,SUCCESS,50.0,,8,9,-30.0,FAILURE,127.34,False,258.0
FA_SD50_R03_MA3_RT50,50.0,15.0,3,0.5,827,2025-10-30 10:00:21.331002,2025-10-30 10:02:26.214001,5346,2.08,11468690,11474035,SHORT,2,3,480.0,468.0,40.0,-22.5,11.6625,79.80000000000001,12.625,28.025,1.0,11.125,SUCCESS,50.0,299,9,10,"-30.0,-60.0",SUCCESS,67.12,False,476.0
FA_SD50_R03_MA3_RT50,50.0,15.0,3,0.5,828,2025-10-30 10:02:26.214001,2025-10-30 10:05:51.916000,6683,3.43,11474035,11480717,LONG,2,3,480.0,468.0,40.0,-22.5,11.7875,79.4,13.75,34.500000000000014,1.0,11.5,SUCCESS,50.0,2334,10,10,"-30.0,-60.0",SUCCESS,84.5,False,476.0
FA_SD50_R03_MA3_RT50,50.0,15.0,3,0.5,829,2025-10-30 10:05:51.916000,2025-10-30 10:06:16.735012,1149,0.41,11480717,11481865,SHORT,0,1,100.0,96.0,25.0,-4.0,11.4,73.0,20.125,39.12500000000003,1.0,10.75,SUCCESS,50.0,,11,10,,SUCCESS,11.92,False,100.0
FA_SD50_R03_MA3_RT50,50.0,15.0,3,0.5,830,2025-10-30 10:06:16.735012,2025-10-30 10:07:18.424005,1495,1.03,11481865,11483359,LONG,0,1,100.0,96.0,25.0,-2.25,11.225,71.4,20.125,39.12500000000003,1.0,10.375,SUCCESS,50.0,,12,10,,SUCCESS,19.76,False,100.0
FA_SD50_R03_MA3_RT50,50.0,15.0,3,0.5,831,2025-10-30 10:07:18.424005,2025-10-30 10:07:52.918003,945,0.57,11483359,11484303,SHORT,0,1,100.0,96.0,25.0,-5.5,11.1625,70.0,23.625,39.12500000000003,1.0,10.875,SUCCESS,50.0,,13,10,,SUCCESS,11.06,False,100.0
FA_SD50_R03_MA3_RT50,50.0,15.0,3,0.5,832,2025-10-30 10:07:52.918003,2025-10-30 10:10:11.229000,5207,2.31,11484303,11489509,LONG,3,4,-440.0,-456.0,7.75,-30.0,11.3875,72.2,23.625,39.12500000000003,1.0,10.875,FAILURE,15.5,"830,874",14,10,"-30.0,-60.0,-90.0",SUCCESS,29.24,True,
FA_SD50_R03_MA3_RT50,50.0,15.0,3,0.5,833,2025-10-30 10:10:11.229000,2025-10-30 10:17:29.533001,12349,7.31,11489509,11501857,SHORT,2,3,481.0,469.0,40.0833,-26.9167,10.7625,62.6,23.625,50.82500000000001,1.0,9.375,SUCCESS,50.0,4721,15,10,"-30.5,-60.0",FAILURE,157.1,False,477.0
FA_SD50_R03_MA3_RT50,50.0,15.0,3,0.5,834,2025-10-30 10:17:29.533001,2025-10-30 10:18:50.737000,2387,1.35,11501857,11504243,LONG,0,1,100.0,96.0,25.0,-12.25,11.3,75.0,13.625,42.125000000000014,1.0,11.0,SUCCESS,50.0,,16,10,,SUCCESS,26.46,False,100.0
FA_SD50_R03_MA3_RT50,50.0,15.0,3,0.5,835,2025-10-30 10:18:50.737000,2025-10-30 10:19:49.495000,1444,0.98,11504243,11505686,SHORT,0,1,100.0,96.0,25.0,-8.0,10.625,63.900000000000006,13.625,42.125000000000014,1.0,10.0,SUCCESS,50.0,,17,10,,SUCCESS,16.9,False,100.0
FA_SD50_R03_MA3_RT50,50.0,15.0,3,0.5,836,2025-10-30 10:19:49.495000,2025-10-30 10:21:30.013001,3046,1.68,11505686,11508731,LONG,1,2,260.0,252.0,32.5,-15.0,10.8125,68.9,15.625,42.125000000000014,1.0,10.0,SUCCESS,50.0,,18,10,-30.0,SUCCESS,33.14,False,258.0
FA_SD50_R03_MA3_RT50,50.0,15.0,3,0.5,837,2025-10-30 10:21:30.013001,2025-10-30 10:22:46.343145,1592,1.27,11508731,11510322,SHORT,0,1,100.0,96.0,25.0,-2.0,12.175,88.2,13.5,37.2,1.0,11.375,SUCCESS,50.0,,19,10,,SUCCESS,19.94,False,100.0
FA_SD50_R03_MA3_RT50,50.0,15.0,3,0.5,838,2025-10-30 10:22:46.343145,2025-10-30 10:41:24.698000,24835,18.64,11510322,11535156,LONG,2,3,481.0,469.0,40.0833,-29.1667,12.1375,88.60000000000001,12.25,37.2,1.0,11.0,SUCCESS,50.0,1270,20,10,"-30.0,-60.5",SUCCESS,293.0,False,477.0
FA_SD50_R03_MA3_RT50,50.0,15.0,3,0.5,839,2025-10-30 10:41:24.698000,2025-10-30 10:47:09.980000,8034,5.75,11535156,11543189,SHORT,1,2,260.0,252.0,32.5,-15.25,11.125,72.2,15.875,35.175000000000004,1.0,10.375,SUCCESS,50.0,,21,10,-30.0,SUCCESS,75.34,False,258.0
FA_SD50_R03_MA3_RT50,50.0,15.0,3,0.5,840,2025-10-30 10:47:09.980000,2025-10-30 10:53:33.252000,8525,6.39,11543189,11551713,LONG,3,4,-440.0,-456.0,12.25,-30.0,8.975,19.0,13.875,36.975,1.0,8.0,FAILURE,24.5,"939,1715",22,10,"-30.0,-60.0,-90.0",SUCCESS,44.03,True,
FA_SD50_R03_MA3_RT50,50.0,15.0,3,0.5,841,2025-10-30 10:53:33.252000,2025-10-30 11:02:42.374001,12550,9.15,11551713,11564262,SHORT,3,4,-439.0,-455.0,22.0,-29.9167,8.825,14.200000000000001,9.25,26.450000000000014,1.0,8.375,FAILURE,44.0,"2826,2422",23,10,"-30.5,-60.0,-90.0",FAILURE,65.15,True,
FA_SD50_R03_MA3_RT50,50.0,15.0,3,0.5,842,2025-10-30 11:02:42.374001,2025-10-30 11:22:11.959002,14320,19.49,11564262,11578581,LONG,1,2,260.0,252.0,32.5,-16.75,8.5,8.0,13.75,25.625,1.0,8.0,SUCCESS,50.0,,24,11,-30.0,FAILURE,161.4,False,258.0
FA_SD50_R03_MA3_RT50,50.0,15.0,3,0.5,843,2025-10-30 11:22:11.959002,2025-10-30 11:26:31.458000,2763,4.32,11578581,11581343,SHORT,0,1,100.0,96.0,25.0,-1.0,9.5125,23.400000000000002,16.125,25.650000000000002,1.0,9.5,SUCCESS,50.0,,25,11,,SUCCESS,26.4,False,100.0
FA_SD50_R03_MA3_RT50,50.0,15.0,3,0.5,844,2025-10-30 11:26:31.458000,2025-10-30 11:38:01.483000,8433,11.5,11581343,11589775,LONG,3,4,-440.0,-456.0,13.75,-30.0,9.975,37.300000000000004,14.625,22.275000000000006,1.0,9.875,FAILURE,27.5,"2995,1319",26,11,"-30.0,-60.0,-90.0",SUCCESS,37.31,True,
FA_SD50_R03_MA3_RT50,50.0,15.0,3,0.5,845,2025-10-30 11:38:01.483000,2025-10-30 11:41:10.492031,4236,3.15,11589775,11594010,SHORT,0,1,100.0,96.0,25.0,-3.75,7.05,0.8,14.375,21.900000000000002,1.0,6.375,SUCCESS,50.0,,27,11,,FAILURE,34.96,False,100.0
FA_SD50_R03_MA3_RT50,50.0,15.0,3,0.5,846,2025-10-30 11:41:10.492031,2025-10-30 11:45:03.246000,4753,3.88,11594010,11598762,LONG,0,1,100.0,96.0,25.0,-3.5,7.7625,7.2,11.625,21.900000000000002,1.0,7.5,SUCCESS,50.0,,28,11,,SUCCESS,38.94,False,100.0
FA_SD50_R03_MA3_RT50,50.0,15.0,3,0.5,847,2025-10-30 11:45:03.246000,2025-10-30 11:47:23.646032,2925,2.34,11598762,11601686,SHORT,0,1,100.0,96.0,25.0,-9.75,7.9,10.8,15.75,23.025,1.0,7.75,SUCCESS,50.0,,29,11,,SUCCESS,24.86,False,100.0
FA_SD50_R03_MA3_RT50,50.0,15.0,3,0.5,848,2025-10-30 11:47:23.646032,2025-10-30 11:55:19.426006,7589,7.93,11601686,11609274,LONG,0,1,100.0,96.0,25.0,-10.75,7.9125,12.200000000000001,15.75,35.325,1.0,7.5,SUCCESS,50.0,,30,11,,SUCCESS,60.66,False,100.0
FA_SD50_R03_MA3_RT50,50.0,15.0,3,0.5,849,2025-10-30 11:55:19.426006,2025-10-30 12:07:11.633000,10161,11.87,11609274,11619434,SHORT,3,4,-438.0,-454.0,15.75,-30.1667,8.225,22.8,14.625,35.325,1.0,7.875,FAILURE,31.5,"721,1747",31,11,"-30.0,-60.5,-90.5",SUCCESS,45.33,True,
FA_SD50_R03_MA3_RT50,50.0,15.0,3,0.5,850,2025-10-30 12:07:11.633000,2025-10-30 12:11:40.584001,4247,4.48,11619434,11623680,LONG,0,1,100.0,96.0,25.0,-2.25,7.6375,9.700000000000001,16.375,35.325,1.0,7.75,SUCCESS,50.0,,32,12,,FAILURE,32.02,False,100.0
FA_SD50_R03_MA3_RT50,50.0,15.0,3,0.5,851,2025-10-30 12:11:40.584001,2025-10-30 12:34:59.021034,19623,23.31,11623680,11643302,SHORT,1,2,262.0,254.0,32.75,-15.5,6.4375,0.2,15.375,35.325,1.0,6.25,SUCCESS,50.0,,33,12,-31.0,SUCCESS,143.2,False,260.0
FA_SD50_R03_MA3_RT50,50.0,15.0,3,0.5,852,2025-10-30 12:34:59.021034,2025-10-30 12:50:09.003000,11312,15.17,11643302,11654613,LONG,0,1,100.0,96.0,25.0,-13.0,6.975,15.3,9.75,25.925000000000004,1.0,6.75,SUCCESS,50.0,,34,12,,SUCCESS,91.88,False,100.0
FA_SD50_R03_MA3_RT50,50.0,15.0,3,0.5,853,2025-10-30 12:50:09.003000,2025-10-30 12:52:19.611002,1363,2.18,11654613,11655975,SHORT,0,1,100.0,96.0,25.0,-1.25,7.9625,43.7,7.75,17.77500000000002,1.0,7.5,SUCCESS,50.0,,35,12,,SUCCESS,11.98,False,100.0
FA_SD50_R03_MA3_RT50,50.0,15.0,3,0.5,854,2025-10-30 12:52:19.611002,2025-10-30 12:56:30.972002,2316,4.19,11655975,11658290,LONG,0,1,100.0,96.0,25.0,-4.5,7.375,26.6,8.25,29.025,1.0,7.375,SUCCESS,50.0,,36,12,,SUCCESS,20.06,False,100.0
FA_SD50_R03_MA3_RT50,50.0,15.0,3,0.5,855,2025-10-30 12:56:30.972002,2025-10-30 13:01:24.977001,2851,4.9,11658290,11661140,SHORT,0,1,100.0,96.0,25.0,-4.5,8.0375,48.6,9.375,19.100000000000016,1.0,7.75,SUCCESS,50.0,,37,12,,SUCCESS,26.5,False,100.0
FA_SD50_R03_MA3_RT50,50.0,15.0,3,0.5,856,2025-10-30 13:01:24.977001,2025-10-30 13:13:00.892013,8558,11.6,11661140,11669697,LONG,3,4,-440.0,-456.0,6.25,-30.0,7.875,42.900000000000006,10.25,19.100000000000016,1.0,8.0,FAILURE,11.0,"1920,4756",38,13,"-30.0,-60.0,-90.0",SUCCESS,40.23,True,
FA_SD50_R03_MA3_RT50,50.0,15.0,3,0.5,857,2025-10-30 13:13:00.892013,2025-10-30 13:24:43.239000,8058,11.71,11669697,11677754,SHORT,3,4,-439.0,-455.0,2.375,-29.9167,8.2125,60.0,14.75,31.75,1.0,8.5,FAILURE,4.0,"5745,1520",39,13,"-30.5,-60.0,-90.0",FAILURE,34.11,True,
FA_SD50_R03_MA3_RT50,50.0,15.0,3,0.5,858,2025-10-30 13:24:43.239000,2025-10-30 14:15:07.371000,29090,50.4,11677754,11706843,LONG,3,4,-440.0,-456.0,32.0,-30.0,7.7,40.2,10.625,25.90000000000001,1.0,7.75,FAILURE,49.0,"18374,4207",40,13,"-30.0,-60.0,-90.0",FAILURE,117.16,True,
FA_SD50_R03_MA3_RT50,50.0,15.0,3,0.5,859,2025-10-30 14:15:07.371000,2025-10-30 14:39:27.185027,16230,24.33,11706843,11723072,SHORT,1,2,260.0,252.0,32.5,-15.0,7.1125,29.5,13.125,25.80000000000002,1.0,6.875,SUCCESS,50.0,,41,14,-30.0,FAILURE,135.38,False,258.0
FA_SD50_R03_MA3_RT50,50.0,15.0,3,0.5,860,2025-10-30 14:39:27.185027,2025-10-30 14:45:29.217001,3897,6.03,11723072,11726968,LONG,0,1,100.0,96.0,25.0,-0.75,7.9,72.10000000000001,15.5,33.05000000000001,1.0,7.75,SUCCESS,50.0,,42,14,,SUCCESS,31.96,False,100.0
FA_SD50_R03_MA3_RT50,50.0,15.0,3,0.5,861,2025-10-30 14:45:29.217001,2025-10-30 15:01:28.686000,10776,15.99,11726968,11737743,SHORT,1,2,260.0,252.0,32.5,-15.0,7.3875,45.900000000000006,15.5,33.05000000000001,1.0,7.0,SUCCESS,50.0,,43,14,-30.0,SUCCESS,82.42,False,258.0
FA_SD50_R03_MA3_RT50,50.0,15.0,3,0.5,862,2025-10-30 15:01:28.686000,2025-10-30 15:17:23.718001,12153,15.92,11737743,11749895,LONG,3,4,-440.0,-456.0,7.0,-30.0,7.075,32.1,15.0,30.325000000000003,1.0,6.625,FAILURE,14.0,"6642,1854",44,15,"-30.0,-60.0,-90.0",SUCCESS,47.41,True,
FA_SD50_R03_MA3_RT50,50.0,15.0,3,0.5,863,2025-10-30 15:17:23.718001,2025-10-30 15:21:36.707002,4680,4.22,11749895,11754574,SHORT,1,2,260.0,252.0,32.5,-15.0,6.6375,12.5,13.375,30.450000000000003,1.0,5.75,SUCCESS,50.0,,45,15,-30.0,FAILURE,35.16,False,258.0
FA_SD50_R03_MA3_RT50,50.0,15.0,3,0.5,864,2025-10-30 15:21:36.707002,2025-10-30 15:26:09.135001,6132,4.54,11754574,11760705,LONG,1,2,260.0,252.0,32.5,-15.0,6.8625,19.3,13.375,26.425000000000004,1.0,6.625,SUCCESS,50.0,,46,15,-30.0,SUCCESS,48.28,False,258.0
FA_SD50_R03_MA3_RT50,50.0,15.0,3,0.5,865,2025-10-30 15:26:09.135001,2025-10-30 15:40:22.395000,11470,14.22,11760705,11772174,SHORT,2,3,482.0,470.0,40.1667,-22.25,7.15,37.4,13.375,32.35000000000001,1.0,6.875,SUCCESS,50.0,2721,47,15,"-31.0,-60.0",SUCCESS,99.92,False,478.0
FA_SD50_R03_MA3_RT50,50.0,15.0,3,0.5,866,2025-10-30 15:40:22.395000,2025-10-30 15:41:14.094000,793,0.86,11772174,11772966,LONG,0,1,100.0,96.0,25.0,0.0,7.35,43.2,15.875,33.70000000000001,1.0,6.75,SUCCESS,50.0,,48,15,,SUCCESS,7.46,False,100.0
FA_SD50_R03_MA3_RT50,50.0,15.0,3,0.5,867,2025-10-30 15:41:14.094000,2025-10-30 15:47:05.014029,4253,5.85,11772966,11777218,SHORT,0,1,100.0,96.0,25.0,-4.5,7.5125,56.7,15.875,33.70000000000001,1.0,7.25,SUCCESS,50.0,,49,15,,SUCCESS,36.94,False,100.0
FA_SD50_R03_MA3_RT50,50.0,15.0,3,0.5,868,2025-10-30 15:47:05.014029,2025-10-30 15:49:34.024000,3185,2.48,11777218,11780402,LONG,0,1,100.0,96.0,25.0,-13.75,7.7375,70.8,14.5,29.475,1.0,7.5,SUCCESS,50.0,,50,15,,SUCCESS,27.1,False,100.0
FA_SD50_R03_MA3_RT50,50.0,15.0,3,0.5,869,2025-10-30 15:49:34.024000,2025-10-30 15:55:00.137000,7918,5.44,11780402,11788319,SHORT,1,2,260.0,252.0,32.5,-15.0,7.5,56.800000000000004,15.875,29.625000000000007,1.0,7.0,SUCCESS,50.0,,51,15,-30.0,SUCCESS,76.7,False,258.0
FA_SD50_R03_MA3_RT50,50.0,15.0,3,0.5,870,2025-10-30 15:55:00.137000,2025-10-30 16:01:00.136078,17849,6.0,11788319,11806167,LONG,3,4,760.0,744.0,47.5,-30.0,8.1625,90.60000000000001,16.75,23.650000000000002,1.0,7.5,SUCCESS,50.0,"9437,1848",52,15,"-30.0,-60.0,-90.0",SUCCESS,133.2,True,754.0
FA_SD50_R03_MA3_RT50,50.0,15.0,3,0.5,871,2025-10-30 16:01:00.136078,2025-10-30 16:01:33.482000,1907,0.56,11806167,11808073,SHORT,3,4,-442.0,-458.0,20.5,-29.8333,12.4375,100.0,18.75,35.325,1.0,10.25,FAILURE,41.0,"466,274",53,16,"-31.0,-60.0,-90.0",SUCCESS,25.806,True,
FA_SD50_R03_MA3_RT50,50.0,15.0,3,0.5,872,2025-10-30 16:01:33.482000,2025-10-30 16:12:23.781007,8573,10.84,11808073,11816645,LONG,1,2,263.0,255.0,32.875,-15.75,15.85,100.0,18.75,35.325,1.0,14.0,SUCCESS,50.0,,54,16,-31.5,FAILURE,148.72,False,261.0
FA_SD50_R03_MA3_RT50,50.0,15.0,3,0.5,874,2025-10-31 09:34:01.318000,2025-10-31 09:42:12.428006,14687,8.19,11830447,11845133,SHORT,1,2,260.0,250.0,32.5,-17.0,7.925,74.7,12.625,23.625000000000007,1.0,8.0,SUCCESS,50.0,,1,9,-30.0,SESSION_START,137.14,False,256.0
FA_SD50_R03_MA3_RT50,50.0,15.0,3,0.5,875,2025-10-31 09:42:12.428006,2025-10-31 10:04:27.887001,41732,22.26,11845133,11886864,LONG,3,4,-440.0,-456.0,22.25,-30.0,6.9375,24.0,11.5,22.525,1.0,6.5,FAILURE,18.5,"5738,31684",2,9,"-30.0,-60.0,-90.0",SUCCESS,184.78,True,
FA_SD50_R03_MA3_RT50,50.0,15.0,3,0.5,876,2025-10-31 10:04:27.887001,2025-10-31 10:31:30.776115,33169,27.05,11886864,11920032,SHORT,3,4,-440.0,-456.0,29.25,-30.0,9.05,81.0,9.125,19.525000000000006,1.0,8.125,FAILURE,28.5,"1922,25959",3,10,"-30.0,-60.0,-90.0",FAILURE,154.04,True,
FA_SD50_R03_MA3_RT50,50.0,15.0,3,0.5,877,2025-10-31 10:31:30.776115,2025-10-31 10:38:01.923000,7290,6.52,11920032,11927321,LONG,0,1,100.0,96.0,25.0,-5.0,8.575,73.7,8.125,21.350000000000016,1.0,8.625,SUCCESS,50.0,,4,10,,FAILURE,57.66,False,100.0
FA_SD50_R03_MA3_RT50,50.0,15.0,3,0.5,878,2025-10-31 10:38:01.923000,2025-10-31 11:37:04.262000,48600,59.04,11927321,11975920,SHORT,2,3,480.0,468.0,40.0,-22.5,6.2,1.6,9.875,22.92500000000001,1.0,6.25,SUCCESS,50.0,4734,5,10,"-30.0,-60.0",SUCCESS,353.6,False,476.0
FA_SD50_R03_MA3_RT50,50.0,15.0,3,0.5,879,2025-10-31 11:37:04.262000,2025-10-31 11:44:29.190003,9910,7.42,11975920,11985829,LONG,3,4,-440.0,-456.0,2.25,-30.0,6.4125,28.0,10.875,21.700000000000003,1.0,6.0,FAILURE,4.5,"2144,3007",6,11,"-30.0,-60.0,-90.0",SUCCESS,34.67,True,
FA_SD50_R03_MA3_RT50,50.0,15.0,3,0.5,880,2025-10-31 11:44:29.190003,2025-10-31 11:45:19.979043,4461,0.85,11985829,11990289,SHORT,3,4,-444.0,-460.0,0.75,-30.0,5.825,14.200000000000001,13.125,24.85000000000002,1.0,5.5,FAILURE,1.5,"1284,1312",7,11,"-30.0,-60.0,-90.0",FAILURE,23.0796,True,
FA_SD50_R03_MA3_RT50,50.0,15.0,3,0.5,881,2025-10-31 11:45:19.979043,2025-10-31 11:45:21.580000,540,0.03,11990289,11990828,LONG,0,1,100.0,96.0,25.0,-2.75,9.1625,99.4,14.0,37.50000000000001,1.0,9.0,SUCCESS,50.0,,8,11,,FAILURE,11.0,False,100.0
FA_SD50_R03_MA3_RT50,50.0,15.0,3,0.5,882,2025-10-31 11:45:21.580000,2025-10-31 11:45:38.357152,1599,0.28,11990828,11992426,SHORT,0,1,100.0,96.0,25.0,-8.5,10.5375,100.0,14.0,42.325,1.0,10.125,SUCCESS,50.0,,9,11,,SUCCESS,19.32,False,100.0
FA_SD50_R03_MA3_RT50,50.0,15.0,3,0.5,883,2025-10-31 11:45:38.357152,2025-10-31 11:48:33.884000,5163,2.93,11992426,11997588,LONG,3,4,-440.0,-456.0,17.25,-30.0,11.3875,100.0,14.0,37.50000000000001,1.0,10.75,FAILURE,34.5,"1064,2125",10,11,"-30.0,-60.0,-90.0",SUCCESS,27.49,True,
FA_SD50_R03_MA3_RT50,50.0,15.0,3,0.5,884,2025-10-31 11:48:33.884000,2025-10-31 12:00:00.102001,13742,11.44,11997588,12011329,SHORT,1,2,262.0,254.0,32.75,-20.5,9.9,94.60000000000001,11.5,38.85000000000001,1.0,9.625,SUCCESS,50.5,,11,11,-30.0,FAILURE,125.2574,False,260.0
FA_SD50_R03_MA3_RT50,50.0,15.0,3,0.5,885,2025-10-31 12:00:00.102001,2025-10-31 12:11:00.136010,13767,11.0,12011329,12025095,LONG,3,4,-440.0,-456.0,19.25,-30.0,7.2125,52.800000000000004,12.75,39.150000000000006,1.0,6.5,FAILURE,8.5,"927,11632",12,12,"-30.0,-60.0,-90.0",SUCCESS,67.49,True,
FA_SD50_R03_MA3_RT50,50.0,15.0,3,0.5,886,2025-10-31 12:11:00.136010,2025-10-31 12:18:57.404000,9245,7.95,12025095,12034339,SHORT,0,1,100.0,96.0,25.0,-12.0,9.4,86.9,12.625,44.6,1.0,9.375,SUCCESS,50.0,,13,12,,FAILURE,84.02,False,100.0
FA_SD50_R03_MA3_RT50,50.0,15.0,3,0.5,887,2025-10-31 12:18:57.404000,2025-10-31 12:25:01.606000,7808,6.07,12034339,12042146,LONG,1,2,260.0,252.0,32.5,-15.0,7.1625,54.2,14.25,33.475000000000016,1.0,6.375,SUCCESS,50.0,,14,12,-30.0,SUCCESS,64.26,False,258.0
FA_SD50_R03_MA3_RT50,50.0,15.0,3,0.5,888,2025-10-31 12:25:01.606000,2025-10-31 12:45:34.739002,20236,20.55,12042146,12062381,SHORT,2,3,480.0,468.0,40.0,-22.5,7.4625,61.0,15.5,30.000000000000004,1.0,6.5,SUCCESS,50.0,6100,15,12,"-30.0,-60.0",SUCCESS,173.04,False,476.0
FA_SD50_R03_MA3_RT50,50.0,15.0,3,0.5,889,2025-10-31 12:45:34.739002,2025-10-31 12:49:27.077004,3333,3.87,12062381,12065713,LONG,0,1,100.0,96.0,25.0,-9.75,8.125,69.60000000000001,14.0,22.20000000000005,1.0,8.375,SUCCESS,50.0,,16,12,,SUCCESS,30.56,False,100.0
FA_SD50_R03_MA3_RT50,50.0,15.0,3,0.5,890,2025-10-31 12:49:27.077004,2025-10-31 12:50:52.006002,1308,1.42,12065713,12067020,SHORT,0,1,100.0,96.0,25.0,-2.0,9.1,81.7,13.0,19.850000000000005,1.0,8.75,SUCCESS,50.0,,17,12,,SUCCESS,11.74,False,100.0
FA_SD50_R03_MA3_RT50,50.0,15.0,3,0.5,891,2025-10-31 12:50:52.006002,2025-10-31 13:04:21.673000,14459,13.49,12067020,12081478,LONG,3,4,-444.0,-460.0,7.75,-30.0,8.8375,78.10000000000001,13.0,19.850000000000005,1.0,8.75,FAILURE,6.0,"3930,6841",18,12,"-30.0,-60.0,-90.0",SUCCESS,62.5025,True,
FA_SD50_R03_MA3_RT50,50.0,15.0,3,0.5,892,2025-10-31 13:04:21.673000,2025-10-31 13:16:27.323039,14399,12.09,12081478,12095876,SHORT,1,2,260.0,252.0,32.5,-19.25,7.875,55.800000000000004,15.625,37.7,1.0,7.5,SUCCESS,50.0,,19,13,-30.0,FAILURE,117.36,False,258.0
FA_SD50_R03_MA3_RT50,50.0,15.0,3,0.5,893,2025-10-31 13:16:27.323039,2025-10-31 13:17:49.450000,2104,1.37,12095876,12097979,LONG,0,1,100.0,96.0,25.0,-5.0,7.5875,39.7,14.625,32.775000000000006,1.0,7.875,SUCCESS,50.0,,20,13,,SUCCESS,16.48,False,100.0
FA_SD50_R03_MA3_RT50,50.0,15.0,3,0.5,894,2025-10-31 13:17:49.450000,2025-10-31 13:19:37.553000,1788,1.8,12097979,12099766,SHORT,0,1,100.0,96.0,25.0,-4.25,7.675,41.5,13.0,30.450000000000003,1.0,7.75,SUCCESS,50.0,,21,13,,SUCCESS,14.98,False,100.0
FA_SD50_R03_MA3_RT50,50.0,15.0,3,0.5,895,2025-10-31 13:19:37.553000,2025-10-31 13:26:32.265002,7353,6.91,12099766,12107118,LONG,0,1,100.0,96.0,25.0,-6.25,7.875,48.900000000000006,12.5,30.450000000000003,1.0,7.875,SUCCESS,50.0,,22,13,,SUCCESS,55.16,False,100.0
FA_SD50_R03_MA3_RT50,50.0,15.0,3,0.5,896,2025-10-31 13:26:32.265002,2025-10-31 13:36:47.912000,12605,10.26,12107118,12119722,SHORT,1,2,260.0,252.0,32.5,-21.5,6.3,5.0,13.0,25.97500000000001,1.0,6.125,SUCCESS,50.0,,23,13,-30.0,SUCCESS,98.72,False,258.0
FA_SD50_R03_MA3_RT50,50.0,15.0,3,0.5,897,2025-10-31 13:36:47.912000,2025-10-31 13:40:04.213000,3566,3.27,12119722,12123287,LONG,0,1,100.0,96.0,25.0,-10.25,7.675,42.400000000000006,13.625,32.775,1.0,6.5,SUCCESS,50.0,,24,13,,SUCCESS,29.88,False,100.0
FA_SD50_R03_MA3_RT50,50.0,15.0,3,0.5,898,2025-10-31 13:40:04.213000,2025-10-31 13:51:00.758000,11240,10.94,12123287,12134526,SHORT,3,4,-444.0,-460.0,19.25,-30.0,8.7875,84.0,14.5,33.80000000000001,1.0,7.875,FAILURE,38.5,"2060,5232",25,13,"-30.0,-60.0,-90.0",SUCCESS,44.8806,True,
FA_SD50_R03_MA3_RT50,50.0,15.0,3,0.5,899,2025-10-31 13:51:00.758000,2025-10-31 14:15:10.179000,19133,24.16,12134526,12153658,LONG,2,3,481.0,469.0,40.0833,-22.375,6.1,0.6000000000000001,12.875,34.70000000000001,1.0,6.0,SUCCESS,50.0,2613,26,13,"-30.5,-60.0",FAILURE,153.56,False,477.0
FA_SD50_R03_MA3_RT50,50.0,15.0,3,0.5,900,2025-10-31 14:15:10.179000,2025-10-31 14:56:32.424001,25982,41.37,12153658,12179639,SHORT,1,2,262.0,254.0,32.75,-15.5,6.175,3.4000000000000004,14.375,33.775,1.0,5.5,SUCCESS,50.0,,27,14,-31.0,SUCCESS,201.08,False,260.0
FA_SD50_R03_MA3_RT50,50.0,15.0,3,0.5,901,2025-10-31 14:56:32.424001,2025-10-31 14:57:48.022085,1304,1.26,12179639,12180942,LONG,0,1,100.0,96.0,25.0,-3.5,6.1,1.7000000000000002,11.0,17.975,1.0,5.5,SUCCESS,50.0,,28,14,,SUCCESS,8.38,False,100.0
FA_SD50_R03_MA3_RT50,50.0,15.0,3,0.5,902,2025-10-31 14:57:48.022085,2025-10-31 15:20:17.672036,17505,22.49,12180942,12198446,SHORT,3,4,-440.0,-456.0,10.5,-30.0,6.3875,11.8,11.0,17.975,1.0,5.625,FAILURE,8.5,"8659,6728",29,14,"-30.0,-60.0,-90.0",SUCCESS,60.68,True,
FA_SD50_R03_MA3_RT50,50.0,15.0,3,0.5,903,2025-10-31 15:20:17.672036,2025-10-31 15:27:01.018000,6784,6.72,12198446,12205229,LONG,0,1,100.0,96.0,25.0,0.0,5.8625,0.8,12.25,27.47500000000001,1.0,5.375,SUCCESS,50.0,,30,15,,FAILURE,42.28,False,100.0
FA_SD50_R03_MA3_RT50,50.0,15.0,3,0.5,904,2025-10-31 15:27:01.018000,2025-10-31 15:54:10.047039,30644,27.15,12205229,12235872,SHORT,2,3,480.0,468.0,40.0,-29.0,5.55,4.5,12.75,34.525000000000006,1.0,5.25,SUCCESS,50.0,5034,31,15,"-30.0,-60.0",SUCCESS,207.36,False,476.0
FA_SD50_R03_MA3_RT50,50.0,15.0,3,0.5,905,2025-10-31 15:54:10.047039,2025-10-31 15:59:55.965000,17197,5.77,12235872,12253068,LONG,3,4,-439.0,-455.0,15.5,-30.25,6.75,56.800000000000004,14.875,36.325,1.0,7.125,FAILURE,31.0,"707,13624",32,15,"-30.0,-60.0,-90.5",SUCCESS,60.86,True,
FA_SD50_R03_MA3_RT50,50.0,15.0,3,0.5,906,2025-10-31 15:59:55.965000,2025-10-31 16:03:29.037000,9390,3.55,12253068,12262457,SHORT,0,1,100.0,96.0,25.0,-3.25,3.9,0.0,13.25,36.82500000000001,1.0,3.75,SUCCESS,50.0,,33,15,,FAILURE,59.84,False,100.0
FA_SD50_R03_MA3_RT50,50.0,15.0,3,0.5,908,2025-11-03 09:38:00.941059,2025-11-03 09:42:35.361000,8357,4.57,12288372,12296728,SHORT,0,1,100.0,94.0,25.0,-12.25,7.2,87.60000000000001,12.0,34.275000000000006,1.0,6.875,SUCCESS,50.0,,1,9,,SESSION_START,79.26,False,98.0
FA_SD50_R03_MA3_RT50,50.0,15.0,3,0.5,909,2025-11-03 09:42:35.361000,2025-11-03 10:00:52.408002,26813,18.28,12296728,12323540,LONG,3,4,-440.0,-456.0,21.75,-30.0,6.9625,74.5,11.875,22.500000000000018,1.0,6.5,FAILURE,43.5,"1968,13005",2,9,"-30.0,-60.0,-90.0",SUCCESS,133.24,True,
FA_SD50_R03_MA3_RT50,50.0,15.0,3,0.5,910,2025-11-03 10:00:52.408002,2025-11-03 10:16:47.738008,24885,15.92,12323540,12348424,SHORT,3,4,760.0,744.0,47.5,-30.0,8.8375,90.60000000000001,9.375,24.82500000000001,1.0,8.0,SUCCESS,50.0,"13605,967",3,10,"-30.0,-60.0,-90.0",FAILURE,222.42,True,754.0
FA_SD50_R03_MA3_RT50,50.0,15.0,3,0.5,911,2025-11-03 10:16:47.738008,2025-11-03 10:18:15.193002,2686,1.46,12348424,12351109,LONG,0,1,100.0,96.0,25.0,-3.5,7.5,73.60000000000001,9.875,30.150000000000002,1.0,7.625,SUCCESS,50.0,,4,10,,SUCCESS,22.28,False,100.0
FA_SD50_R03_MA3_RT50,50.0,15.0,3,0.5,912,2025-11-03 10:18:15.193002,2025-11-03 10:20:56.068000,3218,2.68,12351109,12354326,SHORT,0,1,101.0,97.0,25.25,-3.25,6.8375,33.4,11.875,25.875000000000007,1.0,6.875,SUCCESS,50.5,,5,10,,SUCCESS,30.1089,False,101.0
FA_SD50_R03_MA3_RT50,50.0,15.0,3,0.5,913,2025-11-03 10:20:56.068000,2025-11-03 10:23:39.143000,2414,2.72,12354326,12356739,LONG,0,1,100.0,96.0,25.0,-4.5,8.475,87.4,14.375,25.35,1.0,7.75,SUCCESS,50.0,,6,10,,SUCCESS,23.64,False,100.0
FA_SD50_R03_MA3_RT50,50.0,15.0,3,0.5,914,2025-11-03 10:23:39.143000,2025-11-03 10:24:38.318000,1032,0.99,12356739,12357770,SHORT,0,1,100.0,96.0,25.0,0.0,8.3625,85.0,13.875,25.35,1.0,7.875,SUCCESS,50.0,,7,10,,SUCCESS,9.72,False,100.0
FA_SD50_R03_MA3_RT50,50.0,15.0,3,0.5,915,2025-11-03 10:24:38.318000,2025-11-03 10:28:40.681000,7197,4.04,12357770,12364966,LONG,3,4,-443.0,-459.0,4.75,-29.9167,8.1875,83.0,13.875,25.35,1.0,7.875,FAILURE,9.5,"1110,1304",8,10,"-30.0,-60.5,-90.0",SUCCESS,29.4179,True,
FA_SD50_R03_MA3_RT50,50.0,15.0,3,0.5,916,2025-11-03 10:28:40.681000,2025-11-03 10:40:47.923000,17816,12.12,12364966,12382781,SHORT,3,4,-440.0,-456.0,19.75,-30.0,7.275,54.0,12.5,28.57500000000003,1.0,7.25,FAILURE,39.5,"1966,1455",9,10,"-30.0,-60.0,-90.0",FAILURE,75.63,True,
FA_SD50_R03_MA3_RT50,50.0,15.0,3,0.5,917,2025-11-03 10:40:47.923000,2025-11-03 10:58:52.332000,22219,18.07,12382781,12404999,LONG,2,3,480.0,468.0,40.0,-22.5,6.625,10.8,10.75,20.8,1.0,6.375,SUCCESS,50.0,9335,10,10,"-30.0,-60.0",FAILURE,189.78,False,476.0
FA_SD50_R03_MA3_RT50,50.0,15.0,3,0.5,918,2025-11-03 10:58:52.332000,2025-11-03 11:00:19.607000,1891,1.45,12404999,12406889,SHORT,0,1,100.0,96.0,25.0,-1.75,7.8125,70.4,13.5,27.650000000000002,1.0,6.625,SUCCESS,50.0,,11,10,,SUCCESS,15.04,False,100.0
FA_SD50_R03_MA3_RT50,50.0,15.0,3,0.5,919,2025-11-03 11:00:19.607000,2025-11-03 11:56:59.196000,45692,56.66,12406889,12452580,LONG,2,3,480.0,468.0,40.0,-26.75,7.225,40.800000000000004,13.5,27.650000000000002,1.0,6.75,SUCCESS,50.0,18706,12,11,"-30.0,-60.0",SUCCESS,375.58,False,476.0
FA_SD50_R03_MA3_RT50,50.0,15.0,3,0.5,920,2025-11-03 11:56:59.196000,2025-11-03 12:04:33.852000,7386,7.58,12452580,12459965,SHORT,1,2,260.0,252.0,32.5,-15.0,6.6625,9.8,16.25,32.20000000000002,1.0,6.625,SUCCESS,50.0,,13,11,-30.0,SUCCESS,54.18,False,258.0
FA_SD50_R03_MA3_RT50,50.0,15.0,3,0.5,921,2025-11-03 12:04:33.852000,2025-11-03 12:08:27.660000,2110,3.9,12459965,12462074,LONG,0,1,100.0,96.0,25.0,-2.0,6.825,20.700000000000003,15.75,41.050000000000004,1.0,6.625,SUCCESS,50.0,,14,12,,SUCCESS,18.2,False,100.0
FA_SD50_R03_MA3_RT50,50.0,15.0,3,0.5,922,2025-11-03 12:08:27.660000,2025-11-03 13:13:17.077019,38654,64.82,12462074,12500727,SHORT,3,4,-440.0,-456.0,36.25,-30.0,7.2125,47.800000000000004,15.0,37.150000000000006,1.0,7.0,FAILURE,42.5,"4212,23784",15,12,"-30.0,-60.0,-90.0",SUCCESS,132.06,True,
FA_SD50_R03_MA3_RT50,50.0,15.0,3,0.5,923,2025-11-03 13:13:17.077019,2025-11-03 14:03:10.312001,24385,49.89,12500727,12525111,LONG,3,4,-440.0,-456.0,13.5,-30.0,5.9375,22.3,13.125,22.17500000000004,1.0,5.75,FAILURE,12.0,"14301,6322",16,13,"-30.0,-60.0,-90.0",FAILURE,76.75,True,
FA_SD50_R03_MA3_RT50,50.0,15.0,3,0.5,924,2025-11-03 14:03:10.312001,2025-11-03 14:42:02.828000,20492,38.88,12525111,12545602,SHORT,1,2,260.0,252.0,32.5,-15.0,6.175,43.400000000000006,11.25,23.550000000000004,1.0,6.25,SUCCESS,50.0,,17,14,-30.0,FAILURE,160.24,False,258.0
FA_SD50_R03_MA3_RT50,50.0,15.0,3,0.5,925,2025-11-03 14:42:02.828000,2025-11-03 14:51:57.222004,7164,9.91,12545602,12552765,LONG,1,2,261.0,253.0,32.625,-15.25,6.7125,55.6,10.75,16.05,1.0,6.75,SUCCESS,50.0,,18,14,-30.5,SUCCESS,51.36,False,259.0
FA_SD50_R03_MA3_RT50,50.0,15.0,3,0.5,926,2025-11-03 14:51:57.222004,2025-11-03 15:33:46.468000,19901,41.82,12552765,12572665,SHORT,1,2,260.0,252.0,32.5,-15.0,7.0,70.3,10.0,30.6,1.0,7.0,SUCCESS,50.0,,19,14,-30.0,SUCCESS,136.1,False,258.0
FA_SD50_R03_MA3_RT50,50.0,15.0,3,0.5,927,2025-11-03 15:33:46.468000,2025-11-03 15:45:03.763067,7691,11.29,12572665,12580355,LONG,0,1,100.0,96.0,25.0,-13.75,5.5125,13.0,11.5,30.775000000000006,1.0,5.5,SUCCESS,50.0,,20,15,,SUCCESS,44.1,False,100.0
FA_SD50_R03_MA3_RT50,50.0,15.0,3,0.5,928,2025-11-03 15:45:03.763067,2025-11-03 15:48:35.279000,1946,3.53,12580355,12582300,SHORT,0,1,100.0,96.0,25.0,0.0,5.4875,12.0,12.75,18.550000000000004,1.0,5.375,SUCCESS,50.0,,21,15,,SUCCESS,13.08,False,100.0
FA_SD50_R03_MA3_RT50,50.0,15.0,3,0.5,929,2025-11-03 15:48:35.279000,2025-11-03 15:59:59.339008,14745,11.4,12582300,12597044,LONG,0,1,100.0,96.0,25.0,-13.0,5.8125,31.400000000000002,12.75,18.550000000000004,1.0,5.75,SUCCESS,50.0,,22,15,,SUCCESS,93.84,False,100.0
FA_SD50_R03_MA3_RT50,50.0,15.0,3,0.5,930,2025-11-03 15:59:59.339008,2025-11-03 16:05:00.037036,6218,5.01,12597044,12603261,SHORT,3,4,-440.0,-456.0,13.0,-30.0,4.275,0.0,11.5,18.775000000000006,1.0,3.875,FAILURE,26.0,"1422,188",23,15,"-30.0,-60.0,-90.0",SUCCESS,19.92,True,
FA_SD50_R03_MA3_RT50,50.0,15.0,3,0.5,932,2025-11-04 09:33:12.057011,2025-11-04 09:34:05.789002,3446,0.9,12621569,12625014,SHORT,0,1,100.0,94.0,25.0,-5.25,8.1375,83.60000000000001,13.625,32.37500000000002,1.0,7.875,SUCCESS,50.0,,1,9,,SESSION_START,30.74,False,98.0
FA_SD50_R03_MA3_RT50,50.0,15.0,3,0.5,933,2025-11-04 09:34:05.789002,2025-11-04 09:35:14.583000,3645,1.15,12625014,12628658,LONG,0,1,100.0,96.0,25.0,-4.0,6.6,57.2,13.625,29.375000000000043,1.0,7.125,SUCCESS,50.0,,2,9,,SUCCESS,32.84,False,100.0
FA_SD50_R03_MA3_RT50,50.0,15.0,3,0.5,934,2025-11-04 09:35:14.583000,2025-11-04 09:35:54.498000,2034,0.67,12628658,12630691,SHORT,0,1,100.0,96.0,25.0,-6.5,7.5875,79.80000000000001,11.75,25.150000000000002,1.0,7.625,SUCCESS,50.0,,3,9,,SUCCESS,18.12,False,100.0
FA_SD50_R03_MA3_RT50,50.0,15.0,3,0.5,935,2025-11-04 09:35:54.498000,2025-11-04 09:36:33.444001,1918,0.65,12630691,12632608,LONG,0,1,101.0,97.0,25.25,-3.0,8.0,81.80000000000001,11.75,26.900000000000006,1.0,7.875,SUCCESS,50.5,,4,9,,SUCCESS,17.297,False,101.0
FA_SD50_R03_MA3_RT50,50.0,15.0,3,0.5,936,2025-11-04 09:36:33.444001,2025-11-04 09:41:24.363000,12380,4.85,12632608,12644987,SHORT,3,4,-440.0,-456.0,31.25,-30.0,8.4875,89.60000000000001,13.625,26.900000000000006,1.0,8.25,FAILURE,32.5,"426,10605",5,9,"-30.0,-60.0,-90.0",SUCCESS,57.82,True,
FA_SD50_R03_MA3_RT50,50.0,15.0,3,0.5,937,2025-11-04 09:41:24.363000,2025-11-04 09:42:05.372001,2350,0.68,12644987,12647336,LONG,0,1,100.0,96.0,25.0,-1.75,9.5625,91.80000000000001,14.125,25.775000000000006,1.0,9.375,SUCCESS,50.0,,6,9,,FAILURE,19.78,False,100.0
FA_SD50_R03_MA3_RT50,50.0,15.0,3,0.5,938,2025-11-04 09:42:05.372001,2025-11-04 09:47:35.572000,12081,5.5,12647336,12659416,SHORT,1,2,260.0,252.0,32.5,-15.0,8.6125,83.2,15.25,32.35000000000002,1.0,8.125,SUCCESS,50.0,,7,9,-30.0,SUCCESS,112.0,False,258.0
FA_SD50_R03_MA3_RT50,50.0,15.0,3,0.5,939,2025-11-04 09:47:35.572000,2025-11-04 09:48:36.356005,2706,1.01,12659416,12662121,LONG,0,1,100.0,96.0,25.0,-7.0,8.625,83.30000000000001,10.375,25.450000000000006,1.0,8.875,SUCCESS,50.0,,8,9,,SUCCESS,25.58,False,100.0
FA_SD50_R03_MA3_RT50,50.0,15.0,3,0.5,940,2025-11-04 09:48:36.356005,2025-11-04 09:51:40.613001,6902,3.07,12662121,12669022,SHORT,3,4,-440.0,-456.0,8.25,-30.0,8.375,75.8,10.375,25.900000000000006,1.0,8.0,FAILURE,5.5,"2938,1495",9,9,"-30.0,-60.0,-90.0",SUCCESS,27.88,True,
FA_SD50_R03_MA3_RT50,50.0,15.0,3,0.5,941,2025-11-04 09:51:40.613001,2025-11-04 09:54:26.388011,5460,2.76,12669022,12674481,LONG,0,1,100.0,96.0,25.0,-5.5,6.5,34.5,11.375,23.025000000000006,1.0,6.125,SUCCESS,50.0,,10,9,,FAILURE,44.08,False,100.0
FA_SD50_R03_MA3_RT50,50.0,15.0,3,0.5,942,2025-11-04 09:54:26.388011,2025-11-04 10:26:22.389009,47021,31.93,12674481,12721501,SHORT,3,4,-440.0,-456.0,29.75,-30.0,6.525,37.4,13.0,25.900000000000006,1.0,6.25,FAILURE,29.5,"7999,37028",11,9,"-30.0,-60.0,-90.0",SUCCESS,201.05,True,
FA_SD50_R03_MA3_RT50,50.0,15.0,3,0.5,943,2025-11-04 10:26:22.389009,2025-11-04 10:47:20.935008,21911,20.98,12721501,12743411,LONG,3,4,-439.0,-455.0,20.5625,-30.25,7.75,52.2,12.0,25.200000000000006,1.0,7.75,FAILURE,2.5,"2552,2999",12,10,"-30.0,-60.0,-90.5",FAILURE,90.93,True,
FA_SD50_R03_MA3_RT50,50.0,15.0,3,0.5,944,2025-11-04 10:47:20.935008,2025-11-04 10:51:20.747000,5500,4.0,12743411,12748910,SHORT,0,1,100.0,96.0,25.0,-6.25,7.25,32.7,15.375,26.22500000000001,1.0,6.625,SUCCESS,50.0,,13,10,,FAILURE,41.28,False,100.0
FA_SD50_R03_MA3_RT50,50.0,15.0,3,0.5,945,2025-11-04 10:51:20.747000,2025-11-04 10:57:08.739002,8593,5.8,12748910,12757502,LONG,3,4,-440.0,-456.0,3.25,-30.0,6.65,16.7,16.125,30.775000000000006,1.0,6.5,FAILURE,6.5,"1698,1409",14,10,"-30.0,-60.0,-90.0",SUCCESS,28.6,True,
FA_SD50_R03_MA3_RT50,50.0,15.0,3,0.5,946,2025-11-04 10:57:08.739002,2025-11-04 11:00:28.981000,6177,3.34,12757502,12763678,SHORT,3,4,-440.0,-456.0,3.5,-30.0,5.475,6.0,16.125,33.525000000000006,1.0,5.75,FAILURE,7.0,"3234,729",15,10,"-30.0,-60.0,-90.0",FAILURE,21.07,True,
FA_SD50_R03_MA3_RT50,50.0,15.0,3,0.5,947,2025-11-04 11:00:28.981000,2025-11-04 11:11:36.548030,11889,11.13,12763678,12775566,LONG,3,4,-439.0,-455.0,5.5,-30.25,6.2,15.4,16.875,33.525000000000006,1.0,5.625,FAILURE,11.0,"805,7720",16,11,"-30.0,-60.0,-90.5",FAILURE,49.45,True,
FA_SD50_R03_MA3_RT50,50.0,15.0,3,0.5,948,2025-11-04 11:11:36.548030,2025-11-04 11:21:39.573000,10217,10.05,12775566,12785782,SHORT,1,2,260.0,252.0,32.5,-15.0,7.3375,56.1,18.875,36.175000000000004,1.0,6.5,SUCCESS,50.0,,17,11,-30.0,FAILURE,93.52,False,258.0
FA_SD50_R03_MA3_RT50,50.0,15.0,3,0.5,949,2025-11-04 11:21:39.573000,2025-11-04 11:28:22.701000,5854,6.72,12785782,12791635,LONG,0,1,100.0,96.0,25.0,-4.0,7.3125,54.300000000000004,16.25,37.8,1.0,6.875,SUCCESS,50.0,,18,11,,SUCCESS,51.66,False,100.0
FA_SD50_R03_MA3_RT50,50.0,15.0,3,0.5,950,2025-11-04 11:28:22.701000,2025-11-04 11:49:23.349000,19899,21.01,12791635,12811533,SHORT,1,2,260.0,252.0,32.5,-21.75,8.1625,94.0,16.75,37.8,1.0,7.625,SUCCESS,50.0,,19,11,-30.0,SUCCESS,162.64,False,258.0
FA_SD50_R03_MA3_RT50,50.0,15.0,3,0.5,951,2025-11-04 11:49:23.349000,2025-11-04 11:55:58.193002,6202,6.58,12811533,12817734,LONG,0,1,100.0,96.0,25.0,-10.5,7.3375,41.7,18.5,33.45,1.0,7.5,SUCCESS,50.0,,20,11,,SUCCESS,50.44,False,100.0
FA_SD50_R03_MA3_RT50,50.0,15.0,3,0.5,952,2025-11-04 11:55:58.193002,2025-11-04 11:56:35.267000,783,0.62,12817734,12818516,SHORT,0,1,101.0,97.0,25.25,-0.5,7.55,57.2,18.75,27.625000000000007,1.0,7.25,SUCCESS,50.5,,21,11,,SUCCESS,6.5446,False,101.0
FA_SD50_R03_MA3_RT50,50.0,15.0,3,0.5,953,2025-11-04 11:56:35.267000,2025-11-04 12:17:32.123008,17418,20.95,12818516,12835933,LONG,3,4,-440.0,-456.0,23.25,-30.0,7.8125,71.4,18.75,27.625000000000007,1.0,7.0,FAILURE,31.5,"9314,7045",22,11,"-30.0,-60.0,-90.0",SUCCESS,76.18,True,
FA_SD50_R03_MA3_RT50,50.0,15.0,3,0.5,954,2025-11-04 12:17:32.123008,2025-11-04 12:19:40.989008,3715,2.15,12835933,12839647,SHORT,0,1,100.0,96.0,25.0,-5.25,8.5,97.2,11.5,27.950000000000006,1.0,8.0,SUCCESS,50.0,,23,12,,FAILURE,25.94,False,100.0
FA_SD50_R03_MA3_RT50,50.0,15.0,3,0.5,955,2025-11-04 12:19:40.989008,2025-11-04 12:23:18.763020,7414,3.63,12839647,12847060,LONG,1,2,260.0,252.0,32.5,-17.25,6.1625,10.4,11.5,27.950000000000006,1.0,5.625,SUCCESS,50.0,,24,12,-30.0,SUCCESS,58.6,False,258.0
FA_SD50_R03_MA3_RT50,50.0,15.0,3,0.5,956,2025-11-04 12:23:18.763020,2025-11-04 12:42:03.288000,18729,18.74,12847060,12865788,SHORT,2,3,480.0,468.0,40.0,-26.75,6.9875,24.0,11.25,27.950000000000006,1.0,6.25,SUCCESS,50.0,1221,25,12,"-30.0,-60.0",SUCCESS,156.08,False,476.0
FA_SD50_R03_MA3_RT50,50.0,15.0,3,0.5,957,2025-11-04 12:42:03.288000,2025-11-04 12:45:13.860003,3106,3.18,12865788,12868893,LONG,0,1,100.0,96.0,25.0,-5.25,7.625,52.2,11.5,29.850000000000005,1.0,7.375,SUCCESS,50.0,,26,12,,SUCCESS,25.56,False,100.0
FA_SD50_R03_MA3_RT50,50.0,15.0,3,0.5,958,2025-11-04 12:45:13.860003,2025-11-04 12:57:46.500001,11687,12.54,12868893,12880579,SHORT,2,3,480.0,468.0,40.0,-22.5,7.15,31.1,10.375,23.875000000000007,1.0,6.75,SUCCESS,50.0,2402,27,12,"-30.0,-60.0",SUCCESS,90.72,False,476.0
FA_SD50_R03_MA3_RT50,50.0,15.0,3,0.5,959,2025-11-04 12:57:46.500001,2025-11-04 13:27:56.895018,28805,30.17,12880579,12909383,LONG,3,4,-440.0,-456.0,21.0,-30.0,7.6375,49.7,10.375,29.275,1.0,6.75,FAILURE,37.0,"9090,2168",28,12,"-30.0,-60.0,-90.0",SUCCESS,104.72,True,
FA_SD50_R03_MA3_RT50,50.0,15.0,3,0.5,960,2025-11-04 13:27:56.895018,2025-11-04 13:52:16.536000,19685,24.33,12909383,12929067,SHORT,3,4,-444.0,-460.0,30.25,-30.0,6.65,10.5,15.875,27.72500000000001,1.0,5.75,FAILURE,30.5,"1603,15434",29,13,"-30.0,-60.0,-90.0",FAILURE,81.7065,True,
FA_SD50_R03_MA3_RT50,50.0,15.0,3,0.5,961,2025-11-04 13:52:16.536000,2025-11-04 14:36:57.266000,32738,44.68,12929067,12961804,LONG,3,4,-444.0,-460.0,21.0,-30.0,10.4,100.0,8.75,23.67500000000001,1.0,9.625,FAILURE,42.0,"14933,4610",30,13,"-30.0,-60.0,-90.0",FAILURE,151.1294,True,
FA_SD50_R03_MA3_RT50,50.0,15.0,3,0.5,962,2025-11-04 14:36:57.266000,2025-11-04 14:38:42.524000,1868,1.75,12961804,12963671,SHORT,0,1,100.0,96.0,25.0,-8.0,7.55,53.800000000000004,13.0,25.47500000000001,1.0,7.375,SUCCESS,50.0,,31,14,,FAILURE,14.82,False,100.0
FA_SD50_R03_MA3_RT50,50.0,15.0,3,0.5,963,2025-11-04 14:38:42.524000,2025-11-04 15:05:58.073020,24545,27.26,12963671,12988215,LONG,1,2,260.0,252.0,32.5,-15.0,7.6,56.5,13.0,30.32500000000001,1.0,7.25,SUCCESS,50.0,,32,14,-30.0,SUCCESS,197.5,False,258.0
FA_SD50_R03_MA3_RT50,50.0,15.0,3,0.5,964,2025-11-04 15:05:58.073020,2025-11-04 15:21:21.430000,12091,15.39,12988215,13000305,SHORT,1,2,260.0,252.0,32.5,-15.5,8.0625,76.9,14.875,23.425000000000004,1.0,8.375,SUCCESS,50.0,,33,15,-30.0,SUCCESS,95.36,False,258.0
FA_SD50_R03_MA3_RT50,50.0,15.0,3,0.5,965,2025-11-04 15:21:21.430000,2025-11-04 15:29:15.382000,4957,7.9,13000305,13005261,LONG,0,1,100.0,96.0,25.0,-10.25,6.5625,7.7,14.25,23.875000000000007,1.0,6.25,SUCCESS,50.0,,34,15,,SUCCESS,41.08,False,100.0
FA_SD50_R03_MA3_RT50,50.0,15.0,3,0.5,966,2025-11-04 15:29:15.382000,2025-11-04 15:49:34.930004,14110,20.33,13005261,13019370,SHORT,1,2,260.0,252.0,32.5,-18.0,7.4125,44.800000000000004,14.375,23.875000000000007,1.0,7.625,SUCCESS,50.0,,35,15,-30.0,SUCCESS,118.0,False,258.0
FA_SD50_R03_MA3_RT50,50.0,15.0,3,0.5,968,2025-11-05 09:35:20.206000,2025-11-05 09:37:46.332003,6175,2.44,13073568,13079742,SHORT,3,4,-440.0,-458.0,19.25,-30.0,8.475,82.7,14.25,31.900000000000027,1.0,8.125,FAILURE,8.5,"1051,4116",1,9,"-30.0,-60.0,-90.0",SESSION_START,31.06,True,
FA_SD50_R03_MA3_RT50,50.0,15.0,3,0.5,969,2025-11-05 09:37:46.332003,2025-11-05 09:39:40.562000,3827,1.9,13079742,13083568,LONG,0,1,100.0,96.0,25.0,-11.75,9.6375,95.2,12.625,31.900000000000027,1.0,10.625,SUCCESS,50.0,,2,9,,FAILURE,40.32,False,100.0
FA_SD50_R03_MA3_RT50,50.0,15.0,3,0.5,970,2025-11-05 09:39:40.562000,2025-11-05 09:41:20.777003,2943,1.67,13083568,13086510,SHORT,0,1,100.0,96.0,25.0,-6.25,8.2375,77.0,12.625,49.875000000000014,1.0,8.5,SUCCESS,50.0,,3,9,,SUCCESS,33.14,False,100.0
FA_SD50_R03_MA3_RT50,50.0,15.0,3,0.5,971,2025-11-05 09:41:20.777003,2025-11-05 09:46:36.541007,9477,5.26,13086510,13095986,LONG,2,3,480.0,468.0,40.0,-22.5,9.0125,87.0,14.125,49.875000000000014,1.0,8.75,SUCCESS,50.0,2384,4,9,"-30.0,-60.0",SUCCESS,107.48,False,476.0
FA_SD50_R03_MA3_RT50,50.0,15.0,3,0.5,972,2025-11-05 09:46:36.541007,2025-11-05 09:48:35.179038,6468,1.98,13095986,13102453,SHORT,3,4,-440.0,-456.0,5.25,-30.0,9.0625,83.60000000000001,15.125,36.60000000000004,1.0,9.375,FAILURE,10.5,"1378,2772",5,9,"-30.0,-60.0,-90.0",SUCCESS,26.15,True,
FA_SD50_R03_MA3_RT50,50.0,15.0,3,0.5,973,2025-11-05 09:48:35.179038,2025-11-05 09:53:08.910000,9081,4.56,13102453,13111533,LONG,1,2,260.0,252.0,32.5,-15.0,6.6375,28.700000000000003,14.875,38.050000000000054,1.0,6.875,SUCCESS,50.0,,6,9,-30.0,FAILURE,82.1,False,258.0
FA_SD50_R03_MA3_RT50,50.0,15.0,3,0.5,974,2025-11-05 09:53:08.910000,2025-11-05 09:59:59.967029,12482,6.85,13111533,13124014,SHORT,3,4,-448.0,-464.0,3.25,-30.0,6.7,33.6,14.125,30.200000000000006,1.0,6.25,FAILURE,6.5,"4680,4697",7,9,"-30.0,-60.0,-90.0",SUCCESS,54.2475,True,
FA_SD50_R03_MA3_RT50,50.0,15.0,3,0.5,975,2025-11-05 09:59:59.967029,2025-11-05 10:03:14.052000,8747,3.23,13124014,13132760,LONG,3,4,-439.0,-455.0,13.5,-29.9167,8.8375,79.30000000000001,15.5,31.12500000000002,1.0,7.125,FAILURE,12.0,"5419,2816",8,9,"-30.0,-60.5,-90.0",FAILURE,61.39,True,
FA_SD50_R03_MA3_RT50,50.0,15.0,3,0.5,976,2025-11-05 10:03:14.052000,2025-11-05 10:06:08.411000,6475,2.91,13132760,13139234,SHORT,3,4,-438.0,-454.0,11.3333,-30.1667,8.425,63.5,15.75,22.250000000000007,1.0,8.625,FAILURE,0.5,"544,4141",9,10,"-30.0,-60.5,-90.5",FAILURE,28.99,True,
FA_SD50_R03_MA3_RT50,50.0,15.0,3,0.5,977,2025-11-05 10:06:08.411000,2025-11-05 10:15:07.126006,13660,8.98,13139234,13152893,LONG,3,4,-440.0,-456.0,23.75,-30.0,7.9875,54.0,15.75,22.125000000000007,1.0,7.75,FAILURE,47.5,"3128,2373",10,10,"-30.0,-60.0,-90.0",FAILURE,69.18,True,
FA_SD50_R03_MA3_RT50,50.0,15.0,3,0.5,978,2025-11-05 10:15:07.126006,2025-11-05 10:21:25.894071,8818,6.31,13152893,13161710,SHORT,2,3,480.0,468.0,40.0,-22.5,9.9,90.10000000000001,13.875,22.775000000000027,1.0,9.75,SUCCESS,50.0,4649,11,10,"-30.0,-60.0",FAILURE,94.1,False,476.0
FA_SD50_R03_MA3_RT50,50.0,15.0,3,0.5,979,2025-11-05 10:21:25.894071,2025-11-05 10:22:43.097000,2624,1.29,13161710,13164333,LONG,0,1,101.0,97.0,25.25,-2.75,9.075,66.10000000000001,15.5,21.900000000000013,1.0,8.125,SUCCESS,50.5,,12,10,,SUCCESS,24.5446,False,101.0
FA_SD50_R03_MA3_RT50,50.0,15.0,3,0.5,980,2025-11-05 10:22:43.097000,2025-11-05 10:26:22.450000,5635,3.66,13164333,13169967,SHORT,3,4,-440.0,-456.0,0.75,-30.0,9.35,74.4,12.125,19.875000000000014,1.0,8.625,FAILURE,1.5,"885,2048",13,10,"-30.0,-60.0,-90.0",SUCCESS,27.35,True,
FA_SD50_R03_MA3_RT50,50.0,15.0,3,0.5,981,2025-11-05 10:26:22.450000,2025-11-05 10:28:05.294057,2786,1.71,13169967,13172752,LONG,0,1,100.0,96.0,25.0,-6.5,9.4875,76.80000000000001,11.125,30.225,1.0,9.75,SUCCESS,50.0,,14,10,,FAILURE,23.08,False,100.0
FA_SD50_R03_MA3_RT50,50.0,15.0,3,0.5,982,2025-11-05 10:28:05.294057,2025-11-05 10:29:33.887001,2406,1.48,13172752,13175157,SHORT,0,1,100.0,96.0,25.0,-0.5,7.825,32.2,11.125,32.62500000000001,1.0,7.375,SUCCESS,50.0,,15,10,,SUCCESS,19.76,False,100.0
FA_SD50_R03_MA3_RT50,50.0,15.0,3,0.5,983,2025-11-05 10:29:33.887001,2025-11-05 10:41:14.916025,13105,11.68,13175157,13188261,LONG,1,2,260.0,252.0,32.5,-15.0,7.025,19.8,10.75,32.62500000000001,1.0,6.5,SUCCESS,50.0,,16,10,-30.0,SUCCESS,126.68,False,258.0
FA_SD50_R03_MA3_RT50,50.0,15.0,3,0.5,984,2025-11-05 10:41:14.916025,2025-11-05 10:50:27.048000,10492,9.2,13188261,13198752,SHORT,1,2,260.0,252.0,32.5,-15.0,8.2375,33.0,10.625,24.80000000000001,1.0,7.625,SUCCESS,50.0,,17,10,-30.0,SUCCESS,96.78,False,258.0
FA_SD50_R03_MA3_RT50,50.0,15.0,3,0.5,985,2025-11-05 10:50:27.048000,2025-11-05 10:51:54.112000,1720,1.45,13198752,13200471,LONG,0,1,100.0,96.0,25.0,-0.5,8.275,36.0,11.125,24.025,1.0,7.75,SUCCESS,50.0,,18,10,,SUCCESS,16.38,False,100.0
FA_SD50_R03_MA3_RT50,50.0,15.0,3,0.5,986,2025-11-05 10:51:54.112000,2025-11-05 10:53:25.595000,1279,1.52,13200471,13201749,SHORT,0,1,100.0,96.0,25.0,-1.25,8.2625,36.1,14.375,26.02500000000002,1.0,8.125,SUCCESS,50.0,,19,10,,SUCCESS,13.86,False,100.0
FA_SD50_R03_MA3_RT50,50.0,15.0,3,0.5,987,2025-11-05 10:53:25.595000,2025-11-05 10:58:57.725008,5362,5.54,13201749,13207110,LONG,1,2,260.0,252.0,32.5,-15.0,8.6125,48.800000000000004,16.875,26.250000000000018,1.0,8.5,SUCCESS,50.0,,20,10,-30.0,SUCCESS,53.4,False,258.0
FA_SD50_R03_MA3_RT50,50.0,15.0,3,0.5,988,2025-11-05 10:58:57.725008,2025-11-05 11:03:28.974000,5187,4.52,13207110,13212296,SHORT,0,1,102.0,98.0,25.5,-14.5,9.55,83.60000000000001,14.0,32.32500000000001,1.0,9.25,SUCCESS,51.0,,21,10,,SUCCESS,50.3529,False,102.0
FA_SD50_R03_MA3_RT50,50.0,15.0,3,0.5,989,2025-11-05 11:03:28.974000,2025-11-05 11:05:33.642000,2274,2.08,13212296,13214569,LONG,1,2,260.0,252.0,32.5,-15.0,8.5375,47.800000000000004,16.5,27.925000000000004,1.0,8.875,SUCCESS,50.0,,22,11,-30.0,SUCCESS,24.64,False,258.0
FA_SD50_R03_MA3_RT50,50.0,15.0,3,0.5,990,2025-11-05 11:05:33.642000,2025-11-05 11:08:29.821001,2539,2.94,13214569,13217107,SHORT,0,1,100.0,96.0,25.0,-14.5,10.175,91.0,19.0,32.82500000000002,1.0,10.0,SUCCESS,50.0,,23,11,,SUCCESS,28.28,False,100.0
FA_SD50_R03_MA3_RT50,50.0,15.0,3,0.5,991,2025-11-05 11:08:29.821001,2025-11-05 11:25:22.828000,17032,16.88,13217107,13234138,LONG,2,3,480.0,468.0,40.0,-22.5,10.65,92.4,22.375,43.05000000000001,1.0,11.25,SUCCESS,50.0,4478,24,11,"-30.0,-60.0",SUCCESS,155.08,False,476.0
FA_SD50_R03_MA3_RT50,50.0,15.0,3,0.5,992,2025-11-05 11:25:22.828000,2025-11-05 11:44:51.714000,19369,19.48,13234138,13253506,SHORT,3,4,-440.0,-456.0,6.0,-30.0,8.5,40.2,15.5,30.900000000000002,1.0,7.875,FAILURE,11.0,"4066,12729",25,11,"-30.0,-60.0,-90.0",SUCCESS,74.26,True,
FA_SD50_R03_MA3_RT50,50.0,15.0,3,0.5,993,2025-11-05 11:44:51.714000,2025-11-05 12:27:30.320155,34610,42.64,13253506,13288115,LONG,1,2,260.0,252.0,32.5,-19.75,5.675,0.0,14.75,20.675000000000004,1.0,5.25,SUCCESS,50.0,,26,11,-30.0,FAILURE,227.72,False,258.0
FA_SD50_R03_MA3_RT50,50.0,15.0,3,0.5,994,2025-11-05 12:27:30.320155,2025-11-05 13:36:03.292000,39094,68.55,13288115,13327208,SHORT,3,4,-440.0,-456.0,8.25,-30.0,6.0625,15.0,7.875,21.375000000000007,1.0,5.875,FAILURE,16.5,"2824,27289",27,12,"-30.0,-60.0,-90.0",SUCCESS,103.88,True,
FA_SD50_R03_MA3_RT50,50.0,15.0,3,0.5,995,2025-11-05 13:36:03.292000,2025-11-05 13:51:32.247008,9226,15.48,13327208,13336433,LONG,0,1,100.0,96.0,25.0,-0.25,5.525,33.7,13.875,25.825000000000003,1.0,5.125,SUCCESS,50.0,,28,13,,FAILURE,47.34,False,100.0
FA_SD50_R03_MA3_RT50,50.0,15.0,3,0.5,996,2025-11-05 13:51:32.247008,2025-11-05 14:02:21.281001,6642,10.82,13336433,13343074,SHORT,0,1,100.0,96.0,25.0,-5.25,4.65,15.9,12.125,26.625,1.0,4.5,SUCCESS,50.0,,29,13,,SUCCESS,33.62,False,100.0
FA_SD50_R03_MA3_RT50,50.0,15.0,3,0.5,997,2025-11-05 14:02:21.281001,2025-11-05 14:24:54.871000,15106,22.56,13343074,13358179,LONG,1,2,260.0,252.0,32.5,-15.0,4.7125,23.400000000000002,10.125,25.825000000000003,1.0,4.5,SUCCESS,50.0,,30,14,-30.0,SUCCESS,85.44,False,258.0
FA_SD50_R03_MA3_RT50,50.0,15.0,3,0.5,998,2025-11-05 14:24:54.871000,2025-11-05 15:24:25.294000,29473,59.51,13358179,13387651,SHORT,0,1,100.0,96.0,25.0,-12.5,5.35,51.7,13.5,28.075000000000003,1.0,5.125,SUCCESS,50.0,,31,14,,SUCCESS,143.68,False,100.0
FA_SD50_R03_MA3_RT50,50.0,15.0,3,0.5,999,2025-11-05 15:24:25.294000,2025-11-05 15:47:29.811002,18393,23.08,13387651,13406043,LONG,3,4,-439.0,-455.0,4.5,-30.25,4.175,5.9,12.5,19.35,1.0,4.125,FAILURE,1.0,"4849,7693",32,15,"-30.0,-60.0,-90.5",SUCCESS,48.88,True,
FA_SD50_R03_MA3_RT50,50.0,15.0,3,0.5,1000,2025-11-05 15:47:29.811002,2025-11-05 15:56:05.680000,11632,8.6,13406043,13417674,SHORT,0,1,100.0,96.0,25.0,-11.75,5.4,85.10000000000001,11.125,22.350000000000005,1.0,5.5,SUCCESS,50.0,,33,15,,FAILURE,88.18,False,100.0
FA_SD50_R03_MA3_RT50,50.0,15.0,3,0.5,1001,2025-11-05 15:56:05.680000,2025-11-05 16:01:21.154010,18217,5.26,13417674,13435890,LONG,3,4,-440.0,-456.0,7.75,-30.0,6.575,100.0,13.0,23.925000000000004,1.0,6.375,FAILURE,15.5,"4015,10823",34,15,"-30.0,-60.0,-90.0",SUCCESS,54.38,True,
FA_SD50_R03_MA3_RT50,50.0,15.0,3,0.5,1003,2025-11-06 09:35:20.842041,2025-11-06 09:41:21.179085,15397,6.01,13462960,13478356,SHORT,2,3,481.0,467.0,40.0833,-27.9167,8.55,89.80000000000001,18.375,34.02500000000001,1.0,8.625,SUCCESS,50.0,3530,1,9,"-30.5,-60.0",SESSION_START,131.74,False,475.0
FA_SD50_R03_MA3_RT50,50.0,15.0,3,0.5,1004,2025-11-06 09:41:21.179085,2025-11-06 09:45:28.833000,9094,4.13,13478356,13487449,LONG,0,1,102.0,98.0,25.5,-13.0,7.7125,75.60000000000001,19.375,35.97500000000001,1.0,7.125,SUCCESS,51.0,,2,9,,SUCCESS,79.5294,False,102.0
FA_SD50_R03_MA3_RT50,50.0,15.0,3,0.5,1005,2025-11-06 09:45:28.833000,2025-11-06 09:50:33.704001,12029,5.08,13487449,13499477,SHORT,3,4,761.0,745.0,47.5625,-29.9167,8.4375,88.2,15.25,28.97500000000001,1.0,8.5,SUCCESS,50.0,"3281,2951",3,9,"-30.5,-60.0,-90.0",SUCCESS,112.3,True,755.0
FA_SD50_R03_MA3_RT50,50.0,15.0,3,0.5,1006,2025-11-06 09:50:33.704001,2025-11-06 09:55:09.270022,12663,4.59,13499477,13512139,LONG,3,4,-440.0,-456.0,6.75,-30.0,8.7375,91.80000000000001,17.75,30.975000000000016,1.0,8.875,FAILURE,13.5,"1938,7056",4,9,"-30.0,-60.0,-90.0",SUCCESS,58.54,True,
FA_SD50_R03_MA3_RT50,50.0,15.0,3,0.5,1007,2025-11-06 09:55:09.270022,2025-11-06 09:59:18.635000,9326,4.16,13512139,13521464,SHORT,1,2,260.0,252.0,32.5,-15.0,8.575,82.80000000000001,17.875,33.22500000000001,1.0,7.875,SUCCESS,50.0,,5,9,-30.0,FAILURE,85.92,False,258.0
FA_SD50_R03_MA3_RT50,50.0,15.0,3,0.5,1008,2025-11-06 09:59:18.635000,2025-11-06 10:00:38.134006,5538,1.32,13521464,13527001,LONG,3,4,-440.0,-456.0,6.0,-30.0,8.3625,71.0,12.75,22.850000000000005,1.0,7.75,FAILURE,12.0,"525,2732",6,9,"-30.0,-60.0,-90.0",SUCCESS,22.22,True,
FA_SD50_R03_MA3_RT50,50.0,15.0,3,0.5,1009,2025-11-06 10:00:38.134006,2025-11-06 10:02:26.485000,6010,1.81,13527001,13533010,SHORT,1,2,262.0,254.0,32.75,-15.0,7.375,39.2,12.75,22.850000000000005,1.0,7.25,SUCCESS,50.5,,7,10,-30.0,FAILURE,60.3861,False,260.0
FA_SD50_R03_MA3_RT50,50.0,15.0,3,0.5,1010,2025-11-06 10:02:26.485000,2025-11-06 10:10:19.725002,22199,7.89,13533010,13555208,LONG,2,3,480.0,468.0,40.0,-22.5,9.1375,93.4,11.125,30.075000000000003,1.0,9.625,SUCCESS,50.0,6018,8,10,"-30.0,-60.0",SUCCESS,221.22,False,476.0
FA_SD50_R03_MA3_RT50,50.0,15.0,3,0.5,1011,2025-11-06 10:10:19.725002,2025-11-06 10:12:45.960000,6168,2.44,13555208,13561375,SHORT,1,2,260.0,252.0,32.5,-15.0,9.9625,96.0,15.625,33.675000000000004,1.0,10.125,SUCCESS,50.0,,9,10,-30.0,SUCCESS,53.34,False,258.0
FA_SD50_R03_MA3_RT50,50.0,15.0,3,0.5,1012,2025-11-06 10:12:45.960000,2025-11-06 10:17:19.121000,11545,4.55,13561375,13572919,LONG,2,3,481.0,469.0,40.0833,-29.6667,8.175,44.6,17.0,37.775000000000006,1.0,8.25,SUCCESS,50.0,1686,10,10,"-30.5,-60.0",SUCCESS,103.8,False,477.0
FA_SD50_R03_MA3_RT50,50.0,15.0,3,0.5,1013,2025-11-06 10:17:19.121000,2025-11-06 10:22:45.744000,11794,5.44,13572919,13584712,SHORT,3,4,-444.0,-460.0,8.5,-30.0,8.2625,49.5,18.5,32.10000000000001,1.0,8.0,FAILURE,8.0,"4436,1806",11,10,"-30.0,-60.0,-90.0",SUCCESS,49.8259,True,
FA_SD50_R03_MA3_RT50,50.0,15.0,3,0.5,1014,2025-11-06 10:22:45.744000,2025-11-06 10:32:52.059000,19571,10.11,13584712,13604282,LONG,3,4,-440.0,-456.0,22.5,-30.0,7.975,41.2,9.375,26.92500000000001,1.0,7.25,FAILURE,45.0,"6406,4076",12,10,"-30.0,-60.0,-90.0",FAILURE,86.81,True,
FA_SD50_R03_MA3_RT50,50.0,15.0,3,0.5,1015,2025-11-06 10:32:52.059000,2025-11-06 10:33:16.825064,1257,0.41,13604282,13605538,SHORT,0,1,100.0,96.0,25.0,-0.25,10.2125,100.0,15.75,22.175000000000004,1.0,10.625,SUCCESS,50.0,,13,10,,FAILURE,10.56,False,100.0
FA_SD50_R03_MA3_RT50,50.0,15.0,3,0.5,1016,2025-11-06 10:33:16.825064,2025-11-06 10:36:41.048041,7041,3.4,13605538,13612578,LONG,3,4,-440.0,-456.0,5.0,-30.0,10.1,99.0,15.75,22.175000000000004,1.0,10.125,FAILURE,10.0,"2139,828",14,10,"-30.0,-60.0,-90.0",SUCCESS,31.0,True,
FA_SD50_R03_MA3_RT50,50.0,15.0,3,0.5,1017,2025-11-06 10:36:41.048041,2025-11-06 10:37:06.685000,2297,0.43,13612578,13614874,SHORT,0,1,100.0,96.0,25.0,-1.25,7.875,33.800000000000004,15.75,26.975000000000016,1.0,7.625,SUCCESS,50.0,,15,10,,FAILURE,19.86,False,100.0
FA_SD50_R03_MA3_RT50,50.0,15.0,3,0.5,1018,2025-11-06 10:37:06.685000,2025-11-06 10:44:43.162000,19382,7.61,13614874,13634255,LONG,3,4,-439.0,-455.0,14.625,-29.9167,7.2875,12.100000000000001,15.75,26.975000000000016,1.0,6.5,FAILURE,14.0,"6503,10293",16,10,"-30.5,-60.0,-90.0",SUCCESS,86.09,True,
FA_SD50_R03_MA3_RT50,50.0,15.0,3,0.5,1019,2025-11-06 10:44:43.162000,2025-11-06 10:59:32.440044,31235,14.82,13634255,13665489,SHORT,2,3,480.0,468.0,40.0,-23.75,8.15,45.7,12.625,27.425000000000004,1.0,8.375,SUCCESS,50.0,2275,17,10,"-30.0,-60.0",FAILURE,294.74,False,476.0
FA_SD50_R03_MA3_RT50,50.0,15.0,3,0.5,1020,2025-11-06 10:59:32.440044,2025-11-06 11:00:58.867000,3812,1.44,13665489,13669300,LONG,0,1,100.0,96.0,25.0,-8.75,9.125,78.60000000000001,14.125,41.42500000000002,1.0,8.625,SUCCESS,50.0,,18,10,,SUCCESS,34.46,False,100.0
FA_SD50_R03_MA3_RT50,50.0,15.0,3,0.5,1021,2025-11-06 11:00:58.867000,2025-11-06 11:18:53.881012,26394,17.92,13669300,13695693,SHORT,3,4,770.0,754.0,48.125,-30.1667,7.925,30.400000000000002,15.625,41.42500000000002,1.0,8.25,SUCCESS,51.0,"6161,2699",19,11,"-30.0,-60.5,-90.5",SUCCESS,288.1961,True,764.0
FA_SD50_R03_MA3_RT50,50.0,15.0,3,0.5,1022,2025-11-06 11:18:53.881012,2025-11-06 11:20:48.450001,2603,1.91,13695693,13698295,LONG,0,1,100.0,96.0,25.0,-7.0,12.1875,96.60000000000001,17.0,31.3,1.0,11.875,SUCCESS,50.0,,20,11,,SUCCESS,34.78,False,100.0
FA_SD50_R03_MA3_RT50,50.0,15.0,3,0.5,1023,2025-11-06 11:20:48.450001,2025-11-06 11:22:40.367000,2560,1.87,13698295,13700854,SHORT,1,2,260.0,252.0,32.5,-15.0,11.7375,94.2,17.0,31.25,1.0,11.5,SUCCESS,50.0,,21,11,-30.0,SUCCESS,29.06,False,258.0
FA_SD50_R03_MA3_RT50,50.0,15.0,3,0.5,1024,2025-11-06 11:22:40.367000,2025-11-06 11:29:21.833000,10233,6.69,13700854,13711086,LONG,1,2,264.0,256.0,33.0,-15.0,12.0,94.0,16.75,30.8,1.0,11.875,SUCCESS,51.0,,22,11,-30.0,SUCCESS,96.7647,False,262.0
FA_SD50_R03_MA3_RT50,50.0,15.0,3,0.5,1025,2025-11-06 11:29:21.833000,2025-11-06 11:34:53.654024,6222,5.53,13711086,13717307,SHORT,1,2,260.0,252.0,32.5,-15.0,8.5875,43.800000000000004,16.75,31.550000000000004,1.0,8.25,SUCCESS,50.0,,23,11,-30.0,SUCCESS,64.66,False,258.0
FA_SD50_R03_MA3_RT50,50.0,15.0,3,0.5,1026,2025-11-06 11:34:53.654024,2025-11-06 11:35:37.932019,2198,0.74,13717307,13719504,LONG,3,4,-440.0,-456.0,4.25,-30.0,10.65,80.4,13.125,26.62500000000003,1.0,10.5,FAILURE,8.5,"772,434",24,11,"-30.0,-60.0,-90.0",SUCCESS,10.15,True,
FA_SD50_R03_MA3_RT50,50.0,15.0,3,0.5,1027,2025-11-06 11:35:37.932019,2025-11-06 11:43:20.229013,11533,7.7,13719504,13731036,SHORT,2,3,480.0,468.0,40.0,-22.5,9.7625,69.2,13.125,46.175000000000004,1.0,9.375,SUCCESS,50.0,1510,25,11,"-30.0,-60.0",FAILURE,124.36,False,476.0
FA_SD50_R03_MA3_RT50,50.0,15.0,3,0.5,1028,2025-11-06 11:43:20.229013,2025-11-06 11:44:06.126000,1599,0.76,13731036,13732634,LONG,0,1,100.0,96.0,25.0,-1.75,9.5875,63.0,13.375,25.35000000000001,1.0,9.5,SUCCESS,50.0,,26,11,,SUCCESS,16.08,False,100.0
FA_SD50_R03_MA3_RT50,50.0,15.0,3,0.5,1029,2025-11-06 11:44:06.126000,2025-11-06 11:56:31.137000,15785,12.42,13732634,13748418,SHORT,2,3,486.0,474.0,40.5,-22.5,9.4625,58.2,13.375,25.35000000000001,1.0,9.75,SUCCESS,51.0,1627,27,11,"-30.0,-60.0",SUCCESS,160.0,False,482.0
FA_SD50_R03_MA3_RT50,50.0,15.0,3,0.5,1030,2025-11-06 11:56:31.137000,2025-11-06 12:00:02.885016,5769,3.53,13748418,13754186,LONG,1,2,260.0,252.0,32.5,-15.25,10.45,76.80000000000001,11.25,21.60000000000001,1.0,9.5,SUCCESS,50.0,,28,11,-30.0,SUCCESS,57.92,False,258.0
FA_SD50_R03_MA3_RT50,50.0,15.0,3,0.5,1031,2025-11-06 12:00:02.885016,2025-11-06 12:10:53.884000,13629,10.85,13754186,13767814,SHORT,3,4,-439.0,-455.0,31.25,-30.25,9.975,66.60000000000001,15.375,38.3,1.0,8.875,FAILURE,32.5,"5593,4961",29,12,"-30.0,-60.0,-90.5",SUCCESS,80.66,True,
FA_SD50_R03_MA3_RT50,50.0,15.0,3,0.5,1032,2025-11-06 12:10:53.884000,2025-11-06 12:15:15.075000,6026,4.35,13767814,13773839,LONG,3,4,-439.0,-455.0,10.0,-29.9167,10.1125,57.400000000000006,12.625,37.400000000000006,1.0,9.5,FAILURE,20.0,"1344,1663",30,12,"-30.0,-60.5,-90.0",FAILURE,30.34,True,
FA_SD50_R03_MA3_RT50,50.0,15.0,3,0.5,1033,2025-11-06 12:15:15.075000,2025-11-06 12:21:36.994000,7733,6.37,13773839,13781571,SHORT,1,2,264.0,256.0,33.0,-20.5,8.6625,14.9,11.25,25.77500000000002,1.0,8.25,SUCCESS,51.0,,31,12,-30.0,FAILURE,76.0,False,262.0
FA_SD50_R03_MA3_RT50,50.0,15.0,3,0.5,1034,2025-11-06 12:21:36.994000,2025-11-06 12:31:24.134006,11660,9.79,13781571,13793230,LONG,1,2,260.0,252.0,32.5,-18.25,10.25,60.2,11.25,37.675000000000004,1.0,9.75,SUCCESS,50.0,,32,12,-30.0,SUCCESS,112.7,False,258.0
FA_SD50_R03_MA3_RT50,50.0,15.0,3,0.5,1035,2025-11-06 12:31:24.134006,2025-11-06 12:43:59.603013,13548,12.59,13793230,13806777,SHORT,3,4,-438.0,-454.0,18.6667,-29.8333,9.0875,23.900000000000002,17.25,26.350000000000016,1.0,8.25,FAILURE,25.5,"1109,10427",33,12,"-31.0,-60.0,-90.0",SUCCESS,67.06,True,
FA_SD50_R03_MA3_RT50,50.0,15.0,3,0.5,1036,2025-11-06 12:43:59.603013,2025-11-06 12:48:05.777008,5155,4.1,13806777,13811931,LONG,1,2,260.0,252.0,32.5,-15.0,9.8,51.300000000000004,13.625,33.975,1.0,8.625,SUCCESS,50.0,,34,12,-30.0,FAILURE,41.82,False,258.0
FA_SD50_R03_MA3_RT50,50.0,15.0,3,0.5,1037,2025-11-06 12:48:05.777008,2025-11-06 13:04:29.062000,16042,16.39,13811931,13827972,SHORT,2,3,480.0,468.0,40.0,-22.5,7.1375,0.8,13.625,33.95,1.0,6.75,SUCCESS,50.0,3971,35,12,"-30.0,-60.0",SUCCESS,144.44,False,476.0
FA_SD50_R03_MA3_RT50,50.0,15.0,3,0.5,1038,2025-11-06 13:04:29.062000,2025-11-06 13:06:43.775024,4301,2.25,13827972,13832272,LONG,3,4,-435.0,-451.0,0.25,-29.5833,8.1625,11.4,13.125,24.0,1.0,7.5,FAILURE,0.5,"1759,1232",36,13,"-31.0,-61.5,-90.0",SUCCESS,17.86,True,
FA_SD50_R03_MA3_RT50,50.0,15.0,3,0.5,1039,2025-11-06 13:06:43.775024,2025-11-06 13:24:36.170000,16847,17.87,13832272,13849118,SHORT,3,4,-440.0,-456.0,23.0,-30.0,8.0,11.200000000000001,13.125,24.250000000000004,1.0,7.875,FAILURE,46.0,"6094,1037",37,13,"-30.0,-60.0,-90.0",FAILURE,85.69,True,
FA_SD50_R03_MA3_RT50,50.0,15.0,3,0.5,1040,2025-11-06 13:24:36.170000,2025-11-06 13:26:19.397000,1986,1.72,13849118,13851103,LONG,0,1,100.0,96.0,25.0,-6.25,9.7375,63.900000000000006,13.5,24.8,1.0,9.375,SUCCESS,50.0,,38,13,,FAILURE,17.16,False,100.0
FA_SD50_R03_MA3_RT50,50.0,15.0,3,0.5,1041,2025-11-06 13:26:19.397000,2025-11-06 14:05:09.644017,35218,38.84,13851103,13886320,SHORT,3,4,-440.0,-456.0,38.0,-30.0,8.4125,19.200000000000003,13.5,24.8,1.0,8.0,FAILURE,31.0,"7788,1137",39,13,"-30.0,-60.0,-90.0",SUCCESS,167.21,True,
FA_SD50_R03_MA3_RT50,50.0,15.0,3,0.5,1042,2025-11-06 14:05:09.644017,2025-11-06 14:06:21.441002,1933,1.2,13886320,13888252,LONG,0,1,100.0,96.0,25.0,-1.5,9.775,80.4,14.25,30.525000000000013,1.0,9.75,SUCCESS,50.0,,40,14,,FAILURE,16.14,False,100.0
FA_SD50_R03_MA3_RT50,50.0,15.0,3,0.5,1043,2025-11-06 14:06:21.441002,2025-11-06 14:09:43.180000,4084,3.36,13888252,13892335,SHORT,0,1,100.0,96.0,25.0,-12.5,8.525,35.2,14.25,30.525000000000013,1.0,8.125,SUCCESS,50.0,,41,14,,SUCCESS,36.16,False,100.0
FA_SD50_R03_MA3_RT50,50.0,15.0,3,0.5,1044,2025-11-06 14:09:43.180000,2025-11-06 14:14:21.717000,3363,4.64,13892335,13895697,LONG,0,1,100.0,96.0,25.0,-6.75,8.2125,24.700000000000003,19.75,38.475000000000016,1.0,8.75,SUCCESS,50.0,,42,14,,SUCCESS,30.42,False,100.0
FA_SD50_R03_MA3_RT50,50.0,15.0,3,0.5,1045,2025-11-06 14:14:21.717000,2025-11-06 14:17:21.702001,2749,3.0,13895697,13898445,SHORT,0,1,100.0,96.0,25.0,-3.75,9.2,66.9,18.125,31.500000000000025,1.0,9.0,SUCCESS,50.0,,43,14,,SUCCESS,24.54,False,100.0
FA_SD50_R03_MA3_RT50,50.0,15.0,3,0.5,1046,2025-11-06 14:17:21.702001,2025-11-06 14:25:02.511001,5238,7.68,13898445,13903682,LONG,0,1,100.0,96.0,25.0,-10.75,9.0375,61.6,17.25,31.500000000000025,1.0,8.625,SUCCESS,50.0,,44,14,,SUCCESS,52.04,False,100.0
FA_SD50_R03_MA3_RT50,50.0,15.0,3,0.5,1047,2025-11-06 14:25:02.511001,2025-11-06 14:48:56.372004,21782,23.9,13903682,13925463,SHORT,2,3,480.0,468.0,40.0,-25.0,10.075,94.0,11.5,22.05,1.0,10.125,SUCCESS,50.0,994,45,14,"-30.0,-60.0",SUCCESS,188.58,False,476.0
FA_SD50_R03_MA3_RT50,50.0,15.0,3,0.5,1048,2025-11-06 14:48:56.372004,2025-11-06 14:56:14.396000,6899,7.3,13925463,13932361,LONG,1,2,260.0,252.0,32.5,-15.0,8.7,57.900000000000006,16.125,30.175000000000033,1.0,8.75,SUCCESS,50.0,,46,14,-30.0,SUCCESS,63.28,False,258.0
FA_SD50_R03_MA3_RT50,50.0,15.0,3,0.5,1049,2025-11-06 14:56:14.396000,2025-11-06 15:16:05.078009,14641,19.84,13932361,13947001,SHORT,1,2,261.0,253.0,32.625,-19.875,9.3,80.5,16.875,38.72500000000002,1.0,8.625,SUCCESS,50.0,,47,14,-30.5,SUCCESS,143.32,False,259.0
FA_SD50_R03_MA3_RT50,50.0,15.0,3,0.5,1050,2025-11-06 15:16:05.078009,2025-11-06 15:19:07.485016,2923,3.04,13947001,13949923,LONG,0,1,100.0,96.0,25.0,-13.25,9.625,85.4,16.625,36.35,1.0,9.875,SUCCESS,50.0,,48,15,,SUCCESS,26.58,False,100.0
FA_SD50_R03_MA3_RT50,50.0,15.0,3,0.5,1051,2025-11-06 15:19:07.485016,2025-11-06 15:28:19.118000,4999,9.19,13949923,13954921,SHORT,0,1,100.0,96.0,25.0,-5.25,8.0,25.8,16.875,31.300000000000008,1.0,7.375,SUCCESS,50.0,,49,15,,SUCCESS,48.92,False,100.0
FA_SD50_R03_MA3_RT50,50.0,15.0,3,0.5,1052,2025-11-06 15:28:19.118000,2025-11-06 15:32:13.799002,5620,3.91,13954921,13960540,LONG,3,4,-440.0,-456.0,4.0,-30.0,9.1125,69.0,15.0,25.350000000000005,1.0,9.375,FAILURE,6.5,"2658,1604",50,15,"-30.0,-60.0,-90.0",SUCCESS,22.72,True,
FA_SD50_R03_MA3_RT50,50.0,15.0,3,0.5,1053,2025-11-06 15:32:13.799002,2025-11-06 15:45:02.452040,12921,12.81,13960540,13973460,SHORT,3,4,762.0,746.0,47.625,-30.1667,7.6625,17.6,15.625,32.000000000000014,1.0,7.375,SUCCESS,50.0,"1745,986",51,15,"-30.0,-60.5,-90.5",FAILURE,118.72,True,756.0
FA_SD50_R03_MA3_RT50,50.0,15.0,3,0.5,1054,2025-11-06 15:45:02.452040,2025-11-06 15:54:50.034003,14442,9.79,13973460,13987901,LONG,3,4,-440.0,-456.0,15.25,-30.0,8.375,48.0,15.375,32.67500000000002,1.0,8.125,FAILURE,30.5,"2649,8983",52,15,"-30.0,-60.0,-90.0",SUCCESS,72.27,True,
FA_SD50_R03_MA3_RT50,50.0,15.0,3,0.5,1056,2025-11-07 09:30:43.008044,2025-11-07 09:35:45.284000,13528,5.04,14021829,14035356,SHORT,1,2,260.0,250.0,32.5,-21.25,19.075,100.0,13.625,28.850000000000005,1.0,9.875,SUCCESS,50.0,,1,9,-30.0,SESSION_START,149.42,False,256.0
FA_SD50_R03_MA3_RT50,50.0,15.0,3,0.5,1057,2025-11-07 09:35:45.284000,2025-11-07 09:37:12.784000,5190,1.46,14035356,14040545,LONG,3,4,-440.0,-456.0,3.0,-30.0,9.3,75.7,17.5,39.500000000000014,1.0,9.125,FAILURE,6.0,"1138,2051",2,9,"-30.0,-60.0,-90.0",SUCCESS,24.2,True,
FA_SD50_R03_MA3_RT50,50.0,15.0,3,0.5,1058,2025-11-07 09:37:12.784000,2025-11-07 09:37:29.463006,1463,0.28,14040545,14042007,SHORT,0,1,100.0,96.0,25.0,-2.0,7.1375,24.400000000000002,17.5,49.400000000000006,1.0,6.375,SUCCESS,50.0,,3,9,,FAILURE,14.12,False,100.0
FA_SD50_R03_MA3_RT50,50.0,15.0,3,0.5,1059,2025-11-07 09:37:29.463006,2025-11-07 09:43:25.640002,19932,5.94,14042007,14061938,LONG,2,3,482.0,470.0,40.1667,-27.5833,8.0,43.6,17.5,49.400000000000006,1.0,8.0,SUCCESS,50.0,5009,4,9,"-31.0,-60.0",SUCCESS,219.38,False,478.0
FA_SD50_R03_MA3_RT50,50.0,15.0,3,0.5,1060,2025-11-07 09:43:25.640002,2025-11-07 09:46:41.178008,6774,3.26,14061938,14068711,SHORT,0,1,100.0,96.0,25.0,-10.5,10.2,86.0,12.125,42.500000000000014,1.0,9.75,SUCCESS,50.0,,5,9,,SUCCESS,82.16,False,100.0
FA_SD50_R03_MA3_RT50,50.0,15.0,3,0.5,1061,2025-11-07 09:46:41.178008,2025-11-07 09:48:41.862000,4712,2.01,14068711,14073422,LONG,1,2,262.0,254.0,32.75,-20.5,12.025,95.60000000000001,11.375,28.850000000000016,1.0,12.0,SUCCESS,50.5,,6,9,-30.0,SUCCESS,56.3861,False,260.0
FA_SD50_R03_MA3_RT50,50.0,15.0,3,0.5,1062,2025-11-07 09:48:41.862000,2025-11-07 09:49:32.845000,2106,0.85,14073422,14075527,SHORT,0,1,101.0,97.0,25.25,-11.75,10.4375,85.0,14.375,39.10000000000001,1.0,10.125,SUCCESS,50.5,,7,9,,SUCCESS,23.2772,False,101.0
FA_SD50_R03_MA3_RT50,50.0,15.0,3,0.5,1063,2025-11-07 09:49:32.845000,2025-11-07 09:52:31.448000,6024,2.98,14075527,14081550,LONG,2,3,481.0,469.0,40.0833,-22.375,10.15,81.2,17.625,42.80000000000001,1.0,10.125,SUCCESS,50.0,440,8,9,"-30.5,-60.0",SUCCESS,75.42,False,477.0
FA_SD50_R03_MA3_RT50,50.0,15.0,3,0.5,1064,2025-11-07 09:52:31.448000,2025-11-07 09:57:56.500007,9666,5.42,14081550,14091215,SHORT,3,4,-440.0,-456.0,18.0,-30.0,12.6,95.60000000000001,19.75,48.750000000000014,1.0,12.625,FAILURE,21.0,"6768,1594",9,9,"-30.0,-60.0,-90.0",SUCCESS,61.93,True,
FA_SD50_R03_MA3_RT50,50.0,15.0,3,0.5,1065,2025-11-07 09:57:56.500007,2025-11-07 10:00:27.325017,4768,2.51,14091215,14095982,LONG,3,4,-435.0,-451.0,14.0833,-29.9167,12.0375,87.4,17.25,28.475000000000023,1.0,12.125,FAILURE,19.5,"909,1004",10,9,"-30.0,-62.0,-90.5",FAILURE,39.35,True,
FA_SD50_R03_MA3_RT50,50.0,15.0,3,0.5,1066,2025-11-07 10:00:27.325017,2025-11-07 10:01:05.455000,1782,0.64,14095982,14097763,SHORT,0,1,100.0,96.0,25.0,-1.75,11.8375,84.0,13.875,27.750000000000014,1.0,11.125,SUCCESS,50.0,,11,10,,FAILURE,23.32,False,100.0
FA_SD50_R03_MA3_RT50,50.0,15.0,3,0.5,1067,2025-11-07 10:01:05.455000,2025-11-07 10:02:28.703001,3134,1.39,14097763,14100896,LONG,0,1,100.0,96.0,25.0,-2.5,12.1625,89.2,13.5,27.750000000000014,1.0,11.75,SUCCESS,50.0,,12,10,,SUCCESS,37.3,False,100.0
FA_SD50_R03_MA3_RT50,50.0,15.0,3,0.5,1068,2025-11-07 10:02:28.703001,2025-11-07 10:03:09.803004,1591,0.69,14100896,14102486,SHORT,0,1,100.0,96.0,25.0,-5.0,9.1,40.6,13.5,26.400000000000016,1.0,8.25,SUCCESS,50.0,,13,10,,SUCCESS,18.38,False,100.0
FA_SD50_R03_MA3_RT50,50.0,15.0,3,0.5,1069,2025-11-07 10:03:09.803004,2025-11-07 10:06:17.529000,7059,3.13,14102486,14109544,LONG,3,4,-440.0,-456.0,12.0,-30.0,9.2625,44.1,13.5,26.400000000000016,1.0,8.625,FAILURE,10.0,"4673,662",14,10,"-30.0,-60.0,-90.0",SUCCESS,37.16,True,
FA_SD50_R03_MA3_RT50,50.0,15.0,3,0.5,1070,2025-11-07 10:06:17.529000,2025-11-07 10:07:07.541042,3639,0.83,14109544,14113182,SHORT,0,1,100.0,96.0,25.0,-3.0,9.725,52.6,13.25,36.975,1.0,10.25,SUCCESS,50.0,,15,10,,FAILURE,29.52,False,100.0
FA_SD50_R03_MA3_RT50,50.0,15.0,3,0.5,1071,2025-11-07 10:07:07.541042,2025-11-07 10:08:27.699000,3298,1.34,14113182,14116479,LONG,0,1,102.0,98.0,25.5,-3.5,7.2,21.0,13.25,36.975,1.0,6.25,SUCCESS,51.0,,16,10,,SUCCESS,31.6471,False,102.0
FA_SD50_R03_MA3_RT50,50.0,15.0,3,0.5,1072,2025-11-07 10:08:27.699000,2025-11-07 10:09:54.399000,4358,1.45,14116479,14120836,SHORT,3,4,-440.0,-456.0,9.0,-30.0,8.15,30.6,12.5,40.40000000000002,1.0,6.875,FAILURE,18.0,"1353,1467",17,10,"-30.0,-60.0,-90.0",SUCCESS,21.4,True,
FA_SD50_R03_MA3_RT50,50.0,15.0,3,0.5,1073,2025-11-07 10:09:54.399000,2025-11-07 10:10:24.312001,2011,0.5,14120836,14122846,LONG,0,1,100.0,96.0,25.0,0.0,10.325,65.60000000000001,12.25,27.52500000000002,1.0,9.5,SUCCESS,50.0,,18,10,,FAILURE,20.98,False,100.0
FA_SD50_R03_MA3_RT50,50.0,15.0,3,0.5,1074,2025-11-07 10:10:24.312001,2025-11-07 10:15:38.905001,11744,5.24,14122846,14134589,SHORT,3,4,-440.0,-456.0,14.0,-30.0,10.4,67.2,12.25,24.450000000000003,1.0,9.25,FAILURE,15.0,"630,8837",19,10,"-30.0,-60.0,-90.0",SUCCESS,62.64,True,
FA_SD50_R03_MA3_RT50,50.0,15.0,3,0.5,1075,2025-11-07 10:15:38.905001,2025-11-07 10:19:18.167016,8616,3.65,14134589,14143204,LONG,3,4,-438.0,-454.0,9.0,-29.8333,10.15,53.7,15.25,25.575000000000003,1.0,10.0,FAILURE,18.0,"1593,4266",20,10,"-31.0,-60.0,-90.0",FAILURE,43.93,True,
FA_SD50_R03_MA3_RT50,50.0,15.0,3,0.5,1076,2025-11-07 10:19:18.167016,2025-11-07 10:21:48.297006,5544,2.5,14143204,14148747,SHORT,3,4,-439.0,-455.0,4.0833,-29.9167,10.075,47.1,14.875,26.200000000000014,1.0,9.625,FAILURE,2.5,"515,3230",21,10,"-30.5,-60.0,-90.0",FAILURE,28.37,True,
FA_SD50_R03_MA3_RT50,50.0,15.0,3,0.5,1077,2025-11-07 10:21:48.297006,2025-11-07 10:23:32.572001,3457,1.74,14148747,14152203,LONG,3,4,-440.0,-456.0,14.25,-30.0,11.8375,86.7,14.0,29.775000000000013,1.0,10.625,FAILURE,6.0,"289,2567",22,10,"-30.0,-60.0,-90.0",FAILURE,18.84,True,
FA_SD50_R03_MA3_RT50,50.0,15.0,3,0.5,1078,2025-11-07 10:23:32.572001,2025-11-07 10:23:55.641000,1097,0.38,14152203,14153299,SHORT,0,1,101.0,97.0,25.25,-1.5,11.45,80.2,17.375,29.775000000000013,1.0,10.375,SUCCESS,50.5,,23,10,,FAILURE,10.4851,False,101.0
FA_SD50_R03_MA3_RT50,50.0,15.0,3,0.5,1079,2025-11-07 10:23:55.641000,2025-11-07 10:24:14.716000,904,0.32,14153299,14154202,LONG,0,1,100.0,96.0,25.0,-4.25,10.2375,50.800000000000004,19.0,37.150000000000006,1.0,9.625,SUCCESS,50.0,,24,10,,SUCCESS,9.22,False,100.0
FA_SD50_R03_MA3_RT50,50.0,15.0,3,0.5,1080,2025-11-07 10:24:14.716000,2025-11-07 10:24:51.684000,1034,0.62,14154202,14155235,SHORT,0,1,101.0,97.0,25.25,-2.75,10.15,46.7,19.5,37.150000000000006,1.0,9.625,SUCCESS,50.5,,25,10,,SUCCESS,11.4356,False,101.0
FA_SD50_R03_MA3_RT50,50.0,15.0,3,0.5,1081,2025-11-07 10:24:51.684000,2025-11-07 10:25:52.980003,2214,1.02,14155235,14157448,LONG,0,1,100.0,96.0,25.0,-6.75,10.0125,40.900000000000006,19.5,30.17500000000002,1.0,9.25,SUCCESS,50.0,,26,10,,SUCCESS,24.76,False,100.0
FA_SD50_R03_MA3_RT50,50.0,15.0,3,0.5,1082,2025-11-07 10:25:52.980003,2025-11-07 10:29:48.807004,7705,3.93,14157448,14165152,SHORT,2,3,481.0,469.0,40.0833,-25.1667,10.3125,55.400000000000006,19.5,30.17500000000002,1.0,10.25,SUCCESS,50.0,1329,27,10,"-30.0,-60.5",SUCCESS,85.12,False,477.0
FA_SD50_R03_MA3_RT50,50.0,15.0,3,0.5,1083,2025-11-07 10:29:48.807004,2025-11-07 10:35:05.978094,10186,5.29,14165152,14175337,LONG,3,4,-440.0,-456.0,20.5,-30.0,11.8625,84.80000000000001,18.125,31.825000000000045,1.0,11.875,FAILURE,41.0,"933,2273",28,10,"-30.0,-60.0,-90.0",SUCCESS,61.31,True,
FA_SD50_R03_MA3_RT50,50.0,15.0,3,0.5,1084,2025-11-07 10:35:05.978094,2025-11-07 10:37:08.860017,3909,2.05,14175337,14179245,SHORT,3,4,-437.0,-453.0,8.4167,-30.0833,9.525,16.400000000000002,13.875,24.225,1.0,8.375,FAILURE,0.5,"1216,2299",29,10,"-31.0,-60.0,-90.5",FAILURE,23.4,True,
FA_SD50_R03_MA3_RT50,50.0,15.0,3,0.5,1085,2025-11-07 10:37:08.860017,2025-11-07 10:38:45.346000,2423,1.61,14179245,14181667,LONG,3,4,-444.0,-460.0,3.0,-30.0,10.725,59.2,12.25,27.375000000000014,1.0,10.875,FAILURE,6.0,"433,1486",30,10,"-30.0,-60.0,-90.0",FAILURE,15.8657,True,
FA_SD50_R03_MA3_RT50,50.0,15.0,3,0.5,1086,2025-11-07 10:38:45.346000,2025-11-07 10:41:40.182009,4611,2.91,14181667,14186277,SHORT,0,1,100.0,96.0,25.0,-8.0,12.0,85.4,12.875,37.5,1.0,11.125,SUCCESS,50.0,,31,10,,FAILURE,53.16,False,100.0
FA_SD50_R03_MA3_RT50,50.0,15.0,3,0.5,1087,2025-11-07 10:41:40.182009,2025-11-07 10:57:11.591011,21986,15.52,14186277,14208262,LONG,3,4,-440.0,-456.0,27.0,-30.0,10.0875,28.700000000000003,13.25,37.5,1.0,10.25,FAILURE,24.0,"1658,12479",32,10,"-30.0,-60.0,-90.0",SUCCESS,116.94,True,
FA_SD50_R03_MA3_RT50,50.0,15.0,3,0.5,1088,2025-11-07 10:57:11.591011,2025-11-07 11:09:14.417001,15128,12.05,14208262,14223389,SHORT,1,2,260.0,252.0,32.5,-18.25,8.4375,9.4,14.0,38.25,1.0,8.625,SUCCESS,50.0,,33,10,-30.0,FAILURE,152.68,False,258.0
FA_SD50_R03_MA3_RT50,50.0,15.0,3,0.5,1089,2025-11-07 11:09:14.417001,2025-11-07 11:23:23.588000,21942,14.15,14223389,14245330,LONG,2,3,480.0,468.0,40.0,-24.0,9.2375,22.200000000000003,14.375,24.625000000000007,1.0,7.375,SUCCESS,50.0,1150,34,11,"-30.0,-60.0",SUCCESS,196.76,False,476.0
FA_SD50_R03_MA3_RT50,50.0,15.0,3,0.5,1090,2025-11-07 11:23:23.588000,2025-11-07 11:25:01.466000,2160,1.63,14245330,14247489,SHORT,0,1,101.0,97.0,25.25,-9.25,9.325,33.0,16.875,34.47500000000001,1.0,8.125,SUCCESS,50.5,,35,11,,SUCCESS,19.8515,False,101.0
FA_SD50_R03_MA3_RT50,50.0,15.0,3,0.5,1091,2025-11-07 11:25:01.466000,2025-11-07 11:41:41.311002,17992,16.66,14247489,14265480,LONG,3,4,-440.0,-456.0,19.75,-30.0,9.3625,34.0,16.875,34.47500000000001,1.0,7.75,FAILURE,26.0,"10987,3437",36,11,"-30.0,-60.0,-90.0",SUCCESS,92.41,True,
FA_SD50_R03_MA3_RT50,50.0,15.0,3,0.5,1092,2025-11-07 11:41:41.311002,2025-11-07 11:51:53.398000,10866,10.2,14265480,14276345,SHORT,3,4,-440.0,-456.0,21.75,-30.0,7.5875,9.8,18.875,35.275,1.0,7.375,FAILURE,7.0,"1455,1872",37,11,"-30.0,-60.0,-90.0",FAILURE,56.43,True,
FA_SD50_R03_MA3_RT50,50.0,15.0,3,0.5,1093,2025-11-07 11:51:53.398000,2025-11-07 11:55:41.849000,3869,3.81,14276345,14280213,LONG,3,4,-440.0,-456.0,6.25,-30.0,9.6625,56.2,15.25,36.900000000000006,1.0,10.125,FAILURE,0.0,"1625,1074",38,11,"-30.0,-60.0,-90.0",FAILURE,21.2,True,
FA_SD50_R03_MA3_RT50,50.0,15.0,3,0.5,1094,2025-11-07 11:55:41.849000,2025-11-07 11:57:13.935007,2549,1.53,14280213,14282761,SHORT,0,1,100.0,96.0,25.0,-2.25,9.0375,41.400000000000006,13.375,36.900000000000006,1.0,9.0,SUCCESS,50.0,,39,11,,FAILURE,22.98,False,100.0
FA_SD50_R03_MA3_RT50,50.0,15.0,3,0.5,1095,2025-11-07 11:57:13.935007,2025-11-07 12:13:41.257002,15668,16.46,14282761,14298428,LONG,1,2,260.0,252.0,32.5,-18.25,7.575,10.8,13.375,36.900000000000006,1.0,6.875,SUCCESS,50.0,,40,11,-30.0,SUCCESS,160.18,False,258.0
FA_SD50_R03_MA3_RT50,50.0,15.0,3,0.5,1096,2025-11-07 12:13:41.257002,2025-11-07 12:21:00.100000,8346,7.31,14298428,14306773,SHORT,3,4,-440.0,-456.0,2.5,-30.0,8.875,49.6,14.75,38.62500000000001,1.0,8.875,FAILURE,5.0,"2119,4588",41,12,"-30.0,-60.0,-90.0",SUCCESS,37.92,True,
FA_SD50_R03_MA3_RT50,50.0,15.0,3,0.5,1097,2025-11-07 12:21:00.100000,2025-11-07 12:23:00.676000,3268,2.01,14306773,14310040,LONG,0,1,100.0,96.0,25.0,-3.25,8.7125,51.400000000000006,12.75,35.40000000000003,1.0,8.625,SUCCESS,50.0,,42,12,,FAILURE,28.92,False,100.0
FA_SD50_R03_MA3_RT50,50.0,15.0,3,0.5,1098,2025-11-07 12:23:00.676000,2025-11-07 12:38:56.235000,16707,15.93,14310040,14326746,SHORT,1,2,260.0,252.0,32.5,-22.0,7.725,18.900000000000002,12.75,34.750000000000014,1.0,7.5,SUCCESS,50.0,,43,12,-30.0,SUCCESS,175.9,False,258.0
FA_SD50_R03_MA3_RT50,50.0,15.0,3,0.5,1099,2025-11-07 12:38:56.235000,2025-11-07 12:50:37.891002,10554,11.69,14326746,14337299,LONG,3,4,-440.0,-456.0,24.0,-30.0,10.525,97.9,18.5,38.27500000000001,1.0,9.875,FAILURE,38.0,"5762,411",44,12,"-30.0,-60.0,-90.0",SUCCESS,58.2,True,
FA_SD50_R03_MA3_RT50,50.0,15.0,3,0.5,1100,2025-11-07 12:50:37.891002,2025-11-07 12:55:16.041001,5249,4.64,14337299,14342547,SHORT,3,4,-440.0,-456.0,3.25,-30.0,10.05,81.4,18.25,33.10000000000002,1.0,9.5,FAILURE,6.5,"760,2685",45,12,"-30.0,-60.0,-90.0",FAILURE,29.15,True,
FA_SD50_R03_MA3_RT50,50.0,15.0,3,0.5,1101,2025-11-07 12:55:16.041001,2025-11-07 12:57:01.080001,1867,1.75,14342547,14344413,LONG,0,1,100.0,96.0,25.0,-7.75,11.0625,97.80000000000001,18.25,42.325,1.0,9.625,SUCCESS,50.0,,46,12,,FAILURE,19.58,False,100.0
FA_SD50_R03_MA3_RT50,50.0,15.0,3,0.5,1102,2025-11-07 12:57:01.080001,2025-11-07 13:20:47.676000,20709,23.78,14344413,14365121,SHORT,3,4,-440.0,-456.0,21.25,-30.0,10.9125,95.80000000000001,18.25,42.325,1.0,9.75,FAILURE,27.5,"7458,8462",47,12,"-30.0,-60.0,-90.0",SUCCESS,103.4,True,
FA_SD50_R03_MA3_RT50,50.0,15.0,3,0.5,1103,2025-11-07 13:20:47.676000,2025-11-07 13:25:07.482000,4315,4.33,14365121,14369435,LONG,1,2,260.0,252.0,32.5,-15.0,8.2375,25.200000000000003,16.375,32.95000000000002,1.0,7.5,SUCCESS,50.0,,48,13,-30.0,FAILURE,32.54,False,258.0
FA_SD50_R03_MA3_RT50,50.0,15.0,3,0.5,1104,2025-11-07 13:25:07.482000,2025-11-07 13:49:35.549002,22642,24.47,14369435,14392076,SHORT,2,3,480.0,468.0,40.0,-28.5,7.5125,7.300000000000001,15.375,23.875000000000014,1.0,7.0,SUCCESS,50.0,8269,49,13,"-30.0,-60.0",SUCCESS,204.58,False,476.0
FA_SD50_R03_MA3_RT50,50.0,15.0,3,0.5,1105,2025-11-07 13:49:35.549002,2025-11-07 13:55:25.834008,6882,5.84,14392076,14398957,LONG,1,2,260.0,252.0,32.5,-21.0,8.95,57.400000000000006,11.5,28.475000000000023,1.0,9.375,SUCCESS,50.0,,50,13,-30.0,SUCCESS,59.04,False,258.0
FA_SD50_R03_MA3_RT50,50.0,15.0,3,0.5,1106,2025-11-07 13:55:25.834008,2025-11-07 14:24:23.886001,21949,28.97,14398957,14420905,SHORT,3,4,-440.0,-456.0,24.25,-30.0,8.0375,23.700000000000003,10.875,28.475000000000023,1.0,7.875,FAILURE,26.0,"435,12784",51,13,"-30.0,-60.0,-90.0",SUCCESS,105.53,True,
FA_SD50_R03_MA3_RT50,50.0,15.0,3,0.5,1107,2025-11-07 14:24:23.886001,2025-11-07 14:31:26.152000,5603,7.04,14420905,14426507,LONG,1,2,260.0,252.0,32.5,-17.0,9.225,69.0,18.5,27.975,1.0,9.0,SUCCESS,50.0,,52,14,-30.0,FAILURE,50.2,False,258.0
FA_SD50_R03_MA3_RT50,50.0,15.0,3,0.5,1108,2025-11-07 14:31:26.152000,2025-11-07 14:39:12.981000,8206,7.78,14426507,14434712,SHORT,3,4,-440.0,-456.0,0.5,-30.0,8.3,31.900000000000002,16.125,25.725,1.0,8.125,FAILURE,1.0,"2986,3513",53,14,"-30.0,-60.0,-90.0",SUCCESS,35.14,True,
FA_SD50_R03_MA3_RT50,50.0,15.0,3,0.5,1109,2025-11-07 14:39:12.981000,2025-11-07 14:40:47.141000,2781,1.57,14434712,14437492,LONG,0,1,100.0,96.0,25.0,-2.25,6.425,0.2,13.375,20.32500000000001,1.0,6.5,SUCCESS,50.0,,54,14,,FAILURE,20.86,False,100.0
FA_SD50_R03_MA3_RT50,50.0,15.0,3,0.5,1110,2025-11-07 14:40:47.141000,2025-11-07 14:59:27.726000,22314,18.68,14437492,14459805,SHORT,3,4,-440.0,-456.0,28.75,-30.0,5.6625,0.0,13.375,21.55000000000003,1.0,5.375,FAILURE,27.5,"5191,15930",55,14,"-30.0,-60.0,-90.0",SUCCESS,123.68,True,
FA_SD50_R03_MA3_RT50,50.0,15.0,3,0.5,1111,2025-11-07 14:59:27.726000,2025-11-07 15:18:55.884001,21332,19.47,14459805,14481136,LONG,3,4,-440.0,-456.0,35.25,-30.0,11.0875,92.60000000000001,16.25,31.90000000000001,1.0,11.75,FAILURE,35.5,"7393,2047",56,14,"-30.0,-60.0,-90.0",FAILURE,118.53,True,
FA_SD50_R03_MA3_RT50,50.0,15.0,3,0.5,1112,2025-11-07 15:18:55.884001,2025-11-07 15:25:52.784003,7142,6.95,14481136,14488277,SHORT,1,2,260.0,252.0,32.5,-15.0,9.9625,82.9,17.625,30.87500000000002,1.0,9.375,SUCCESS,50.0,,57,15,-30.0,FAILURE,79.24,False,258.0
FA_SD50_R03_MA3_RT50,50.0,15.0,3,0.5,1113,2025-11-07 15:25:52.784003,2025-11-07 15:27:54.188018,2654,2.02,14488277,14490930,LONG,0,1,100.0,96.0,25.0,-11.5,9.7125,74.9,21.375,44.350000000000016,1.0,9.25,SUCCESS,50.0,,58,15,,SUCCESS,25.84,False,100.0
FA_SD50_R03_MA3_RT50,50.0,15.0,3,0.5,1114,2025-11-07 15:27:54.188018,2025-11-07 15:40:01.815000,10779,12.13,14490930,14501708,SHORT,3,4,-440.0,-456.0,17.25,-30.0,8.9375,51.400000000000006,22.5,44.350000000000016,1.0,8.0,FAILURE,19.5,"2190,4805",59,15,"-30.0,-60.0,-90.0",SUCCESS,56.35,True,
FA_SD50_R03_MA3_RT50,50.0,15.0,3,0.5,1115,2025-11-07 15:40:01.815000,2025-11-07 15:44:34.775003,4950,4.55,14501708,14506657,LONG,1,2,260.0,252.0,32.5,-21.5,9.3875,59.5,21.375,34.325,1.0,8.625,SUCCESS,50.0,,60,15,-30.0,FAILURE,45.98,False,258.0
FA_SD50_R03_MA3_RT50,50.0,15.0,3,0.5,1116,2025-11-07 15:44:34.775003,2025-11-07 15:46:03.685000,1756,1.48,14506657,14508412,SHORT,0,1,100.0,96.0,25.0,-1.5,8.025,17.900000000000002,21.375,35.37500000000001,1.0,7.5,SUCCESS,50.0,,61,15,,SUCCESS,16.14,False,100.0
FA_SD50_R03_MA3_RT50,50.0,15.0,3,0.5,1117,2025-11-07 15:46:03.685000,2025-11-07 15:55:11.835000,11613,9.14,14508412,14520024,LONG,2,3,480.0,468.0,40.0,-29.75,7.6,10.100000000000001,21.375,35.37500000000001,1.0,6.875,SUCCESS,50.0,555,62,15,"-30.0,-60.0",SUCCESS,132.42,False,476.0
FA_SD50_R03_MA3_RT50,50.0,15.0,3,0.5,1118,2025-11-07 15:55:11.835000,2025-11-07 16:00:53.652000,17500,5.7,14520024,14537523,SHORT,3,4,-440.0,-456.0,2.25,-30.0,9.5375,59.5,15.5,32.75,1.0,9.0,FAILURE,2.5,"3848,10549",63,15,"-30.0,-60.0,-90.0",SUCCESS,51.93,True,
FA_SD50_R03_MA3_RT50,50.0,15.0,3,0.5,1120,2025-11-10 09:33:17.758000,2025-11-10 09:39:17.431001,13525,5.99,14561792,14575316,LONG,1,2,260.0,250.0,32.5,-15.0,7.9375,30.400000000000002,11.75,29.175000000000004,1.0,7.25,SUCCESS,50.0,,1,9,-30.0,SESSION_START,107.68,False,256.0
FA_SD50_R03_MA3_RT50,50.0,15.0,3,0.5,1121,2025-11-10 09:39:17.431001,2025-11-10 09:53:33.088000,30620,14.26,14575316,14605935,SHORT,2,3,480.0,468.0,40.0,-22.5,7.1375,27.3,12.75,28.975,1.0,6.875,SUCCESS,50.0,7186,2,9,"-30.0,-60.0",SUCCESS,222.24,False,476.0
FA_SD50_R03_MA3_RT50,50.0,15.0,3,0.5,1122,2025-11-10 09:53:33.088000,2025-11-10 09:54:49.062002,1718,1.27,14605935,14607652,LONG,0,1,100.0,96.0,25.0,-0.25,7.6625,59.400000000000006,10.875,23.600000000000005,1.0,7.75,SUCCESS,50.0,,3,9,,SUCCESS,14.78,False,100.0
FA_SD50_R03_MA3_RT50,50.0,15.0,3,0.5,1123,2025-11-10 09:54:49.062002,2025-11-10 10:25:02.713037,39493,30.23,14607652,14647144,SHORT,3,4,-439.0,-455.0,25.0625,-29.9167,7.6125,59.1,11.75,26.8,1.0,7.625,FAILURE,14.0,"1000,17976",4,9,"-30.0,-60.5,-90.0",SUCCESS,170.06,True,
FA_SD50_R03_MA3_RT50,50.0,15.0,3,0.5,1124,2025-11-10 10:25:02.713037,2025-11-10 10:45:02.103000,21983,19.99,14647144,14669126,LONG,3,4,-440.0,-456.0,9.5,-30.0,6.375,42.6,12.375,24.525000000000013,1.0,6.0,FAILURE,5.5,"12322,3609",5,10,"-30.0,-60.0,-90.0",FAILURE,83.48,True,
FA_SD50_R03_MA3_RT50,50.0,15.0,3,0.5,1125,2025-11-10 10:45:02.103000,2025-11-10 10:50:22.216006,7521,5.34,14669126,14676646,SHORT,1,2,260.0,252.0,32.5,-15.0,7.0,51.7,9.375,21.6,1.0,6.75,SUCCESS,50.0,,6,10,-30.0,FAILURE,50.08,False,258.0
FA_SD50_R03_MA3_RT50,50.0,15.0,3,0.5,1126,2025-11-10 10:50:22.216006,2025-11-10 10:55:35.421000,13401,5.22,14676646,14690046,LONG,3,4,-439.0,-455.0,2.75,-30.25,5.6875,13.4,9.375,22.825000000000003,1.0,5.625,FAILURE,5.5,"1993,3066",7,10,"-30.0,-60.0,-90.5",SUCCESS,43.43,True,
FA_SD50_R03_MA3_RT50,50.0,15.0,3,0.5,1127,2025-11-10 10:55:35.421000,2025-11-10 11:00:20.873014,8679,4.76,14690046,14698724,SHORT,0,1,100.0,96.0,25.0,-9.25,6.05,32.4,9.625,23.550000000000015,1.0,5.875,SUCCESS,50.0,,8,10,,FAILURE,58.72,False,100.0
FA_SD50_R03_MA3_RT50,50.0,15.0,3,0.5,1128,2025-11-10 11:00:20.873014,2025-11-10 11:40:41.626013,59331,40.35,14698724,14758054,LONG,3,4,-439.0,-455.0,39.0833,-29.9167,5.8625,26.900000000000002,10.75,24.67500000000001,1.0,5.5,FAILURE,48.0,"9418,47747",9,11,"-30.0,-60.5,-90.0",SUCCESS,230.16,True,
FA_SD50_R03_MA3_RT50,50.0,15.0,3,0.5,1129,2025-11-10 11:40:41.626013,2025-11-10 11:58:36.917000,20312,17.92,14758054,14778365,SHORT,3,4,-439.0,-455.0,14.8333,-29.9167,8.45,97.80000000000001,14.125,22.925000000000004,1.0,7.75,FAILURE,23.5,"10394,8059",10,11,"-30.5,-60.0,-90.0",FAILURE,84.96,True,
FA_SD50_R03_MA3_RT50,50.0,15.0,3,0.5,1130,2025-11-10 11:58:36.917000,2025-11-10 12:01:10.831055,3656,2.57,14778365,14782020,LONG,0,1,100.0,96.0,25.0,-3.75,7.325,60.6,14.0,24.750000000000007,1.0,6.5,SUCCESS,50.0,,11,11,,FAILURE,25.24,False,100.0
FA_SD50_R03_MA3_RT50,50.0,15.0,3,0.5,1131,2025-11-10 12:01:10.831055,2025-11-10 12:15:04.321002,16214,13.89,14782020,14798233,SHORT,2,3,480.0,468.0,40.0,-22.5,5.725,10.600000000000001,17.0,29.400000000000002,1.0,5.25,SUCCESS,50.0,3743,12,12,"-30.0,-60.0",SUCCESS,115.66,False,476.0
FA_SD50_R03_MA3_RT50,50.0,15.0,3,0.5,1132,2025-11-10 12:15:04.321002,2025-11-10 12:18:33.093000,3312,3.48,14798233,14801544,LONG,0,1,100.0,96.0,25.0,-6.25,8.25,89.7,12.25,32.650000000000006,1.0,8.0,SUCCESS,50.0,,13,12,,SUCCESS,29.96,False,100.0
FA_SD50_R03_MA3_RT50,50.0,15.0,3,0.5,1133,2025-11-10 12:18:33.093000,2025-11-10 12:38:39.746092,14434,20.11,14801544,14815977,SHORT,3,4,-440.0,-456.0,18.5,-30.0,7.8875,75.0,10.375,32.650000000000006,1.0,8.0,FAILURE,22.0,"6325,4475",14,12,"-30.0,-60.0,-90.0",SUCCESS,56.8,True,
FA_SD50_R03_MA3_RT50,50.0,15.0,3,0.5,1134,2025-11-10 12:38:39.746092,2025-11-10 12:42:47.779000,3854,4.13,14815977,14819830,LONG,0,1,100.0,96.0,25.0,-10.5,6.225,16.0,12.625,25.25,1.0,5.875,SUCCESS,50.0,,15,12,,FAILURE,25.36,False,100.0
FA_SD50_R03_MA3_RT50,50.0,15.0,3,0.5,1135,2025-11-10 12:42:47.779000,2025-11-10 13:33:43.395000,36828,50.93,14819830,14856657,SHORT,3,4,-440.0,-456.0,22.25,-30.0,5.825,8.6,13.75,25.97500000000001,1.0,5.5,FAILURE,44.5,"4962,14603",16,12,"-30.0,-60.0,-90.0",SUCCESS,103.84,True,
FA_SD50_R03_MA3_RT50,50.0,15.0,3,0.5,1136,2025-11-10 13:33:43.395000,2025-11-10 14:27:02.326004,31144,53.32,14856657,14887800,LONG,1,2,260.0,252.0,32.5,-15.0,4.95,2.2,11.0,18.3,1.0,4.875,SUCCESS,50.0,,17,13,-30.0,FAILURE,174.54,False,258.0
FA_SD50_R03_MA3_RT50,50.0,15.0,3,0.5,1137,2025-11-10 14:27:02.326004,2025-11-10 15:46:29.660000,57806,79.46,14887800,14945605,SHORT,3,4,-440.0,-456.0,11.75,-30.0,4.1875,0.0,14.75,24.72500000000001,1.0,4.125,FAILURE,23.5,"16932,24139",18,14,"-30.0,-60.0,-90.0",SUCCESS,137.78,True,
FA_SD50_R03_MA3_RT50,50.0,15.0,3,0.5,1139,2025-11-11 10:06:39.343112,2025-11-11 10:33:04.467001,36374,26.42,15056345,15092718,SHORT,2,3,480.0,466.0,40.0,-27.5,8.125,90.2,12.0,22.85000000000001,1.0,8.0,SUCCESS,50.0,940,1,10,"-30.0,-60.0",SESSION_START,342.66,False,474.0
FA_SD50_R03_MA3_RT50,50.0,15.0,3,0.5,1140,2025-11-11 10:33:04.467001,2025-11-11 11:19:16.786052,55086,46.21,15092718,15147803,LONG,2,3,480.0,468.0,40.0,-28.5,7.55,49.1,15.875,27.1,1.0,7.375,SUCCESS,50.0,23285,2,10,"-30.0,-60.0",SUCCESS,438.22,False,476.0
FA_SD50_R03_MA3_RT50,50.0,15.0,3,0.5,1141,2025-11-11 11:19:16.786052,2025-11-11 11:27:37.727000,13665,8.35,15147803,15161467,SHORT,2,3,480.0,468.0,40.0,-22.5,6.6875,21.0,12.125,27.175000000000004,1.0,6.625,SUCCESS,50.0,2922,3,11,"-30.0,-60.0",SUCCESS,87.22,False,476.0
FA_SD50_R03_MA3_RT50,50.0,15.0,3,0.5,1142,2025-11-11 11:27:37.727000,2025-11-11 11:30:34.191009,6127,2.94,15161467,15167593,LONG,3,4,-440.0,-456.0,9.0,-30.0,6.1125,10.600000000000001,16.0,33.25000000000002,1.0,6.0,FAILURE,18.0,"2514,1117",4,11,"-30.0,-60.0,-90.0",SUCCESS,20.11,True,
FA_SD50_R03_MA3_RT50,50.0,15.0,3,0.5,1143,2025-11-11 11:30:34.191009,2025-11-11 11:36:31.181043,8180,5.95,15167593,15175772,SHORT,3,4,-440.0,-456.0,1.5,-30.0,6.1375,12.0,16.0,47.850000000000016,1.0,6.25,FAILURE,3.0,"2067,3507",5,11,"-30.0,-60.0,-90.0",FAILURE,29.0,True,
FA_SD50_R03_MA3_RT50,50.0,15.0,3,0.5,1144,2025-11-11 11:36:31.181043,2025-11-11 12:05:39.135004,24125,29.13,15175772,15199896,LONG,1,2,260.0,252.0,32.5,-21.0,7.5,57.2,12.625,47.850000000000016,1.0,6.75,SUCCESS,50.0,,6,11,-30.0,FAILURE,194.12,False,258.0
FA_SD50_R03_MA3_RT50,50.0,15.0,3,0.5,1145,2025-11-11 12:05:39.135004,2025-11-11 12:52:27.737000,34161,46.81,15199896,15234056,SHORT,3,4,-440.0,-456.0,21.25,-30.0,6.4625,24.400000000000002,13.5,21.125000000000014,1.0,6.125,FAILURE,26.0,"11613,19517",7,12,"-30.0,-60.0,-90.0",SUCCESS,129.01,True,
FA_SD50_R03_MA3_RT50,50.0,15.0,3,0.5,1146,2025-11-11 12:52:27.737000,2025-11-11 12:55:45.209020,4446,3.29,15234056,15238501,LONG,0,1,100.0,96.0,25.0,-1.0,6.4125,26.1,13.375,22.550000000000008,1.0,6.375,SUCCESS,50.0,,8,12,,FAILURE,25.54,False,100.0
FA_SD50_R03_MA3_RT50,50.0,15.0,3,0.5,1147,2025-11-11 12:55:45.209020,2025-11-11 13:52:50.919000,44780,57.1,15238501,15283280,SHORT,3,4,-440.0,-456.0,37.75,-30.0,5.6375,8.6,11.125,20.10000000000002,1.0,5.125,FAILURE,45.5,"1813,27861",9,12,"-30.0,-60.0,-90.0",SUCCESS,164.28,True,
FA_SD50_R03_MA3_RT50,50.0,15.0,3,0.5,1148,2025-11-11 13:52:50.919000,2025-11-11 15:58:00.677000,72941,125.16,15283280,15356220,LONG,3,4,-440.0,-456.0,23.5,-30.0,6.2,27.200000000000003,10.375,23.400000000000023,1.0,6.0,FAILURE,32.5,"4234,61317",10,13,"-30.0,-60.0,-90.0",FAILURE,248.17,True,
FA_SD50_R03_MA3_RT50,50.0,15.0,3,0.5,1150,2025-11-12 09:31:05.291000,2025-11-12 09:31:42.071000,2979,0.61,15377782,15380760,SHORT,0,1,100.0,94.0,25.0,-3.5,6.525,59.5,12.75,31.17500000000001,1.0,6.375,SUCCESS,50.0,,1,9,,SESSION_START,21.68,False,98.0
FA_SD50_R03_MA3_RT50,50.0,15.0,3,0.5,1151,2025-11-12 09:31:42.071000,2025-11-12 09:41:23.598058,25131,9.69,15380760,15405890,LONG,3,4,-440.0,-456.0,17.5,-30.0,6.575,59.400000000000006,12.75,41.175000000000026,1.0,6.125,FAILURE,20.0,"7312,13166",2,9,"-30.0,-60.0,-90.0",SUCCESS,102.51,True,
FA_SD50_R03_MA3_RT50,50.0,15.0,3,0.5,1152,2025-11-12 09:41:23.598058,2025-11-12 09:46:42.797254,10680,5.32,15405890,15416569,SHORT,0,1,100.0,96.0,25.0,-11.75,6.9,65.8,19.375,31.450000000000006,1.0,6.125,SUCCESS,50.0,,3,9,,FAILURE,87.1,False,100.0
FA_SD50_R03_MA3_RT50,50.0,15.0,3,0.5,1153,2025-11-12 09:46:42.797254,2025-11-12 09:48:35.604004,7382,1.88,15416569,15423950,LONG,3,4,-444.0,-460.0,6.75,-30.0,7.325,80.0,16.25,24.775,1.0,6.625,FAILURE,13.5,"1444,2030",4,9,"-30.0,-60.0,-90.0",SUCCESS,35.1692,True,
FA_SD50_R03_MA3_RT50,50.0,15.0,3,0.5,1154,2025-11-12 09:48:35.604004,2025-11-12 10:01:10.523051,27704,12.58,15423950,15451653,SHORT,3,4,-440.0,-456.0,31.5,-30.0,7.925,91.2,10.625,24.375000000000007,1.0,7.375,FAILURE,33.0,"5688,16565",5,9,"-30.0,-60.0,-90.0",FAILURE,118.02,True,
FA_SD50_R03_MA3_RT50,50.0,15.0,3,0.5,1155,2025-11-12 10:01:10.523051,2025-11-12 10:08:15.481244,13404,7.08,15451653,15465056,LONG,2,3,480.0,468.0,40.0,-22.5,7.8625,78.2,13.75,24.925000000000004,1.0,7.5,SUCCESS,50.0,6175,6,10,"-30.0,-60.0",FAILURE,109.54,False,476.0
FA_SD50_R03_MA3_RT50,50.0,15.0,3,0.5,1156,2025-11-12 10:08:15.481244,2025-11-12 10:12:30.830000,7581,4.26,15465056,15472636,SHORT,0,1,100.0,96.0,25.0,-7.0,7.8875,77.7,14.875,29.600000000000012,1.0,6.875,SUCCESS,50.0,,7,10,,SUCCESS,64.44,False,100.0
FA_SD50_R03_MA3_RT50,50.0,15.0,3,0.5,1157,2025-11-12 10:12:30.830000,2025-11-12 10:20:21.567001,14516,7.85,15472636,15487151,LONG,3,4,-440.0,-456.0,8.25,-30.0,7.4875,59.800000000000004,13.375,29.600000000000012,1.0,7.375,FAILURE,5.0,"2133,3701",8,10,"-30.0,-60.0,-90.0",SUCCESS,59.31,True,
FA_SD50_R03_MA3_RT50,50.0,15.0,3,0.5,1158,2025-11-12 10:20:21.567001,2025-11-12 10:29:31.843000,11745,9.17,15487151,15498895,SHORT,3,4,-440.0,-456.0,3.0,-30.0,8.3375,90.2,12.75,27.175000000000004,1.0,7.25,FAILURE,6.0,"1601,9306",9,10,"-30.0,-60.0,-90.0",FAILURE,48.51,True,
FA_SD50_R03_MA3_RT50,50.0,15.0,3,0.5,1159,2025-11-12 10:29:31.843000,2025-11-12 10:34:54.636000,7048,5.38,15498895,15505942,LONG,3,4,-440.0,-456.0,1.75,-30.0,8.25,81.5,13.75,27.47500000000001,1.0,8.125,FAILURE,0.5,"2926,3351",10,10,"-30.0,-60.0,-90.0",FAILURE,28.14,True,
FA_SD50_R03_MA3_RT50,50.0,15.0,3,0.5,1160,2025-11-12 10:34:54.636000,2025-11-12 10:36:28.451000,3753,1.56,15505942,15509694,SHORT,0,1,100.0,96.0,25.0,-4.5,7.9,65.60000000000001,15.125,27.025000000000006,1.0,7.75,SUCCESS,50.0,,11,10,,FAILURE,27.04,False,100.0
FA_SD50_R03_MA3_RT50,50.0,15.0,3,0.5,1161,2025-11-12 10:36:28.451000,2025-11-12 10:39:27.000000,7519,2.98,15509694,15517212,LONG,1,2,260.0,252.0,32.5,-17.0,6.4,0.0,11.875,27.025000000000006,1.0,6.25,SUCCESS,50.0,,12,10,-30.0,SUCCESS,50.82,False,258.0
FA_SD50_R03_MA3_RT50,50.0,15.0,3,0.5,1162,2025-11-12 10:39:27.000000,2025-11-12 10:52:12.862022,18025,12.76,15517212,15535236,SHORT,2,3,480.0,468.0,40.0,-22.5,7.5625,45.7,10.875,32.050000000000004,1.0,7.625,SUCCESS,50.0,7673,13,10,"-30.0,-60.0",SUCCESS,143.82,False,476.0
FA_SD50_R03_MA3_RT50,50.0,15.0,3,0.5,1163,2025-11-12 10:52:12.862022,2025-11-12 10:57:13.197000,8022,5.01,15535236,15543257,LONG,1,2,260.0,252.0,32.5,-15.0,7.85,56.800000000000004,14.5,28.1,1.0,7.625,SUCCESS,50.0,,14,10,-30.0,SUCCESS,64.24,False,258.0
FA_SD50_R03_MA3_RT50,50.0,15.0,3,0.5,1164,2025-11-12 10:57:13.197000,2025-11-12 10:58:14.772011,1723,1.03,15543257,15544979,SHORT,0,1,100.0,96.0,25.0,-2.0,8.2875,81.9,13.875,26.775000000000006,1.0,7.625,SUCCESS,50.0,,15,10,,SUCCESS,13.04,False,100.0
FA_SD50_R03_MA3_RT50,50.0,15.0,3,0.5,1165,2025-11-12 10:58:14.772011,2025-11-12 11:12:25.757000,18091,14.18,15544979,15563069,LONG,3,4,-440.0,-456.0,23.5,-30.0,8.175,74.3,13.875,26.775000000000006,1.0,7.75,FAILURE,32.0,"12829,2695",16,10,"-30.0,-60.0,-90.0",SUCCESS,73.3,True,
FA_SD50_R03_MA3_RT50,50.0,15.0,3,0.5,1166,2025-11-12 11:12:25.757000,2025-11-12 11:27:19.770000,17353,14.9,15563069,15580421,SHORT,3,4,-440.0,-456.0,6.0,-30.0,5.5375,0.4,15.125,33.775000000000006,1.0,5.375,FAILURE,12.0,"1318,2736",17,11,"-30.0,-60.0,-90.0",FAILURE,68.56,True,
FA_SD50_R03_MA3_RT50,50.0,15.0,3,0.5,1167,2025-11-12 11:27:19.770000,2025-11-12 11:29:14.974001,2942,1.92,15580421,15583362,LONG,0,1,100.0,96.0,25.0,-3.0,7.6,43.900000000000006,13.5,28.150000000000027,1.0,7.25,SUCCESS,50.0,,18,11,,FAILURE,20.62,False,100.0
FA_SD50_R03_MA3_RT50,50.0,15.0,3,0.5,1168,2025-11-12 11:29:14.974001,2025-11-12 11:44:21.035004,18176,15.1,15583362,15601537,SHORT,2,3,480.0,468.0,40.0,-22.5,7.0375,17.2,13.5,28.150000000000027,1.0,7.375,SUCCESS,50.0,1826,19,11,"-30.0,-60.0",SUCCESS,136.5,False,476.0
FA_SD50_R03_MA3_RT50,50.0,15.0,3,0.5,1169,2025-11-12 11:44:21.035004,2025-11-12 11:48:15.713000,5796,3.91,15601537,15607332,LONG,3,4,-439.0,-455.0,13.75,-29.9167,8.0625,64.7,12.75,36.57500000000001,1.0,8.0,FAILURE,27.5,"1652,1613",20,11,"-30.0,-60.5,-90.0",SUCCESS,21.44,True,
FA_SD50_R03_MA3_RT50,50.0,15.0,3,0.5,1170,2025-11-12 11:48:15.713000,2025-11-12 11:57:41.505029,15216,9.43,15607332,15622547,SHORT,3,4,-440.0,-456.0,14.25,-30.0,6.9,22.0,16.25,36.57500000000001,1.0,6.5,FAILURE,28.5,"3110,7272",21,11,"-30.0,-60.0,-90.0",FAILURE,55.85,True,
FA_SD50_R03_MA3_RT50,50.0,15.0,3,0.5,1171,2025-11-12 11:57:41.505029,2025-11-12 12:35:22.025000,37798,37.68,15622547,15660344,LONG,2,3,480.0,468.0,40.0,-22.5,8.7375,93.4,16.25,39.050000000000004,1.0,8.625,SUCCESS,50.0,644,22,11,"-30.0,-60.0",FAILURE,310.6,False,476.0
FA_SD50_R03_MA3_RT50,50.0,15.0,3,0.5,1172,2025-11-12 12:35:22.025000,2025-11-12 12:41:11.844017,7278,5.83,15660344,15667621,SHORT,3,4,-440.0,-456.0,4.75,-30.0,8.1875,72.8,15.75,30.65000000000002,1.0,7.625,FAILURE,9.5,"2292,2483",23,12,"-30.0,-60.0,-90.0",SUCCESS,23.31,True,
FA_SD50_R03_MA3_RT50,50.0,15.0,3,0.5,1173,2025-11-12 12:41:11.844017,2025-11-12 12:49:05.321083,8965,7.89,15667621,15676585,LONG,3,4,-440.0,-456.0,1.0,-30.0,5.4125,2.0,17.0,43.75000000000001,1.0,5.5,FAILURE,2.0,"1713,4607",24,12,"-30.0,-60.0,-90.0",FAILURE,30.62,True,
FA_SD50_R03_MA3_RT50,50.0,15.0,3,0.5,1174,2025-11-12 12:49:05.321083,2025-11-12 12:50:20.342000,2914,1.25,15676585,15679498,SHORT,0,1,100.0,96.0,25.0,-2.5,6.925,33.4,16.5,43.75000000000001,1.0,6.625,SUCCESS,50.0,,25,12,,FAILURE,17.52,False,100.0
FA_SD50_R03_MA3_RT50,50.0,15.0,3,0.5,1175,2025-11-12 12:50:20.342000,2025-11-12 12:52:29.760000,2535,2.16,15679498,15682032,LONG,0,1,100.0,96.0,25.0,-1.75,6.8125,31.1,16.5,43.35,1.0,6.375,SUCCESS,50.0,,26,12,,SUCCESS,19.8,False,100.0
FA_SD50_R03_MA3_RT50,50.0,15.0,3,0.5,1176,2025-11-12 12:52:29.760000,2025-11-12 13:40:05.008000,35110,47.59,15682032,15717141,SHORT,3,4,-440.0,-456.0,15.75,-30.0,7.1,40.5,16.5,43.35,1.0,6.75,FAILURE,31.5,"1672,14759",27,12,"-30.0,-60.0,-90.0",SUCCESS,131.81,True,
FA_SD50_R03_MA3_RT50,50.0,15.0,3,0.5,1177,2025-11-12 13:40:05.008000,2025-11-12 14:28:24.406002,32911,48.32,15717141,15750051,LONG,3,4,-440.0,-456.0,11.5,-30.0,7.55,50.400000000000006,13.875,23.625,1.0,7.75,FAILURE,18.5,"2361,17005",28,13,"-30.0,-60.0,-90.0",FAILURE,114.98,True,
FA_SD50_R03_MA3_RT50,50.0,15.0,3,0.5,1178,2025-11-12 14:28:24.406002,2025-11-12 14:33:26.494004,5562,5.03,15750051,15755612,SHORT,0,1,100.0,96.0,25.0,-6.5,6.85,33.4,13.5,19.875,1.0,6.375,SUCCESS,50.0,,29,14,,FAILURE,34.46,False,100.0
FA_SD50_R03_MA3_RT50,50.0,15.0,3,0.5,1179,2025-11-12 14:33:26.494004,2025-11-12 14:34:56.519061,1864,1.5,15755612,15757475,LONG,0,1,100.0,96.0,25.0,-0.75,6.125,7.6000000000000005,13.0,22.550000000000004,1.0,5.5,SUCCESS,50.0,,30,14,,SUCCESS,10.16,False,100.0
FA_SD50_R03_MA3_RT50,50.0,15.0,3,0.5,1180,2025-11-12 14:34:56.519061,2025-11-12 15:06:12.528001,20499,31.27,15757475,15777973,SHORT,1,2,260.0,252.0,32.5,-16.0,6.325,13.8,13.0,22.550000000000004,1.0,5.5,SUCCESS,50.0,,31,14,-30.0,SUCCESS,147.0,False,258.0
FA_SD50_R03_MA3_RT50,50.0,15.0,3,0.5,1181,2025-11-12 15:06:12.528001,2025-11-12 15:18:23.752000,7301,12.19,15777973,15785273,LONG,0,1,100.0,96.0,25.0,-8.0,7.85,87.30000000000001,15.75,30.550000000000008,1.0,7.75,SUCCESS,50.0,,32,15,,SUCCESS,56.9,False,100.0
FA_SD50_R03_MA3_RT50,50.0,15.0,3,0.5,1182,2025-11-12 15:18:23.752000,2025-11-12 15:32:44.622008,10554,14.35,15785273,15795826,SHORT,3,4,-440.0,-456.0,9.75,-30.0,7.4625,77.4,14.0,23.35000000000001,1.0,6.75,FAILURE,19.5,"3736,1445",33,15,"-30.0,-60.0,-90.0",SUCCESS,30.96,True,
FA_SD50_R03_MA3_RT50,50.0,15.0,3,0.5,1183,2025-11-12 15:32:44.622008,2025-11-12 16:12:42.407011,42221,39.96,15795826,15838046,LONG,2,3,480.0,468.0,40.0,-22.5,5.2,0.4,9.625,23.125000000000007,1.0,4.5,SUCCESS,50.0,21091,34,15,"-30.0,-60.0",FAILURE,283.1,False,476.0
FA_SD50_R03_MA3_RT50,50.0,15.0,3,0.5,1185,2025-11-13 09:34:51.626001,2025-11-13 09:35:24.659000,2886,0.55,15854394,15857279,SHORT,1,2,260.0,250.0,32.5,-15.0,9.6,89.4,14.875,30.325000000000024,1.0,9.75,SUCCESS,50.0,,1,9,-30.0,SESSION_START,25.56,False,256.0
FA_SD50_R03_MA3_RT50,50.0,15.0,3,0.5,1186,2025-11-13 09:35:24.659000,2025-11-13 09:40:01.517000,13215,4.61,15857279,15870493,LONG,3,4,-440.0,-456.0,6.5,-30.0,8.925,85.4,14.875,30.325000000000024,1.0,7.625,FAILURE,11.5,"958,2710",2,9,"-30.0,-60.0,-90.0",SUCCESS,62.45,True,
FA_SD50_R03_MA3_RT50,50.0,15.0,3,0.5,1187,2025-11-13 09:40:01.517000,2025-11-13 09:42:23.393000,6837,2.36,15870493,15877329,SHORT,1,2,260.0,252.0,32.5,-16.5,8.3375,79.80000000000001,10.25,29.375000000000014,1.0,8.5,SUCCESS,50.0,,3,9,-30.0,FAILURE,63.66,False,258.0
FA_SD50_R03_MA3_RT50,50.0,15.0,3,0.5,1188,2025-11-13 09:42:23.393000,2025-11-13 09:51:40.989000,23757,9.29,15877329,15901085,LONG,3,4,760.0,744.0,47.5,-30.0,8.275,75.60000000000001,9.75,37.60000000000001,1.0,7.75,SUCCESS,50.0,"2454,2458",4,9,"-30.0,-60.0,-90.0",SUCCESS,258.56,True,754.0
FA_SD50_R03_MA3_RT50,50.0,15.0,3,0.5,1189,2025-11-13 09:51:40.989000,2025-11-13 09:57:03.968000,12902,5.38,15901085,15913986,SHORT,3,4,-440.0,-456.0,17.25,-30.0,10.6125,95.4,15.875,29.000000000000004,1.0,10.5,FAILURE,9.0,"1785,9621",5,9,"-30.0,-60.0,-90.0",SUCCESS,68.52,True,
FA_SD50_R03_MA3_RT50,50.0,15.0,3,0.5,1190,2025-11-13 09:57:03.968000,2025-11-13 10:02:27.409000,11262,5.39,15913986,15925247,LONG,3,4,-440.0,-456.0,18.75,-30.0,10.3375,92.0,13.5,31.700000000000006,1.0,10.0,FAILURE,31.0,"6723,2432",6,9,"-30.0,-60.0,-90.0",FAILURE,66.57,True,
FA_SD50_R03_MA3_RT50,50.0,15.0,3,0.5,1191,2025-11-13 10:02:27.409000,2025-11-13 10:04:41.335000,4496,2.23,15925247,15929742,SHORT,0,1,100.0,96.0,25.0,-9.25,10.0,80.2,12.125,28.725,1.0,10.5,SUCCESS,50.0,,7,10,,FAILURE,45.38,False,100.0
FA_SD50_R03_MA3_RT50,50.0,15.0,3,0.5,1192,2025-11-13 10:04:41.335000,2025-11-13 10:05:37.115000,1692,0.93,15929742,15931433,LONG,0,1,100.0,96.0,25.0,-3.5,9.4375,63.800000000000004,12.125,28.8,1.0,9.75,SUCCESS,50.0,,8,10,,SUCCESS,19.14,False,100.0
FA_SD50_R03_MA3_RT50,50.0,15.0,3,0.5,1193,2025-11-13 10:05:37.115000,2025-11-13 10:07:56.354002,4813,2.32,15931433,15936245,SHORT,3,4,-439.0,-455.0,17.0,-30.25,10.2125,86.30000000000001,12.125,28.8,1.0,10.0,FAILURE,34.0,"1328,1989",9,10,"-30.0,-60.0,-90.5",SUCCESS,26.94,True,
FA_SD50_R03_MA3_RT50,50.0,15.0,3,0.5,1194,2025-11-13 10:07:56.354002,2025-11-13 10:08:42.204000,2063,0.76,15936245,15938307,LONG,0,1,100.0,96.0,25.0,-8.25,9.7,64.60000000000001,12.625,30.85,1.0,9.5,SUCCESS,50.0,,10,10,,FAILURE,19.8,False,100.0
FA_SD50_R03_MA3_RT50,50.0,15.0,3,0.5,1195,2025-11-13 10:08:42.204000,2025-11-13 10:15:04.114008,14202,6.37,15938307,15952508,SHORT,3,4,-440.0,-456.0,19.5,-30.0,9.9375,73.7,12.0,32.25000000000001,1.0,8.875,FAILURE,24.0,"5460,3248",11,10,"-30.0,-60.0,-90.0",SUCCESS,64.43,True,
FA_SD50_R03_MA3_RT50,50.0,15.0,3,0.5,1196,2025-11-13 10:15:04.114008,2025-11-13 10:20:06.127001,10769,5.03,15952508,15963276,LONG,3,4,-444.0,-460.0,19.5,-30.0,7.65,8.0,13.0,31.3,1.0,7.5,FAILURE,39.0,"1689,3923",12,10,"-30.0,-60.0,-90.0",FAILURE,48.8507,True,
FA_SD50_R03_MA3_RT50,50.0,15.0,3,0.5,1197,2025-11-13 10:20:06.127001,2025-11-13 10:22:33.558000,5017,2.46,15963276,15968292,SHORT,1,2,260.0,252.0,32.5,-15.0,9.875,70.8,14.5,31.375,1.0,9.875,SUCCESS,50.0,,13,10,-30.0,FAILURE,49.9,False,258.0
FA_SD50_R03_MA3_RT50,50.0,15.0,3,0.5,1198,2025-11-13 10:22:33.558000,2025-11-13 10:34:03.655003,18119,11.5,15968292,15986410,LONG,3,4,-439.0,-455.0,28.875,-29.9167,9.1375,49.5,14.625,31.825000000000003,1.0,10.0,FAILURE,42.5,"8888,6877",14,10,"-30.5,-60.0,-90.0",SUCCESS,96.58,True,
FA_SD50_R03_MA3_RT50,50.0,15.0,3,0.5,1199,2025-11-13 10:34:03.655003,2025-11-13 10:34:29.126000,1048,0.42,15986410,15987457,SHORT,0,1,100.0,96.0,25.0,0.0,9.8875,77.60000000000001,10.5,22.950000000000006,1.0,9.5,SUCCESS,50.0,,15,10,,FAILURE,9.3,False,100.0
FA_SD50_R03_MA3_RT50,50.0,15.0,3,0.5,1200,2025-11-13 10:34:29.126000,2025-11-13 10:45:24.664106,19966,10.93,15987457,16007422,LONG,3,4,-440.0,-456.0,23.75,-30.0,9.95,80.4,10.5,22.950000000000006,1.0,9.75,FAILURE,28.0,"597,13166",16,10,"-30.0,-60.0,-90.0",SUCCESS,96.11,True,
FA_SD50_R03_MA3_RT50,50.0,15.0,3,0.5,1201,2025-11-13 10:45:24.664106,2025-11-13 10:46:08.676006,2717,0.73,16007422,16010138,SHORT,0,1,100.0,96.0,25.0,0.0,8.1625,15.100000000000001,13.375,33.375000000000014,1.0,7.375,SUCCESS,50.0,,17,10,,FAILURE,24.7,False,100.0
FA_SD50_R03_MA3_RT50,50.0,15.0,3,0.5,1202,2025-11-13 10:46:08.676006,2025-11-13 10:55:13.542000,16490,9.08,16010138,16026627,LONG,3,4,-440.0,-456.0,15.25,-30.0,6.5875,0.0,13.375,32.95000000000001,1.0,6.375,FAILURE,30.5,"6031,6113",18,10,"-30.0,-60.0,-90.0",SUCCESS,72.73,True,
FA_SD50_R03_MA3_RT50,50.0,15.0,3,0.5,1203,2025-11-13 10:55:13.542000,2025-11-13 10:59:33.221000,9400,4.33,16026627,16036026,SHORT,3,4,-440.0,-456.0,10.0,-30.0,7.475,8.700000000000001,10.625,30.10000000000001,1.0,7.625,FAILURE,10.0,"1336,6485",19,10,"-30.0,-60.0,-90.0",FAILURE,40.39,True,
FA_SD50_R03_MA3_RT50,50.0,15.0,3,0.5,1204,2025-11-13 10:59:33.221000,2025-11-13 11:01:25.733000,4753,1.88,16036026,16040778,LONG,0,1,100.0,96.0,25.0,-10.25,6.9625,4.800000000000001,11.0,20.100000000000012,1.0,6.875,SUCCESS,50.0,,20,10,,FAILURE,39.46,False,100.0
FA_SD50_R03_MA3_RT50,50.0,15.0,3,0.5,1205,2025-11-13 11:01:25.733000,2025-11-13 11:02:55.396003,2442,1.49,16040778,16043219,SHORT,0,1,100.0,96.0,25.0,-0.75,7.5,16.1,14.75,28.525000000000013,1.0,6.75,SUCCESS,50.0,,21,11,,SUCCESS,22.36,False,100.0
FA_SD50_R03_MA3_RT50,50.0,15.0,3,0.5,1206,2025-11-13 11:02:55.396003,2025-11-13 11:06:52.118000,5541,3.95,16043219,16048759,LONG,3,4,-440.0,-456.0,8.0,-30.0,8.9625,54.900000000000006,14.75,28.525000000000013,1.0,8.875,FAILURE,16.0,"597,2636",22,11,"-30.0,-60.0,-90.0",SUCCESS,28.63,True,
FA_SD50_R03_MA3_RT50,50.0,15.0,3,0.5,1207,2025-11-13 11:06:52.118000,2025-11-13 11:15:31.871028,11660,8.66,16048759,16060418,SHORT,3,4,-439.0,-455.0,14.5833,-29.9167,9.3375,68.0,14.75,29.075000000000017,1.0,9.125,FAILURE,20.0,"1932,6755",23,11,"-30.5,-60.0,-90.0",FAILURE,59.62,True,
FA_SD50_R03_MA3_RT50,50.0,15.0,3,0.5,1208,2025-11-13 11:15:31.871028,2025-11-13 11:19:05.788006,4206,3.57,16060418,16064623,LONG,3,4,-439.0,-455.0,3.5,-29.9167,10.25,98.30000000000001,8.375,19.8,1.0,10.125,FAILURE,7.0,"468,1394",24,11,"-30.5,-60.0,-90.0",FAILURE,22.23,True,
FA_SD50_R03_MA3_RT50,50.0,15.0,3,0.5,1209,2025-11-13 11:19:05.788006,2025-11-13 11:34:30.724001,20705,15.42,16064623,16085327,SHORT,3,4,-438.0,-454.0,30.6667,-29.8333,9.4875,77.5,9.0,26.12500000000002,1.0,9.375,FAILURE,40.0,"4274,13569",25,11,"-31.0,-60.0,-90.0",FAILURE,111.57,True,
FA_SD50_R03_MA3_RT50,50.0,15.0,3,0.5,1210,2025-11-13 11:34:30.724001,2025-11-13 11:36:38.185002,4460,2.12,16085327,16089786,LONG,3,4,-439.0,-455.0,11.25,-30.25,10.025,86.7,17.75,41.575,1.0,9.75,FAILURE,22.5,"420,999",26,11,"-30.0,-60.0,-90.5",FAILURE,21.83,True,
FA_SD50_R03_MA3_RT50,50.0,15.0,3,0.5,1211,2025-11-13 11:36:38.185002,2025-11-13 11:39:27.159002,3913,2.82,16089786,16093698,SHORT,0,1,100.0,96.0,25.0,-13.25,9.525,67.5,14.875,44.87500000000001,1.0,9.625,SUCCESS,50.0,,27,11,,FAILURE,39.86,False,100.0
FA_SD50_R03_MA3_RT50,50.0,15.0,3,0.5,1212,2025-11-13 11:39:27.159002,2025-11-13 11:47:32.689000,11419,8.09,16093698,16105116,LONG,1,2,260.0,252.0,32.5,-15.0,10.275,92.4,13.5,36.97500000000001,1.0,10.25,SUCCESS,50.0,,28,11,-30.0,SUCCESS,113.18,False,258.0
FA_SD50_R03_MA3_RT50,50.0,15.0,3,0.5,1213,2025-11-13 11:47:32.689000,2025-11-13 11:48:43.578001,1712,1.18,16105116,16106827,SHORT,0,1,100.0,96.0,25.0,-9.25,9.5375,69.2,12.25,19.150000000000013,1.0,8.0,SUCCESS,50.0,,29,11,,SUCCESS,17.1,False,100.0
FA_SD50_R03_MA3_RT50,50.0,15.0,3,0.5,1214,2025-11-13 11:48:43.578001,2025-11-13 11:49:51.987000,1191,1.14,16106827,16108017,LONG,0,1,100.0,96.0,25.0,-6.75,10.1375,89.4,13.0,27.525000000000006,1.0,10.25,SUCCESS,50.0,,30,11,,SUCCESS,13.04,False,100.0
FA_SD50_R03_MA3_RT50,50.0,15.0,3,0.5,1215,2025-11-13 11:49:51.987000,2025-11-13 11:52:27.926000,4097,2.6,16108017,16112113,SHORT,1,2,260.0,252.0,32.5,-15.0,10.85,96.2,14.125,30.025,1.0,11.625,SUCCESS,50.0,,31,11,-30.0,SUCCESS,41.1,False,258.0
FA_SD50_R03_MA3_RT50,50.0,15.0,3,0.5,1216,2025-11-13 11:52:27.926000,2025-11-13 11:59:50.039000,6678,7.37,16112113,16118790,LONG,0,1,100.0,96.0,25.0,-14.0,10.8,93.60000000000001,14.125,37.075,1.0,10.5,SUCCESS,50.0,,32,11,,SUCCESS,83.72,False,100.0
FA_SD50_R03_MA3_RT50,50.0,15.0,3,0.5,1217,2025-11-13 11:59:50.039000,2025-11-13 12:02:40.820001,3676,2.85,16118790,16122465,SHORT,0,1,100.0,96.0,25.0,-14.5,11.4,97.4,17.875,37.075,1.0,11.25,SUCCESS,50.0,,33,11,,SUCCESS,43.7,False,100.0
FA_SD50_R03_MA3_RT50,50.0,15.0,3,0.5,1218,2025-11-13 12:02:40.820001,2025-11-13 12:03:43.269000,1061,1.04,16122465,16123525,LONG,0,1,100.0,96.0,25.0,-4.0,11.975,98.4,17.875,31.375000000000007,1.0,11.875,SUCCESS,50.0,,34,12,,SUCCESS,12.66,False,100.0
FA_SD50_R03_MA3_RT50,50.0,15.0,3,0.5,1219,2025-11-13 12:03:43.269000,2025-11-13 12:09:42.076000,6628,5.98,16123525,16130152,SHORT,2,3,480.0,468.0,40.0,-22.5,11.7875,96.60000000000001,16.75,31.375000000000007,1.0,10.25,SUCCESS,50.0,3124,35,12,"-30.0,-60.0",SUCCESS,76.06,False,476.0
FA_SD50_R03_MA3_RT50,50.0,15.0,3,0.5,1220,2025-11-13 12:09:42.076000,2025-11-13 12:15:26.654000,6846,5.74,16130152,16136997,LONG,1,2,260.0,252.0,32.5,-18.25,11.25,88.80000000000001,16.75,32.450000000000024,1.0,10.75,SUCCESS,50.0,,36,12,-30.0,SUCCESS,72.46,False,258.0
FA_SD50_R03_MA3_RT50,50.0,15.0,3,0.5,1221,2025-11-13 12:15:26.654000,2025-11-13 12:30:26.365000,14061,15.0,16136997,16151057,SHORT,3,4,-440.0,-456.0,17.0,-30.0,9.6625,56.900000000000006,22.125,36.500000000000014,1.0,9.0,FAILURE,32.5,"5906,4784",37,12,"-30.0,-60.0,-90.0",SUCCESS,80.06,True,
FA_SD50_R03_MA3_RT50,50.0,15.0,3,0.5,1222,2025-11-13 12:30:26.365000,2025-11-13 12:41:44.199016,10274,11.3,16151057,16161330,LONG,3,4,-438.0,-454.0,12.625,-30.5,11.05,79.4,16.125,28.275,1.0,10.625,FAILURE,5.5,"2474,2382",38,12,"-30.0,-60.0,-91.0",FAILURE,59.81,True,
FA_SD50_R03_MA3_RT50,50.0,15.0,3,0.5,1223,2025-11-13 12:41:44.199016,2025-11-13 12:45:11.316001,3462,3.45,16161330,16164791,SHORT,1,2,261.0,253.0,32.625,-15.25,11.05,77.7,15.75,34.12500000000001,1.0,10.75,SUCCESS,50.0,,39,12,-30.5,FAILURE,41.64,False,259.0
FA_SD50_R03_MA3_RT50,50.0,15.0,3,0.5,1224,2025-11-13 12:45:11.316001,2025-11-13 12:57:40.242032,16493,12.48,16164791,16181283,LONG,3,4,-440.0,-456.0,20.25,-30.0,11.025,74.4,15.0,34.12500000000001,1.0,10.5,FAILURE,10.5,"750,14249",40,12,"-30.0,-60.0,-90.0",SUCCESS,87.53,True,
FA_SD50_R03_MA3_RT50,50.0,15.0,3,0.5,1225,2025-11-13 12:57:40.242032,2025-11-13 13:21:25.978000,25374,23.76,16181283,16206656,SHORT,2,3,480.0,468.0,40.0,-24.0,10.85,68.9,15.625,26.800000000000004,1.0,10.25,SUCCESS,50.0,8834,41,12,"-30.0,-60.0",FAILURE,261.74,False,476.0
FA_SD50_R03_MA3_RT50,50.0,15.0,3,0.5,1226,2025-11-13 13:21:25.978000,2025-11-13 13:23:22.724000,2260,1.95,16206656,16208915,LONG,0,1,100.0,96.0,25.0,-8.0,7.65,0.4,14.0,25.125,1.0,7.625,SUCCESS,50.0,,42,13,,SUCCESS,19.98,False,100.0
FA_SD50_R03_MA3_RT50,50.0,15.0,3,0.5,1227,2025-11-13 13:23:22.724000,2025-11-13 13:24:15.526002,698,0.88,16208915,16209612,SHORT,0,1,100.0,96.0,25.0,-1.5,8.3375,4.800000000000001,14.0,25.125,1.0,8.625,SUCCESS,50.0,,43,13,,SUCCESS,7.14,False,100.0
FA_SD50_R03_MA3_RT50,50.0,15.0,3,0.5,1228,2025-11-13 13:24:15.526002,2025-11-13 13:31:59.927001,10249,7.74,16209612,16219860,LONG,3,4,-440.0,-456.0,8.75,-30.0,8.475,6.0,14.0,25.125,1.0,8.375,FAILURE,17.5,"748,7623",44,13,"-30.0,-60.0,-90.0",SUCCESS,44.75,True,
FA_SD50_R03_MA3_RT50,50.0,15.0,3,0.5,1229,2025-11-13 13:31:59.927001,2025-11-13 13:37:06.414000,6019,5.11,16219860,16225878,SHORT,1,2,260.0,252.0,32.5,-15.0,8.5625,12.600000000000001,13.375,25.450000000000014,1.0,8.75,SUCCESS,50.0,,45,13,-30.0,FAILURE,56.68,False,258.0
FA_SD50_R03_MA3_RT50,50.0,15.0,3,0.5,1230,2025-11-13 13:37:06.414000,2025-11-13 13:44:32.022002,9738,7.43,16225878,16235615,LONG,0,1,100.0,96.0,25.0,-14.25,8.075,6.6000000000000005,12.375,25.15000000000001,1.0,7.5,SUCCESS,50.0,,46,13,,SUCCESS,94.8,False,100.0
FA_SD50_R03_MA3_RT50,50.0,15.0,3,0.5,1231,2025-11-13 13:44:32.022002,2025-11-13 14:03:27.947004,21267,18.93,16235615,16256881,SHORT,2,3,480.0,468.0,40.0,-22.5,9.7875,38.7,13.25,19.10000000000001,1.0,9.25,SUCCESS,50.0,15817,47,13,"-30.0,-60.0",SUCCESS,238.2,False,476.0
FA_SD50_R03_MA3_RT50,50.0,15.0,3,0.5,1232,2025-11-13 14:03:27.947004,2025-11-13 14:05:05.285002,1599,1.62,16256881,16258479,LONG,0,1,100.0,96.0,25.0,-4.5,9.4,33.800000000000004,16.375,23.8,1.0,9.75,SUCCESS,50.0,,48,14,,SUCCESS,19.48,False,100.0
FA_SD50_R03_MA3_RT50,50.0,15.0,3,0.5,1233,2025-11-13 14:05:05.285002,2025-11-13 14:08:17.340000,2685,3.2,16258479,16261163,SHORT,0,1,102.0,98.0,25.5,-6.0,10.0875,55.800000000000004,16.625,23.525,1.0,10.0,SUCCESS,51.0,,49,14,,SUCCESS,33.8431,False,102.0
FA_SD50_R03_MA3_RT50,50.0,15.0,3,0.5,1234,2025-11-13 14:08:17.340000,2025-11-13 14:10:10.122000,1917,1.88,16261163,16263079,LONG,0,1,100.0,96.0,25.0,-3.5,12.1875,96.0,16.375,23.525,1.0,12.125,SUCCESS,50.0,,50,14,,SUCCESS,20.38,False,100.0
FA_SD50_R03_MA3_RT50,50.0,15.0,3,0.5,1235,2025-11-13 14:10:10.122000,2025-11-13 14:13:29.163000,2471,3.32,16263079,16265549,SHORT,0,1,100.0,96.0,25.0,-7.75,11.525,87.0,16.375,24.250000000000007,1.0,11.75,SUCCESS,50.0,,51,14,,SUCCESS,30.88,False,100.0
FA_SD50_R03_MA3_RT50,50.0,15.0,3,0.5,1236,2025-11-13 14:13:29.163000,2025-11-13 14:18:17.052000,3716,4.8,16265549,16269264,LONG,0,1,100.0,96.0,25.0,-8.5,10.0,47.0,16.625,29.075000000000003,1.0,9.25,SUCCESS,50.0,,52,14,,SUCCESS,44.02,False,100.0
FA_SD50_R03_MA3_RT50,50.0,15.0,3,0.5,1237,2025-11-13 14:18:17.052000,2025-11-13 14:25:25.309027,7478,7.14,16269264,16276741,SHORT,3,4,-439.0,-455.0,20.75,-29.9167,9.675,37.0,14.125,32.300000000000004,1.0,9.25,FAILURE,41.5,"1035,2321",53,14,"-30.5,-60.0,-90.0",SUCCESS,39.91,True,
FA_SD50_R03_MA3_RT50,50.0,15.0,3,0.5,1238,2025-11-13 14:25:25.309027,2025-11-13 14:30:03.542000,5804,4.64,16276741,16282544,LONG,0,1,100.0,96.0,25.0,-8.0,8.5125,16.400000000000002,13.625,32.300000000000004,1.0,8.0,SUCCESS,50.0,,54,14,,FAILURE,54.06,False,100.0
FA_SD50_R03_MA3_RT50,50.0,15.0,3,0.5,1239,2025-11-13 14:30:03.542000,2025-11-13 14:30:21.971018,643,0.31,16282544,16283186,SHORT,0,1,100.0,96.0,25.0,-0.5,8.05,12.600000000000001,15.75,35.85000000000001,1.0,7.75,SUCCESS,50.0,,55,14,,SUCCESS,5.82,False,100.0
FA_SD50_R03_MA3_RT50,50.0,15.0,3,0.5,1240,2025-11-13 14:30:21.971018,2025-11-13 14:35:49.712000,5567,5.46,16283186,16288752,LONG,0,1,101.0,97.0,25.25,-13.5,8.225,17.8,15.75,35.85000000000001,1.0,8.125,SUCCESS,50.5,,56,14,,SUCCESS,58.3663,False,101.0
FA_SD50_R03_MA3_RT50,50.0,15.0,3,0.5,1241,2025-11-13 14:35:49.712000,2025-11-13 14:38:16.276000,2726,2.44,16288752,16291477,SHORT,0,1,100.0,96.0,25.0,-5.75,8.875,32.6,13.375,32.92500000000002,1.0,8.5,SUCCESS,50.0,,57,14,,SUCCESS,30.08,False,100.0
FA_SD50_R03_MA3_RT50,50.0,15.0,3,0.5,1242,2025-11-13 14:38:16.276000,2025-11-13 14:48:39.870004,11605,10.39,16291477,16303081,LONG,3,4,-440.0,-456.0,16.25,-30.0,9.2,41.400000000000006,13.75,32.92500000000002,1.0,9.375,FAILURE,17.5,"3418,6962",58,14,"-30.0,-60.0,-90.0",SUCCESS,63.42,True,
FA_SD50_R03_MA3_RT50,50.0,15.0,3,0.5,1243,2025-11-13 14:48:39.870004,2025-11-13 14:55:04.345025,5921,6.41,16303081,16309001,SHORT,2,3,480.0,468.0,40.0,-22.5,11.225,87.2,13.5,29.450000000000003,1.0,10.5,SUCCESS,50.0,201,59,14,"-30.0,-60.0",FAILURE,63.2,False,476.0
FA_SD50_R03_MA3_RT50,50.0,15.0,3,0.5,1244,2025-11-13 14:55:04.345025,2025-11-13 14:58:14.130000,4312,3.16,16309001,16313312,LONG,1,2,260.0,252.0,32.5,-16.75,11.175,85.4,13.25,31.800000000000008,1.0,10.75,SUCCESS,50.0,,60,14,-30.0,SUCCESS,45.98,False,258.0
FA_SD50_R03_MA3_RT50,50.0,15.0,3,0.5,1245,2025-11-13 14:58:14.130000,2025-11-13 15:07:57.535000,10831,9.72,16313312,16324142,SHORT,1,2,260.0,252.0,32.5,-15.5,9.825,53.5,13.25,38.650000000000006,1.0,9.0,SUCCESS,50.0,,61,14,-30.0,SUCCESS,118.94,False,258.0
FA_SD50_R03_MA3_RT50,50.0,15.0,3,0.5,1246,2025-11-13 15:07:57.535000,2025-11-13 15:08:24.555000,533,0.45,16324142,16324674,LONG,0,1,100.0,96.0,25.0,0.0,10.9875,82.80000000000001,14.5,38.650000000000006,1.0,11.25,SUCCESS,50.0,,62,15,,SUCCESS,6.36,False,100.0
FA_SD50_R03_MA3_RT50,50.0,15.0,3,0.5,1247,2025-11-13 15:08:24.555000,2025-11-13 15:20:37.677000,11563,12.22,16324674,16336236,SHORT,1,2,260.0,252.0,32.5,-22.25,11.1375,86.60000000000001,14.5,38.650000000000006,1.0,12.0,SUCCESS,50.0,,63,15,-30.0,SUCCESS,135.42,False,258.0
FA_SD50_R03_MA3_RT50,50.0,15.0,3,0.5,1248,2025-11-13 15:20:37.677000,2025-11-13 15:24:28.631000,3877,3.85,16336236,16340112,LONG,0,1,102.0,98.0,25.5,-11.75,10.35,60.6,14.625,33.475,1.0,9.125,SUCCESS,51.0,,64,15,,SUCCESS,42.1569,False,102.0
FA_SD50_R03_MA3_RT50,50.0,15.0,3,0.5,1249,2025-11-13 15:24:28.631000,2025-11-13 15:35:21.730000,10277,10.88,16340112,16350388,SHORT,3,4,-440.0,-456.0,22.5,-30.0,10.875,75.8,17.875,35.75,1.0,9.75,FAILURE,45.0,"937,5445",65,15,"-30.0,-60.0,-90.0",SUCCESS,57.34,True,
FA_SD50_R03_MA3_RT50,50.0,15.0,3,0.5,1250,2025-11-13 15:35:21.730000,2025-11-13 15:39:12.737000,4649,3.85,16350388,16355036,LONG,0,1,100.0,96.0,25.0,-7.0,9.1375,21.3,16.375,33.72500000000001,1.0,9.25,SUCCESS,50.0,,66,15,,FAILURE,45.32,False,100.0
FA_SD50_R03_MA3_RT50,50.0,15.0,3,0.5,1251,2025-11-13 15:39:12.737000,2025-11-13 15:43:47.952001,5486,4.59,16355036,16360521,SHORT,1,2,260.0,252.0,32.5,-15.0,9.575,31.0,15.5,38.2,1.0,10.125,SUCCESS,50.0,,67,15,-30.0,SUCCESS,52.62,False,258.0
FA_SD50_R03_MA3_RT50,50.0,15.0,3,0.5,1252,2025-11-13 15:43:47.952001,2025-11-13 15:44:31.519000,968,0.73,16360521,16361488,LONG,0,1,101.0,97.0,25.25,-3.0,9.4875,28.0,14.375,36.400000000000006,1.0,9.0,SUCCESS,50.5,,68,15,,SUCCESS,9.9307,False,101.0
FA_SD50_R03_MA3_RT50,50.0,15.0,3,0.5,1253,2025-11-13 15:44:31.519000,2025-11-13 15:49:38.870000,5365,5.12,16361488,16366852,SHORT,0,1,100.0,96.0,25.0,-7.5,10.1125,47.1,14.625,36.400000000000006,1.0,9.125,SUCCESS,50.0,,69,15,,SUCCESS,64.02,False,100.0
FA_SD50_R03_MA3_RT50,50.0,15.0,3,0.5,1254,2025-11-13 15:49:38.870000,2025-11-13 15:54:30.062000,8419,4.85,16366852,16375270,LONG,3,4,-439.0,-455.0,31.125,-29.9167,9.4875,24.8,14.375,29.025000000000013,1.0,9.625,FAILURE,47.0,"5910,443",70,15,"-30.5,-60.0,-90.0",SUCCESS,45.99,True,
FA_SD50_R03_MA3_RT50,50.0,15.0,3,0.5,1255,2025-11-13 15:54:30.062000,2025-11-13 15:59:57.014003,18868,5.45,16375270,16394137,SHORT,3,4,-440.0,-456.0,19.0,-30.0,9.175,16.6,15.875,36.175000000000004,1.0,8.5,FAILURE,38.0,"1932,11061",71,15,"-30.0,-60.0,-90.0",FAILURE,76.53,True,
FA_SD50_R03_MA3_RT50,50.0,15.0,3,0.5,1256,2025-11-13 15:59:57.014003,2025-11-13 16:00:54.457003,6308,0.96,16394137,16400444,LONG,0,1,100.0,96.0,25.0,-9.25,4.1875,0.0,15.0,29.525000000000013,1.0,3.75,SUCCESS,50.0,,72,15,,FAILURE,35.4,False,100.0
FA_SD50_R03_MA3_RT50,50.0,15.0,3,0.5,1258,2025-11-14 09:32:16.468008,2025-11-14 09:32:37.687000,1977,0.35,16421323,16423299,SHORT,0,1,100.0,94.0,25.0,-0.75,8.6375,24.200000000000003,16.0,50.45000000000002,1.0,7.5,SUCCESS,50.0,,1,9,,SESSION_START,19.24,False,98.0
FA_SD50_R03_MA3_RT50,50.0,15.0,3,0.5,1259,2025-11-14 09:32:37.687000,2025-11-14 09:35:26.067004,10313,2.81,16423299,16433611,LONG,1,2,260.0,252.0,32.5,-15.0,8.5625,25.0,16.0,50.45000000000002,1.0,7.375,SUCCESS,50.0,,2,9,-30.0,SUCCESS,112.6,False,258.0
FA_SD50_R03_MA3_RT50,50.0,15.0,3,0.5,1260,2025-11-14 09:35:26.067004,2025-11-14 09:36:07.666000,3053,0.69,16433611,16436663,SHORT,3,4,-439.0,-455.0,4.75,-29.9167,10.5625,77.4,13.875,26.275000000000006,1.0,10.125,FAILURE,9.5,"487,1015",3,9,"-30.0,-60.5,-90.0",SUCCESS,17.79,True,
FA_SD50_R03_MA3_RT50,50.0,15.0,3,0.5,1261,2025-11-14 09:36:07.666000,2025-11-14 09:36:13.473000,535,0.1,16436663,16437197,LONG,0,1,100.0,96.0,25.0,-1.5,10.775,85.4,12.5,29.950000000000017,1.0,10.625,SUCCESS,50.0,,4,9,,FAILURE,6.24,False,100.0
FA_SD50_R03_MA3_RT50,50.0,15.0,3,0.5,1262,2025-11-14 09:36:13.473000,2025-11-14 09:38:26.182000,9332,2.21,16437197,16446528,SHORT,3,4,-440.0,-456.0,10.75,-30.0,11.1,92.60000000000001,12.5,29.950000000000017,1.0,11.25,FAILURE,1.5,"354,3582",5,9,"-30.0,-60.0,-90.0",SUCCESS,57.05,True,
FA_SD50_R03_MA3_RT50,50.0,15.0,3,0.5,1263,2025-11-14 09:38:26.182000,2025-11-14 09:41:23.351020,11847,2.95,16446528,16458374,LONG,1,2,260.0,252.0,32.5,-15.0,10.95,88.60000000000001,15.0,36.27500000000004,1.0,10.375,SUCCESS,50.0,,6,9,-30.0,FAILURE,136.16,False,258.0
FA_SD50_R03_MA3_RT50,50.0,15.0,3,0.5,1264,2025-11-14 09:41:23.351020,2025-11-14 09:42:21.693000,4312,0.97,16458374,16462685,SHORT,1,2,260.0,252.0,32.5,-15.0,10.9375,88.10000000000001,15.375,30.450000000000003,1.0,10.0,SUCCESS,50.0,,7,9,-30.0,SUCCESS,45.24,False,258.0
FA_SD50_R03_MA3_RT50,50.0,15.0,3,0.5,1265,2025-11-14 09:42:21.693000,2025-11-14 09:43:43.721000,3949,1.37,16462685,16466633,LONG,1,2,260.0,252.0,32.5,-15.0,8.9,34.800000000000004,13.875,25.72500000000001,1.0,8.75,SUCCESS,50.0,,8,9,-30.0,SUCCESS,48.4,False,258.0
FA_SD50_R03_MA3_RT50,50.0,15.0,3,0.5,1266,2025-11-14 09:43:43.721000,2025-11-14 09:46:37.862000,9875,2.9,16466633,16476507,SHORT,3,4,-443.0,-459.0,12.875,-29.9167,10.6125,81.0,15.375,32.3,1.0,9.875,FAILURE,10.5,"6041,2842",9,9,"-30.5,-60.0,-90.0",SUCCESS,52.8109,True,
FA_SD50_R03_MA3_RT50,50.0,15.0,3,0.5,1267,2025-11-14 09:46:37.862000,2025-11-14 09:48:15.560000,5552,1.63,16476507,16482058,LONG,0,1,100.0,96.0,25.0,-14.0,9.75,56.1,10.75,34.550000000000026,1.0,9.625,SUCCESS,50.0,,10,9,,FAILURE,54.54,False,100.0
FA_SD50_R03_MA3_RT50,50.0,15.0,3,0.5,1268,2025-11-14 09:48:15.560000,2025-11-14 09:50:37.612000,8934,2.37,16482058,16490991,SHORT,1,2,260.0,252.0,32.5,-15.0,8.55,27.400000000000002,10.5,19.75,1.0,8.375,SUCCESS,50.0,,11,9,-30.0,SUCCESS,89.08,False,258.0
FA_SD50_R03_MA3_RT50,50.0,15.0,3,0.5,1269,2025-11-14 09:50:37.612000,2025-11-14 09:51:50.428000,3975,1.21,16490991,16494965,LONG,1,2,262.0,254.0,32.75,-15.0,9.325,51.6,10.875,20.950000000000017,1.0,8.625,SUCCESS,50.5,,12,9,-30.0,SUCCESS,43.3564,False,260.0
FA_SD50_R03_MA3_RT50,50.0,15.0,3,0.5,1270,2025-11-14 09:51:50.428000,2025-11-14 09:54:16.551000,7932,2.44,16494965,16502896,SHORT,3,4,-440.0,-456.0,3.75,-30.0,11.05,90.9,11.75,31.775,1.0,10.625,FAILURE,7.5,"711,5554",13,9,"-30.0,-60.0,-90.0",SUCCESS,40.4,True,
FA_SD50_R03_MA3_RT50,50.0,15.0,3,0.5,1271,2025-11-14 09:54:16.551000,2025-11-14 10:05:01.861001,30443,10.76,16502896,16533338,LONG,3,4,-440.0,-456.0,36.25,-30.0,8.7375,36.0,11.625,32.2,1.0,8.125,FAILURE,42.5,"641,20722",14,9,"-30.0,-60.0,-90.0",FAILURE,167.29,True,
FA_SD50_R03_MA3_RT50,50.0,15.0,3,0.5,1272,2025-11-14 10:05:01.861001,2025-11-14 10:06:31.021000,4683,1.49,16533338,16538020,SHORT,3,4,-439.0,-455.0,7.75,-30.25,13.375,95.80000000000001,12.75,19.100000000000005,1.0,13.0,FAILURE,7.5,"1803,1761",15,10,"-30.0,-60.0,-90.5",FAILURE,28.43,True,
FA_SD50_R03_MA3_RT50,50.0,15.0,3,0.5,1273,2025-11-14 10:06:31.021000,2025-11-14 10:06:52.002006,1379,0.35,16538020,16539398,LONG,0,1,100.0,96.0,25.0,-1.0,10.9875,84.10000000000001,12.25,23.250000000000014,1.0,10.375,SUCCESS,50.0,,16,10,,FAILURE,13.5,False,100.0
FA_SD50_R03_MA3_RT50,50.0,15.0,3,0.5,1274,2025-11-14 10:06:52.002006,2025-11-14 10:07:12.111000,1488,0.34,16539398,16540885,SHORT,0,1,100.0,96.0,25.0,-10.0,11.0875,87.7,13.75,32.60000000000001,1.0,10.125,SUCCESS,50.0,,17,10,,SUCCESS,14.7,False,100.0
FA_SD50_R03_MA3_RT50,50.0,15.0,3,0.5,1275,2025-11-14 10:07:12.111000,2025-11-14 10:12:07.173006,12137,4.92,16540885,16553021,LONG,3,4,-440.0,-456.0,38.75,-30.0,10.9,81.30000000000001,13.75,32.60000000000001,1.0,9.75,FAILURE,47.5,"650,10341",18,10,"-30.0,-60.0,-90.0",SUCCESS,73.42,True,
FA_SD50_R03_MA3_RT50,50.0,15.0,3,0.5,1276,2025-11-14 10:12:07.173006,2025-11-14 10:12:32.672009,1518,0.42,16553021,16554538,SHORT,0,1,100.0,96.0,25.0,-5.5,12.1875,97.2,10.375,47.60000000000001,1.0,12.5,SUCCESS,50.0,,19,10,,FAILURE,18.08,False,100.0
FA_SD50_R03_MA3_RT50,50.0,15.0,3,0.5,1277,2025-11-14 10:12:32.672009,2025-11-14 10:15:06.100000,5328,2.56,16554538,16559865,LONG,0,1,100.0,96.0,25.0,-10.75,12.35,97.4,9.875,47.60000000000001,1.0,12.625,SUCCESS,50.0,,20,10,,SUCCESS,66.96,False,100.0
FA_SD50_R03_MA3_RT50,50.0,15.0,3,0.5,1278,2025-11-14 10:15:06.100000,2025-11-14 10:16:08.210000,3218,1.04,16559865,16563082,SHORT,3,4,-438.0,-454.0,0.0,-29.8333,10.15,45.400000000000006,10.625,39.77500000000001,1.0,10.0,FAILURE,0.0,"1116,1461",21,10,"-30.0,-61.0,-90.0",SUCCESS,19.76,True,
FA_SD50_R03_MA3_RT50,50.0,15.0,3,0.5,1279,2025-11-14 10:16:08.210000,2025-11-14 10:16:44.563005,1473,0.61,16563082,16564554,LONG,0,1,100.0,96.0,25.0,-1.0,10.8,68.3,10.125,47.60000000000001,1.0,9.75,SUCCESS,50.0,,22,10,,FAILURE,18.6,False,100.0
FA_SD50_R03_MA3_RT50,50.0,15.0,3,0.5,1280,2025-11-14 10:16:44.563005,2025-11-14 10:18:19.323000,3969,1.58,16564554,16568522,SHORT,0,1,101.0,97.0,25.25,-13.0,10.9875,78.5,10.125,40.62500000000002,1.0,9.5,SUCCESS,50.5,,23,10,,SUCCESS,43.5149,False,101.0
FA_SD50_R03_MA3_RT50,50.0,15.0,3,0.5,1281,2025-11-14 10:18:19.323000,2025-11-14 10:27:04.654000,16402,8.76,16568522,16584923,LONG,3,4,760.0,744.0,47.5,-30.0,10.5625,59.1,11.5,27.02500000000002,1.0,9.375,SUCCESS,50.0,"3586,7824",24,10,"-30.0,-60.0,-90.0",SUCCESS,211.0,True,754.0
FA_SD50_R03_MA3_RT50,50.0,15.0,3,0.5,1282,2025-11-14 10:27:04.654000,2025-11-14 10:28:54.286000,5554,1.83,16584923,16590476,SHORT,3,4,-440.0,-456.0,5.0,-30.0,12.325,86.2,18.375,32.00000000000001,1.0,12.0,FAILURE,4.0,"1688,945",25,10,"-30.0,-60.0,-90.0",SUCCESS,30.19,True,
FA_SD50_R03_MA3_RT50,50.0,15.0,3,0.5,1283,2025-11-14 10:28:54.286000,2025-11-14 10:38:10.263000,21228,9.27,16590476,16611703,LONG,3,4,761.0,745.0,47.5625,-30.25,9.2375,16.6,17.875,40.07500000000002,1.0,8.5,SUCCESS,50.0,"5795,728",26,10,"-30.0,-60.0,-90.5",FAILURE,228.2,True,755.0
FA_SD50_R03_MA3_RT50,50.0,15.0,3,0.5,1284,2025-11-14 10:38:10.263000,2025-11-14 10:44:28.591000,14361,6.31,16611703,16626063,SHORT,3,4,-440.0,-456.0,13.0,-30.0,8.5625,3.2,18.25,29.675000000000004,1.0,8.125,FAILURE,11.0,"3172,9311",27,10,"-30.0,-60.0,-90.0",SUCCESS,63.87,True,
FA_SD50_R03_MA3_RT50,50.0,15.0,3,0.5,1285,2025-11-14 10:44:28.591000,2025-11-14 10:45:52.696026,3543,1.4,16626063,16629605,LONG,0,1,100.0,96.0,25.0,-14.75,8.95,18.400000000000002,14.75,31.475,1.0,9.0,SUCCESS,50.0,,28,10,,FAILURE,28.06,False,100.0
FA_SD50_R03_MA3_RT50,50.0,15.0,3,0.5,1286,2025-11-14 10:45:52.696026,2025-11-14 10:48:10.694010,6993,2.3,16629605,16636597,SHORT,3,4,-440.0,-456.0,3.25,-30.0,7.4,5.0,14.75,31.475,1.0,7.375,FAILURE,5.5,"1735,3492",29,10,"-30.0,-60.0,-90.0",SUCCESS,26.79,True,
FA_SD50_R03_MA3_RT50,50.0,15.0,3,0.5,1287,2025-11-14 10:48:10.694010,2025-11-14 10:53:42.781000,11199,5.53,16636597,16647795,LONG,3,4,-452.0,-468.0,10.5,-30.0,6.7,4.0,12.25,20.70000000000001,1.0,6.125,FAILURE,10.5,"1677,7904",30,10,"-30.0,-60.0,-90.0",FAILURE,51.0985,True,
FA_SD50_R03_MA3_RT50,50.0,15.0,3,0.5,1288,2025-11-14 10:53:42.781000,2025-11-14 10:56:48.671000,5468,3.1,16647795,16653262,SHORT,1,2,260.0,252.0,32.5,-19.75,9.075,32.6,10.375,27.025,1.0,9.0,SUCCESS,50.0,,31,10,-30.0,FAILURE,54.14,False,258.0
FA_SD50_R03_MA3_RT50,50.0,15.0,3,0.5,1289,2025-11-14 10:56:48.671000,2025-11-14 10:57:08.731002,753,0.33,16653262,16654014,LONG,0,1,100.0,96.0,25.0,0.0,9.025,32.6,11.0,27.025,1.0,9.0,SUCCESS,50.0,,32,10,,SUCCESS,6.48,False,100.0
FA_SD50_R03_MA3_RT50,50.0,15.0,3,0.5,1290,2025-11-14 10:57:08.731002,2025-11-14 11:04:29.659000,11948,7.35,16654014,16665961,SHORT,2,3,480.0,468.0,40.0,-23.25,8.925,30.3,11.0,27.025,1.0,9.0,SUCCESS,50.0,2838,33,10,"-30.0,-60.0",SUCCESS,121.92,False,476.0
FA_SD50_R03_MA3_RT50,50.0,15.0,3,0.5,1291,2025-11-14 11:04:29.659000,2025-11-14 11:10:44.538000,9108,6.25,16665961,16675068,LONG,1,2,262.0,254.0,32.75,-21.5,9.7875,52.6,12.0,37.10000000000001,1.0,9.0,SUCCESS,50.5,,34,11,-30.0,SUCCESS,90.7822,False,260.0
FA_SD50_R03_MA3_RT50,50.0,15.0,3,0.5,1292,2025-11-14 11:10:44.538000,2025-11-14 11:19:49.198001,11170,9.08,16675068,16686237,SHORT,3,4,-440.0,-456.0,16.0,-30.0,9.2125,47.2,24.0,41.825,1.0,8.375,FAILURE,32.0,"4479,3324",35,11,"-30.0,-60.0,-90.0",SUCCESS,54.2,True,
FA_SD50_R03_MA3_RT50,50.0,15.0,3,0.5,1293,2025-11-14 11:19:49.198001,2025-11-14 11:23:03.820018,5260,3.24,16686237,16691496,LONG,1,2,261.0,253.0,32.625,-15.25,7.625,16.8,19.125,35.625,1.0,7.0,SUCCESS,50.0,,36,11,-30.5,FAILURE,44.66,False,259.0
FA_SD50_R03_MA3_RT50,50.0,15.0,3,0.5,1294,2025-11-14 11:23:03.820018,2025-11-14 11:27:03.159000,7083,3.99,16691496,16698578,SHORT,3,4,-440.0,-456.0,1.0,-30.0,8.85,41.6,21.125,36.025000000000006,1.0,9.25,FAILURE,2.0,"2681,3002",37,11,"-30.0,-60.0,-90.0",SUCCESS,26.93,True,
FA_SD50_R03_MA3_RT50,50.0,15.0,3,0.5,1295,2025-11-14 11:27:03.159000,2025-11-14 11:45:07.736000,24004,18.08,16698578,16722581,LONG,3,4,-439.0,-455.0,33.25,-30.25,5.5375,0.0,19.125,32.12500000000001,1.0,5.0,FAILURE,40.0,"1915,15332",38,11,"-30.0,-60.0,-90.5",FAILURE,111.17,True,
FA_SD50_R03_MA3_RT50,50.0,15.0,3,0.5,1296,2025-11-14 11:45:07.736000,2025-11-14 11:54:38.026000,11174,9.5,16722581,16733754,SHORT,3,4,-440.0,-456.0,22.0,-30.0,8.325,41.2,13.25,31.87500000000003,1.0,8.875,FAILURE,44.0,"1230,2198",39,11,"-30.0,-60.0,-90.0",FAILURE,55.2,True,
FA_SD50_R03_MA3_RT50,50.0,15.0,3,0.5,1297,2025-11-14 11:54:38.026000,2025-11-14 12:10:03.429040,15768,15.42,16733754,16749521,LONG,1,2,260.0,252.0,32.5,-19.0,9.1375,73.4,12.875,42.45000000000001,1.0,9.25,SUCCESS,50.0,,40,11,-30.0,FAILURE,156.8,False,258.0
FA_SD50_R03_MA3_RT50,50.0,15.0,3,0.5,1298,2025-11-14 12:10:03.429040,2025-11-14 12:26:07.007004,16392,16.06,16749521,16765912,SHORT,1,2,260.0,252.0,32.5,-15.0,8.9,55.2,14.125,26.05,1.0,9.0,SUCCESS,50.0,,41,12,-30.0,SUCCESS,147.62,False,258.0
FA_SD50_R03_MA3_RT50,50.0,15.0,3,0.5,1299,2025-11-14 12:26:07.007004,2025-11-14 12:38:16.511000,12598,12.16,16765912,16778509,LONG,1,2,260.0,252.0,32.5,-16.5,9.3625,81.4,11.75,26.900000000000013,1.0,9.625,SUCCESS,50.0,,42,12,-30.0,SUCCESS,122.98,False,258.0
FA_SD50_R03_MA3_RT50,50.0,15.0,3,0.5,1300,2025-11-14 12:38:16.511000,2025-11-14 12:41:48.229011,4088,3.53,16778509,16782596,SHORT,0,1,100.0,96.0,25.0,-11.25,9.3125,77.9,10.0,21.175000000000004,1.0,9.25,SUCCESS,50.0,,43,12,,SUCCESS,33.88,False,100.0
FA_SD50_R03_MA3_RT50,50.0,15.0,3,0.5,1301,2025-11-14 12:41:48.229011,2025-11-14 12:50:20.603000,9929,8.54,16782596,16792524,LONG,3,4,-440.0,-456.0,16.25,-30.0,8.2875,31.900000000000002,10.875,25.400000000000006,1.0,7.25,FAILURE,32.5,"1515,1857",44,12,"-30.0,-60.0,-90.0",SUCCESS,44.83,True,
FA_SD50_R03_MA3_RT50,50.0,15.0,3,0.5,1302,2025-11-14 12:50:20.603000,2025-11-14 12:51:36.820100,2934,1.27,16792524,16795457,SHORT,0,1,100.0,96.0,25.0,-9.25,7.9,20.5,13.375,29.025,1.0,7.75,SUCCESS,50.0,,45,12,,FAILURE,22.8,False,100.0
FA_SD50_R03_MA3_RT50,50.0,15.0,3,0.5,1303,2025-11-14 12:51:36.820100,2025-11-14 12:52:42.029000,2688,1.09,16795457,16798144,LONG,0,1,100.0,96.0,25.0,-13.0,7.625,16.8,10.125,29.025,1.0,7.125,SUCCESS,50.0,,46,12,,SUCCESS,22.6,False,100.0
FA_SD50_R03_MA3_RT50,50.0,15.0,3,0.5,1304,2025-11-14 12:52:42.029000,2025-11-14 13:01:37.428000,11777,8.92,16798144,16809920,SHORT,1,2,260.0,252.0,32.5,-15.0,8.1375,32.2,11.25,29.025,1.0,7.625,SUCCESS,50.0,,47,12,-30.0,SUCCESS,108.8,False,258.0
FA_SD50_R03_MA3_RT50,50.0,15.0,3,0.5,1305,2025-11-14 13:01:37.428000,2025-11-14 13:05:51.222000,8008,4.23,16809920,16817927,LONG,3,4,-443.0,-459.0,8.75,-30.25,8.6375,46.7,12.375,29.35,1.0,7.875,FAILURE,17.5,"1832,3744",48,13,"-30.0,-60.0,-90.5",SUCCESS,34.8109,True,
FA_SD50_R03_MA3_RT50,50.0,15.0,3,0.5,1306,2025-11-14 13:05:51.222000,2025-11-14 13:10:07.397000,7069,4.27,16817927,16824995,SHORT,3,4,-443.0,-459.0,1.75,-29.9167,8.35,36.1,12.75,32.22500000000003,1.0,8.375,FAILURE,3.5,"1555,4388",49,13,"-30.5,-60.0,-90.0",FAILURE,31.8259,True,
FA_SD50_R03_MA3_RT50,50.0,15.0,3,0.5,1307,2025-11-14 13:10:07.397000,2025-11-14 13:12:19.687023,3653,2.2,16824995,16828647,LONG,1,2,260.0,252.0,32.5,-15.0,8.825,55.300000000000004,13.75,30.575000000000003,1.0,8.5,SUCCESS,50.0,,50,13,-30.0,FAILURE,32.3,False,258.0
FA_SD50_R03_MA3_RT50,50.0,15.0,3,0.5,1308,2025-11-14 13:12:19.687023,2025-11-14 13:17:47.177001,7230,5.46,16828647,16835876,SHORT,1,2,260.0,252.0,32.5,-18.5,9.4,89.5,16.625,34.42500000000001,1.0,8.75,SUCCESS,50.0,,51,13,-30.0,SUCCESS,69.3,False,258.0
FA_SD50_R03_MA3_RT50,50.0,15.0,3,0.5,1309,2025-11-14 13:17:47.177001,2025-11-14 13:23:36.590008,6587,5.82,16835876,16842462,LONG,3,4,-439.0,-455.0,4.625,-29.9167,10.35,100.0,12.5,25.22500000000001,1.0,10.0,FAILURE,8.0,"3198,1181",52,13,"-30.5,-60.0,-90.0",SUCCESS,32.65,True,
FA_SD50_R03_MA3_RT50,50.0,15.0,3,0.5,1310,2025-11-14 13:23:36.590008,2025-11-14 13:30:10.296000,5774,6.56,16842462,16848235,SHORT,3,4,-444.0,-460.0,7.25,-30.0,8.7125,40.900000000000006,12.125,22.925000000000004,1.0,8.375,FAILURE,1.5,"1102,3950",53,13,"-30.0,-60.0,-90.0",FAILURE,31.8358,True,
FA_SD50_R03_MA3_RT50,50.0,15.0,3,0.5,1311,2025-11-14 13:30:10.296000,2025-11-14 13:38:04.527001,7739,7.9,16848235,16855973,LONG,3,4,-438.0,-454.0,23.375,-29.8333,11.3125,100.0,15.0,21.575000000000003,1.0,11.25,FAILURE,32.5,"4971,1306",54,13,"-30.5,-60.5,-90.0",FAILURE,40.73,True,
FA_SD50_R03_MA3_RT50,50.0,15.0,3,0.5,1312,2025-11-14 13:38:04.527001,2025-11-14 13:42:13.597014,4811,4.15,16855973,16860783,SHORT,0,1,100.0,96.0,25.0,-2.75,10.7625,94.4,16.0,31.07500000000001,1.0,9.75,SUCCESS,50.0,,55,13,,FAILURE,48.7,False,100.0
FA_SD50_R03_MA3_RT50,50.0,15.0,3,0.5,1313,2025-11-14 13:42:13.597014,2025-11-14 13:50:09.294001,8327,7.93,16860783,16869109,LONG,0,1,100.0,96.0,25.0,-10.25,8.9375,52.800000000000004,11.75,36.80000000000001,1.0,9.125,SUCCESS,50.0,,56,13,,SUCCESS,85.42,False,100.0
FA_SD50_R03_MA3_RT50,50.0,15.0,3,0.5,1314,2025-11-14 13:50:09.294001,2025-11-14 13:53:18.950000,4481,3.16,16869109,16873589,SHORT,3,4,-444.0,-460.0,7.5,-30.0,9.1125,54.2,12.75,19.975,1.0,9.0,FAILURE,15.0,"749,1634",57,13,"-30.0,-60.0,-90.0",SUCCESS,20.2836,True,
FA_SD50_R03_MA3_RT50,50.0,15.0,3,0.5,1315,2025-11-14 13:53:18.950000,2025-11-14 14:22:44.862021,24813,29.43,16873589,16898401,LONG,3,4,761.0,745.0,47.5625,-29.9167,8.375,22.400000000000002,12.375,23.50000000000002,1.0,7.75,SUCCESS,50.0,"6798,2848",58,13,"-30.5,-60.0,-90.0",FAILURE,270.1,True,755.0
FA_SD50_R03_MA3_RT50,50.0,15.0,3,0.5,1316,2025-11-14 14:22:44.862021,2025-11-14 15:02:20.315000,29413,39.59,16898401,16927813,SHORT,3,4,-440.0,-456.0,24.25,-30.0,9.9875,74.10000000000001,19.125,33.575,1.0,10.0,FAILURE,33.5,"15797,12126",59,14,"-30.0,-60.0,-90.0",SUCCESS,151.52,True,
FA_SD50_R03_MA3_RT50,50.0,15.0,3,0.5,1317,2025-11-14 15:02:20.315000,2025-11-14 15:08:34.878000,4792,6.24,16927813,16932604,LONG,3,4,-440.0,-456.0,2.5,-30.0,8.125,3.8000000000000003,13.0,24.925000000000004,1.0,7.625,FAILURE,5.0,"2079,1353",60,15,"-30.0,-60.0,-90.0",FAILURE,23.15,True,
FA_SD50_R03_MA3_RT50,50.0,15.0,3,0.5,1318,2025-11-14 15:08:34.878000,2025-11-14 15:16:13.400000,5820,7.64,16932604,16938423,SHORT,1,2,260.0,252.0,32.5,-15.0,8.325,9.200000000000001,13.625,24.925000000000004,1.0,8.375,SUCCESS,50.0,,61,15,-30.0,FAILURE,54.48,False,258.0
FA_SD50_R03_MA3_RT50,50.0,15.0,3,0.5,1319,2025-11-14 15:16:13.400000,2025-11-14 15:22:18.255001,5920,6.08,16938423,16944342,LONG,3,4,-440.0,-456.0,13.25,-30.0,9.1125,39.400000000000006,15.625,26.05,1.0,8.375,FAILURE,26.5,"2750,1086",62,15,"-30.0,-60.0,-90.0",SUCCESS,27.37,True,
FA_SD50_R03_MA3_RT50,50.0,15.0,3,0.5,1320,2025-11-14 15:22:18.255001,2025-11-14 15:48:38.506003,23707,26.34,16944342,16968048,SHORT,2,3,481.0,469.0,40.0833,-24.6667,7.875,1.4000000000000001,14.0,28.500000000000007,1.0,7.625,SUCCESS,50.0,8726,63,15,"-30.5,-60.0",FAILURE,215.24,False,477.0
FA_SD50_R03_MA3_RT50,50.0,15.0,3,0.5,1321,2025-11-14 15:48:38.506003,2025-11-14 16:09:08.184000,35039,20.49,16968048,17003086,LONG,1,2,262.0,254.0,32.75,-20.0,8.625,26.400000000000002,8.625,23.150000000000002,1.0,8.25,SUCCESS,50.5,,64,15,-30.0,SUCCESS,252.0099,False,260.0
FA_SD50_R03_MA3_RT50,50.0,15.0,3,0.5,1323,2025-11-17 09:32:11.099088,2025-11-17 09:33:03.130004,3516,0.87,17017624,17021139,LONG,0,1,100.0,94.0,25.0,-4.5,9.825,82.4,15.0,31.675000000000004,1.0,10.0,SUCCESS,50.0,,1,9,,SESSION_START,39.46,False,98.0
FA_SD50_R03_MA3_RT50,50.0,15.0,3,0.5,1324,2025-11-17 09:33:03.130004,2025-11-17 09:36:17.430000,10540,3.24,17021139,17031678,SHORT,3,4,-443.0,-459.0,15.25,-30.25,10.725,92.0,12.25,38.02500000000007,1.0,10.875,FAILURE,30.5,"2079,3496",2,9,"-30.0,-60.0,-90.5",SUCCESS,52.5522,True,
FA_SD50_R03_MA3_RT50,50.0,15.0,3,0.5,1325,2025-11-17 09:36:17.430000,2025-11-17 09:37:19.460000,2883,1.03,17031678,17034560,LONG,0,1,100.0,96.0,25.0,-14.5,8.8,61.1,14.375,33.3,1.0,8.25,SUCCESS,50.0,,3,9,,FAILURE,29.48,False,100.0
FA_SD50_R03_MA3_RT50,50.0,15.0,3,0.5,1326,2025-11-17 09:37:19.460000,2025-11-17 09:43:37.440001,16005,6.3,17034560,17050564,SHORT,3,4,-439.0,-455.0,21.0,-30.25,8.675,56.7,14.375,27.67500000000001,1.0,8.25,FAILURE,13.0,"7489,7227",4,9,"-30.0,-60.0,-90.5",SUCCESS,79.89,True,
FA_SD50_R03_MA3_RT50,50.0,15.0,3,0.5,1327,2025-11-17 09:43:37.440001,2025-11-17 09:44:45.630060,2846,1.14,17050564,17053409,LONG,3,4,-440.0,-456.0,1.75,-30.0,9.4875,86.0,13.375,30.075000000000017,1.0,8.875,FAILURE,3.5,"326,1359",5,9,"-30.0,-60.0,-90.0",FAILURE,13.53,True,
FA_SD50_R03_MA3_RT50,50.0,15.0,3,0.5,1328,2025-11-17 09:44:45.630060,2025-11-17 09:46:19.278000,3367,1.56,17053409,17056775,SHORT,3,4,-440.0,-456.0,0.5,-30.0,8.9,68.10000000000001,13.375,30.075000000000017,1.0,9.0,FAILURE,1.0,"450,1802",6,9,"-30.0,-60.0,-90.0",FAILURE,18.36,True,
FA_SD50_R03_MA3_RT50,50.0,15.0,3,0.5,1329,2025-11-17 09:46:19.278000,2025-11-17 09:49:11.754022,5899,2.87,17056775,17062673,LONG,0,1,100.0,96.0,25.0,-13.5,10.2875,94.4,10.875,30.525000000000013,1.0,9.875,SUCCESS,50.0,,7,9,,FAILURE,57.54,False,100.0
FA_SD50_R03_MA3_RT50,50.0,15.0,3,0.5,1330,2025-11-17 09:49:11.754022,2025-11-17 09:57:48.143000,15467,8.61,17062673,17078139,SHORT,2,3,480.0,468.0,40.0,-22.5,8.3875,41.300000000000004,9.75,30.525000000000013,1.0,8.125,SUCCESS,50.0,3252,8,9,"-30.0,-60.0",SUCCESS,151.0,False,476.0
FA_SD50_R03_MA3_RT50,50.0,15.0,3,0.5,1331,2025-11-17 09:57:48.143000,2025-11-17 10:03:32.284009,10534,5.74,17078139,17088672,LONG,3,4,-440.0,-456.0,22.0,-30.0,10.325,93.2,14.875,27.775000000000013,1.0,9.875,FAILURE,44.0,"3034,660",9,9,"-30.0,-60.0,-90.0",SUCCESS,60.21,True,
FA_SD50_R03_MA3_RT50,50.0,15.0,3,0.5,1332,2025-11-17 10:03:32.284009,2025-11-17 10:04:31.270000,2624,0.98,17088672,17091295,SHORT,0,1,100.0,96.0,25.0,-3.5,10.05,84.80000000000001,17.75,35.10000000000001,1.0,9.625,SUCCESS,50.0,,10,10,,FAILURE,25.54,False,100.0
FA_SD50_R03_MA3_RT50,50.0,15.0,3,0.5,1333,2025-11-17 10:04:31.270000,2025-11-17 10:05:33.452026,3025,1.04,17091295,17094319,LONG,1,2,260.0,252.0,32.5,-15.0,9.4875,71.0,17.75,35.10000000000001,1.0,9.375,SUCCESS,50.0,,11,10,-30.0,SUCCESS,30.48,False,258.0
FA_SD50_R03_MA3_RT50,50.0,15.0,3,0.5,1334,2025-11-17 10:05:33.452026,2025-11-17 10:07:13.774000,3396,1.67,17094319,17097714,SHORT,0,1,100.0,96.0,25.0,-11.0,10.1,85.2,17.125,35.150000000000006,1.0,10.0,SUCCESS,50.0,,12,10,,SUCCESS,37.82,False,100.0
FA_SD50_R03_MA3_RT50,50.0,15.0,3,0.5,1335,2025-11-17 10:07:13.774000,2025-11-17 10:08:41.235050,3724,1.46,17097714,17101437,LONG,3,4,-440.0,-456.0,10.0,-30.0,11.1,95.4,15.5,29.525000000000013,1.0,11.375,FAILURE,20.0,"1921,769",13,10,"-30.0,-60.0,-90.0",SUCCESS,19.88,True,
FA_SD50_R03_MA3_RT50,50.0,15.0,3,0.5,1336,2025-11-17 10:08:41.235050,2025-11-17 10:11:20.296000,6565,2.65,17101437,17108001,SHORT,3,4,-440.0,-456.0,12.25,-30.0,10.6125,90.2,14.0,39.30000000000001,1.0,9.125,FAILURE,24.5,"1657,874",14,10,"-30.0,-60.0,-90.0",FAILURE,36.29,True,
FA_SD50_R03_MA3_RT50,50.0,15.0,3,0.5,1337,2025-11-17 10:11:20.296000,2025-11-17 10:19:25.118002,12877,8.08,17108001,17120877,LONG,3,4,-440.0,-456.0,22.0,-30.0,9.5875,65.10000000000001,11.375,26.700000000000014,1.0,9.5,FAILURE,44.0,"963,2180",15,10,"-30.0,-60.0,-90.0",FAILURE,75.02,True,
FA_SD50_R03_MA3_RT50,50.0,15.0,3,0.5,1338,2025-11-17 10:19:25.118002,2025-11-17 10:24:18.124003,9206,4.88,17120877,17130082,SHORT,3,4,-440.0,-456.0,19.25,-30.0,11.8,94.2,18.25,29.200000000000006,1.0,10.875,FAILURE,38.5,"3230,1727",16,10,"-30.0,-60.0,-90.0",FAILURE,51.06,True,
FA_SD50_R03_MA3_RT50,50.0,15.0,3,0.5,1339,2025-11-17 10:24:18.124003,2025-11-17 10:25:38.956003,2443,1.35,17130082,17132524,LONG,3,4,-439.0,-455.0,4.75,-29.9167,10.1625,67.60000000000001,20.0,33.35,1.0,10.125,FAILURE,9.5,"426,1290",17,10,"-30.5,-60.0,-90.0",FAILURE,13.09,True,
FA_SD50_R03_MA3_RT50,50.0,15.0,3,0.5,1340,2025-11-17 10:25:38.956003,2025-11-17 10:28:09.773000,3670,2.51,17132524,17136193,SHORT,3,4,-440.0,-456.0,3.0,-30.0,10.3375,73.0,18.0,33.575,1.0,10.0,FAILURE,6.0,"930,1673",18,10,"-30.0,-60.0,-90.0",FAILURE,21.31,True,
FA_SD50_R03_MA3_RT50,50.0,15.0,3,0.5,1341,2025-11-17 10:28:09.773000,2025-11-17 10:29:04.769000,1601,0.92,17136193,17137793,LONG,0,1,100.0,96.0,25.0,-5.5,11.1375,89.0,13.625,32.825,1.0,10.625,SUCCESS,50.0,,19,10,,FAILURE,16.14,False,100.0
FA_SD50_R03_MA3_RT50,50.0,15.0,3,0.5,1342,2025-11-17 10:29:04.769000,2025-11-17 10:32:09.634004,5015,3.08,17137793,17142807,SHORT,0,1,100.0,96.0,25.0,-10.0,10.6375,78.4,15.125,33.95,1.0,9.625,SUCCESS,50.0,,20,10,,SUCCESS,54.68,False,100.0
FA_SD50_R03_MA3_RT50,50.0,15.0,3,0.5,1343,2025-11-17 10:32:09.634004,2025-11-17 10:33:06.524009,2300,0.95,17142807,17145106,LONG,3,4,-440.0,-456.0,5.0,-30.0,10.225,68.0,13.5,32.825,1.0,9.625,FAILURE,10.0,"743,913",21,10,"-30.0,-60.0,-90.0",SUCCESS,10.95,True,
FA_SD50_R03_MA3_RT50,50.0,15.0,3,0.5,1344,2025-11-17 10:33:06.524009,2025-11-17 10:44:25.174004,15965,11.31,17145106,17161070,SHORT,3,4,-440.0,-456.0,27.0,-30.0,10.5375,75.0,13.5,32.825,1.0,10.375,FAILURE,29.5,"3643,8634",22,10,"-30.0,-60.0,-90.0",FAILURE,92.89,True,
FA_SD50_R03_MA3_RT50,50.0,15.0,3,0.5,1345,2025-11-17 10:44:25.174004,2025-11-17 10:48:24.667000,5551,3.99,17161070,17166620,LONG,0,1,100.0,96.0,25.0,-14.25,11.5,93.60000000000001,12.25,33.925000000000004,1.0,11.75,SUCCESS,50.0,,23,10,,FAILURE,57.18,False,100.0
FA_SD50_R03_MA3_RT50,50.0,15.0,3,0.5,1346,2025-11-17 10:48:24.667000,2025-11-17 10:49:20.657000,1276,0.93,17166620,17167895,SHORT,0,1,100.0,96.0,25.0,-2.5,11.5125,93.60000000000001,11.875,23.725,1.0,10.75,SUCCESS,50.0,,24,10,,SUCCESS,13.26,False,100.0
FA_SD50_R03_MA3_RT50,50.0,15.0,3,0.5,1347,2025-11-17 10:49:20.657000,2025-11-17 10:57:18.817001,9895,7.97,17167895,17177789,LONG,3,4,-440.0,-456.0,21.25,-30.0,11.2625,88.2,12.625,25.85,1.0,10.75,FAILURE,9.5,"588,3334",25,10,"-30.0,-60.0,-90.0",SUCCESS,58.95,True,
FA_SD50_R03_MA3_RT50,50.0,15.0,3,0.5,1348,2025-11-17 10:57:18.817001,2025-11-17 11:01:32.838017,5882,4.23,17177789,17183670,SHORT,1,2,260.0,252.0,32.5,-16.75,12.7875,99.4,15.0,32.275,1.0,11.625,SUCCESS,50.0,,26,10,-30.0,FAILURE,63.96,False,258.0
FA_SD50_R03_MA3_RT50,50.0,15.0,3,0.5,1349,2025-11-17 11:01:32.838017,2025-11-17 11:08:03.530007,9355,6.51,17183670,17193024,LONG,3,4,-440.0,-456.0,19.25,-30.0,10.0375,33.800000000000004,19.75,40.00000000000001,1.0,9.875,FAILURE,23.5,"5244,2172",27,11,"-30.0,-60.0,-90.0",SUCCESS,48.63,True,
FA_SD50_R03_MA3_RT50,50.0,15.0,3,0.5,1350,2025-11-17 11:08:03.530007,2025-11-17 11:15:02.874000,10001,6.99,17193024,17203024,SHORT,1,2,261.0,253.0,32.625,-19.625,9.425,13.0,13.875,30.050000000000015,1.0,9.625,SUCCESS,50.0,,28,11,-30.5,FAILURE,98.48,False,259.0
FA_SD50_R03_MA3_RT50,50.0,15.0,3,0.5,1351,2025-11-17 11:15:02.874000,2025-11-17 11:26:03.441002,15964,11.01,17203024,17218987,LONG,1,2,260.0,252.0,32.5,-20.5,8.7625,6.0,10.25,24.675000000000004,1.0,8.0,SUCCESS,50.0,,29,11,-30.0,SUCCESS,156.48,False,258.0
FA_SD50_R03_MA3_RT50,50.0,15.0,3,0.5,1352,2025-11-17 11:26:03.441002,2025-11-17 11:28:26.154000,4099,2.38,17218987,17223085,SHORT,3,4,-440.0,-456.0,12.0,-30.0,9.75,29.8,13.75,28.92500000000001,1.0,9.625,FAILURE,24.0,"1689,766",30,11,"-30.0,-60.0,-90.0",SUCCESS,20.23,True,
FA_SD50_R03_MA3_RT50,50.0,15.0,3,0.5,1353,2025-11-17 11:28:26.154000,2025-11-17 11:30:01.261000,2496,1.59,17223085,17225580,LONG,0,1,100.0,96.0,25.0,-1.0,9.65,28.5,13.75,37.525000000000006,1.0,9.625,SUCCESS,50.0,,31,11,,FAILURE,25.98,False,100.0
FA_SD50_R03_MA3_RT50,50.0,15.0,3,0.5,1354,2025-11-17 11:30:01.261000,2025-11-17 11:37:49.655000,11065,7.81,17225580,17236644,SHORT,3,4,-440.0,-456.0,9.5,-30.0,8.5625,10.5,16.5,37.525000000000006,1.0,8.25,FAILURE,16.5,"2101,6344",32,11,"-30.0,-60.0,-90.0",SUCCESS,58.83,True,
FA_SD50_R03_MA3_RT50,50.0,15.0,3,0.5,1355,2025-11-17 11:37:49.655000,2025-11-17 11:41:17.481001,3983,3.46,17236644,17240626,LONG,1,2,260.0,252.0,32.5,-15.0,9.3375,29.8,12.25,37.525000000000006,1.0,9.375,SUCCESS,50.0,,33,11,-30.0,FAILURE,38.92,False,258.0
FA_SD50_R03_MA3_RT50,50.0,15.0,3,0.5,1356,2025-11-17 11:41:17.481001,2025-11-17 11:58:42.016000,20218,17.41,17240626,17260843,SHORT,3,4,-440.0,-456.0,17.0,-30.0,9.1625,27.8,9.75,36.85000000000001,1.0,9.5,FAILURE,34.0,"1435,7952",34,11,"-30.0,-60.0,-90.0",SUCCESS,88.26,True,
FA_SD50_R03_MA3_RT50,50.0,15.0,3,0.5,1357,2025-11-17 11:58:42.016000,2025-11-17 12:15:45.226017,14834,17.05,17260843,17275676,LONG,3,4,-440.0,-456.0,3.5,-30.0,7.625,4.0,11.75,22.275000000000006,1.0,6.5,FAILURE,6.0,"3415,6607",35,11,"-30.0,-60.0,-90.0",FAILURE,68.37,True,
FA_SD50_R03_MA3_RT50,50.0,15.0,3,0.5,1358,2025-11-17 12:15:45.226017,2025-11-17 12:38:00.408003,18852,22.25,17275676,17294527,SHORT,1,2,261.0,253.0,32.625,-15.25,9.0125,41.800000000000004,17.375,22.925000000000004,1.0,8.5,SUCCESS,50.0,,36,12,-30.5,FAILURE,186.44,False,259.0
FA_SD50_R03_MA3_RT50,50.0,15.0,3,0.5,1359,2025-11-17 12:38:00.408003,2025-11-17 12:45:00.950001,8407,7.01,17294527,17302933,LONG,3,4,-440.0,-456.0,3.25,-30.0,9.275,50.300000000000004,18.0,27.075000000000003,1.0,8.75,FAILURE,3.0,"1205,1521",37,12,"-30.0,-60.0,-90.0",SUCCESS,36.48,True,
FA_SD50_R03_MA3_RT50,50.0,15.0,3,0.5,1360,2025-11-17 12:45:00.950001,2025-11-17 12:45:26.994000,1697,0.43,17302933,17304629,SHORT,0,1,100.0,96.0,25.0,-0.5,8.2125,20.1,13.375,29.225000000000023,1.0,8.125,SUCCESS,50.0,,38,12,,FAILURE,13.04,False,100.0
FA_SD50_R03_MA3_RT50,50.0,15.0,3,0.5,1361,2025-11-17 12:45:26.994000,2025-11-17 12:49:42.056000,5561,4.25,17304629,17310189,LONG,0,1,100.0,96.0,25.0,-9.75,8.0375,16.6,13.375,29.225000000000023,1.0,8.125,SUCCESS,50.0,,39,12,,SUCCESS,55.88,False,100.0
FA_SD50_R03_MA3_RT50,50.0,15.0,3,0.5,1362,2025-11-17 12:49:42.056000,2025-11-17 12:50:31.995078,1291,0.83,17310189,17311479,SHORT,0,1,100.0,96.0,25.0,-5.5,8.425,33.1,12.125,43.22500000000001,1.0,8.375,SUCCESS,50.0,,40,12,,SUCCESS,11.04,False,100.0
FA_SD50_R03_MA3_RT50,50.0,15.0,3,0.5,1363,2025-11-17 12:50:31.995078,2025-11-17 12:59:56.110004,9830,9.4,17311479,17321308,LONG,3,4,-440.0,-456.0,13.75,-30.0,9.225,61.2,10.75,43.22500000000001,1.0,8.625,FAILURE,27.5,"3317,4573",41,12,"-30.0,-60.0,-90.0",SUCCESS,49.59,True,
FA_SD50_R03_MA3_RT50,50.0,15.0,3,0.5,1364,2025-11-17 12:59:56.110004,2025-11-17 13:02:03.277007,3020,2.12,17321308,17324327,SHORT,0,1,100.0,96.0,25.0,-4.5,8.025,20.5,11.5,33.500000000000014,1.0,8.25,SUCCESS,50.0,,42,12,,FAILURE,27.64,False,100.0
FA_SD50_R03_MA3_RT50,50.0,15.0,3,0.5,1365,2025-11-17 13:02:03.277007,2025-11-17 13:10:27.285000,10457,8.4,17324327,17334783,LONG,1,2,260.0,252.0,32.5,-15.0,7.3125,7.4,11.5,28.22500000000001,1.0,7.0,SUCCESS,50.0,,43,13,-30.0,SUCCESS,98.38,False,258.0
FA_SD50_R03_MA3_RT50,50.0,15.0,3,0.5,1366,2025-11-17 13:10:27.285000,2025-11-17 13:11:38.430000,2039,1.19,17334783,17336821,SHORT,0,1,103.0,99.0,25.75,-14.0,8.525,41.5,16.875,29.125000000000007,1.0,7.75,SUCCESS,51.5,,44,13,,SUCCESS,18.7476,False,103.0
FA_SD50_R03_MA3_RT50,50.0,15.0,3,0.5,1367,2025-11-17 13:11:38.430000,2025-11-17 13:14:32.902000,2938,2.91,17336821,17339758,LONG,0,1,100.0,96.0,25.0,-6.25,8.925,54.300000000000004,16.875,32.85000000000001,1.0,8.0,SUCCESS,50.0,,45,13,,SUCCESS,28.82,False,100.0
FA_SD50_R03_MA3_RT50,50.0,15.0,3,0.5,1368,2025-11-17 13:14:32.902000,2025-11-17 13:15:22.365000,1066,0.82,17339758,17340823,SHORT,0,1,100.0,96.0,25.0,0.0,9.15,60.400000000000006,16.25,36.82500000000001,1.0,8.25,SUCCESS,50.0,,46,13,,SUCCESS,10.08,False,100.0
FA_SD50_R03_MA3_RT50,50.0,15.0,3,0.5,1369,2025-11-17 13:15:22.365000,2025-11-17 13:17:07.182000,1729,1.75,17340823,17342551,LONG,0,1,100.0,96.0,25.0,-6.25,9.4625,72.60000000000001,16.25,36.82500000000001,1.0,9.125,SUCCESS,50.0,,47,13,,SUCCESS,16.16,False,100.0
FA_SD50_R03_MA3_RT50,50.0,15.0,3,0.5,1370,2025-11-17 13:17:07.182000,2025-11-17 13:28:30.052000,9342,11.38,17342551,17351892,SHORT,1,2,260.0,252.0,32.5,-15.0,9.525,75.60000000000001,16.25,36.82500000000001,1.0,10.0,SUCCESS,50.0,,48,13,-30.0,SUCCESS,96.76,False,258.0
FA_SD50_R03_MA3_RT50,50.0,15.0,3,0.5,1371,2025-11-17 13:28:30.052000,2025-11-17 13:42:47.813002,11312,14.3,17351892,17363203,LONG,0,1,100.0,96.0,25.0,-14.25,9.225,63.1,13.125,34.57500000000002,1.0,8.75,SUCCESS,50.0,,49,13,,SUCCESS,113.74,False,100.0
FA_SD50_R03_MA3_RT50,50.0,15.0,3,0.5,1372,2025-11-17 13:42:47.813002,2025-11-17 13:48:03.881000,6119,5.27,17363203,17369321,SHORT,3,4,-444.0,-460.0,21.75,-30.0,9.325,65.7,11.5,28.575000000000003,1.0,9.25,FAILURE,43.5,"835,1024",50,13,"-30.0,-60.0,-90.0",SUCCESS,27.1891,True,
FA_SD50_R03_MA3_RT50,50.0,15.0,3,0.5,1373,2025-11-17 13:48:03.881000,2025-11-17 13:51:14.320002,3987,3.17,17369321,17373307,LONG,3,4,-440.0,-456.0,3.25,-30.0,9.0,49.1,14.25,31.5,1.0,8.625,FAILURE,6.5,"831,1864",51,13,"-30.0,-60.0,-90.0",FAILURE,18.8,True,
FA_SD50_R03_MA3_RT50,50.0,15.0,3,0.5,1374,2025-11-17 13:51:14.320002,2025-11-17 13:52:17.972004,1584,1.06,17373307,17374890,SHORT,0,1,100.0,96.0,25.0,-3.25,8.3125,29.0,17.375,31.950000000000006,1.0,8.5,SUCCESS,50.0,,52,13,,FAILURE,14.72,False,100.0
FA_SD50_R03_MA3_RT50,50.0,15.0,3,0.5,1375,2025-11-17 13:52:17.972004,2025-11-17 13:56:00.459000,5272,3.71,17374890,17380161,LONG,3,4,-440.0,-456.0,12.0,-30.0,8.6,40.5,13.75,36.67500000000001,1.0,8.625,FAILURE,24.0,"366,1618",53,13,"-30.0,-60.0,-90.0",SUCCESS,24.72,True,
FA_SD50_R03_MA3_RT50,50.0,15.0,3,0.5,1376,2025-11-17 13:56:00.459000,2025-11-17 13:58:07.559000,3130,2.12,17380161,17383290,SHORT,1,2,260.0,252.0,32.5,-15.0,7.825,15.8,15.125,42.775,1.0,7.375,SUCCESS,50.0,,54,13,-30.0,FAILURE,27.94,False,258.0
FA_SD50_R03_MA3_RT50,50.0,15.0,3,0.5,1377,2025-11-17 13:58:07.559000,2025-11-17 14:25:47.542023,32168,27.67,17383290,17415457,LONG,3,4,-440.0,-456.0,36.5,-30.0,8.2375,23.8,13.0,42.775,1.0,7.75,FAILURE,28.0,"1788,560",55,13,"-30.0,-60.0,-90.0",SUCCESS,162.43,True,
FA_SD50_R03_MA3_RT50,50.0,15.0,3,0.5,1378,2025-11-17 14:25:47.542023,2025-11-17 14:34:06.412000,10669,8.31,17415457,17426125,SHORT,2,3,480.0,468.0,40.0,-23.0,9.8625,93.4,12.75,21.925000000000004,1.0,10.25,SUCCESS,50.0,1080,56,14,"-30.0,-60.0",FAILURE,99.18,False,476.0
FA_SD50_R03_MA3_RT50,50.0,15.0,3,0.5,1379,2025-11-17 14:34:06.412000,2025-11-17 14:47:20.278010,15924,13.23,17426125,17442048,LONG,3,4,-440.0,-456.0,23.75,-30.0,8.625,42.400000000000006,13.0,36.3,1.0,7.625,FAILURE,47.5,"1493,9517",57,14,"-30.0,-60.0,-90.0",SUCCESS,73.83,True,
FA_SD50_R03_MA3_RT50,50.0,15.0,3,0.5,1380,2025-11-17 14:47:20.278010,2025-11-17 15:00:00.635000,13364,12.67,17442048,17455411,SHORT,2,3,481.0,469.0,40.0833,-29.4167,8.3,22.700000000000003,11.5,55.45000000000001,1.0,8.125,SUCCESS,50.0,936,58,14,"-30.0,-60.5",FAILURE,132.62,False,477.0
FA_SD50_R03_MA3_RT50,50.0,15.0,3,0.5,1381,2025-11-17 15:00:00.635000,2025-11-17 15:05:12.294000,6974,5.19,17455411,17462384,LONG,1,2,260.0,252.0,32.5,-15.0,9.125,61.6,12.375,23.650000000000002,1.0,8.75,SUCCESS,50.0,,59,15,-30.0,SUCCESS,70.4,False,258.0
FA_SD50_R03_MA3_RT50,50.0,15.0,3,0.5,1382,2025-11-17 15:05:12.294000,2025-11-17 15:15:05.964001,11757,9.89,17462384,17474140,SHORT,1,2,260.0,252.0,32.5,-17.5,9.4125,78.80000000000001,13.5,23.650000000000002,1.0,9.25,SUCCESS,50.0,,60,15,-30.0,SUCCESS,121.0,False,258.0
FA_SD50_R03_MA3_RT50,50.0,15.0,3,0.5,1383,2025-11-17 15:15:05.964001,2025-11-17 15:15:31.741000,806,0.43,17474140,17474945,LONG,0,1,100.0,96.0,25.0,-3.0,9.9375,90.0,14.125,26.92500000000002,1.0,9.25,SUCCESS,50.0,,61,15,,SUCCESS,7.84,False,100.0
FA_SD50_R03_MA3_RT50,50.0,15.0,3,0.5,1384,2025-11-17 15:15:31.741000,2025-11-17 15:46:46.283000,32568,31.24,17474945,17507512,SHORT,3,4,-440.0,-456.0,26.75,-30.0,9.775,85.7,14.125,26.92500000000002,1.0,9.25,FAILURE,23.5,"2128,28824",62,15,"-30.0,-60.0,-90.0",SUCCESS,176.49,True,
FA_SD50_R03_MA3_RT50,50.0,15.0,3,0.5,1385,2025-11-17 15:46:46.283000,2025-11-17 15:49:17.884000,4117,2.53,17507512,17511628,LONG,0,1,100.0,96.0,25.0,-0.75,8.7125,24.6,15.375,36.0,1.0,7.75,SUCCESS,50.0,,63,15,,FAILURE,35.02,False,100.0
FA_SD50_R03_MA3_RT50,50.0,15.0,3,0.5,1386,2025-11-17 15:49:17.884000,2025-11-17 15:53:26.021056,8284,4.14,17511628,17519911,SHORT,2,3,482.0,470.0,40.1667,-24.3333,7.9125,6.0,15.625,38.400000000000006,1.0,7.5,SUCCESS,50.0,2171,64,15,"-30.5,-60.5",SUCCESS,78.74,False,478.0
FA_SD50_R03_MA3_RT50,50.0,15.0,3,0.5,1387,2025-11-17 15:53:26.021056,2025-11-17 15:55:00.069005,2431,1.57,17519911,17522341,LONG,0,1,100.0,96.0,25.0,-2.25,9.3625,50.800000000000004,13.125,35.47500000000001,1.0,8.875,SUCCESS,50.0,,65,15,,SUCCESS,25.6,False,100.0
FA_SD50_R03_MA3_RT50,50.0,15.0,3,0.5,1388,2025-11-17 15:55:00.069005,2025-11-17 16:00:09.924006,17447,5.16,17522341,17539787,SHORT,3,4,-439.0,-455.0,11.8333,-29.9167,10.1625,75.5,11.875,35.47500000000001,1.0,9.0,FAILURE,9.0,"800,15719",66,15,"-30.0,-60.5,-90.0",SUCCESS,64.91,True,
FA_SD50_R03_MA3_RT50,50.0,15.0,3,0.5,1389,2025-11-17 16:00:09.924006,2025-11-17 16:14:36.450000,10134,14.44,17539787,17549920,LONG,0,1,101.0,97.0,25.25,-4.25,4.325,1.2000000000000002,12.25,27.350000000000012,1.0,4.25,SUCCESS,50.5,,67,16,,FAILURE,75.0594,False,101.0
FA_SD50_R03_MA3_RT50,50.0,15.0,3,0.5,1391,2025-11-18 09:31:48.168007,2025-11-18 09:32:18.472002,2811,0.51,17560800,17563610,SHORT,3,4,-439.0,-457.0,3.75,-30.25,9.7125,55.400000000000006,13.625,37.45000000000006,1.0,9.625,FAILURE,7.5,"1005,556",1,9,"-30.0,-60.0,-90.5",SESSION_START,14.32,True,
FA_SD50_R03_MA3_RT50,50.0,15.0,3,0.5,1392,2025-11-18 09:32:18.472002,2025-11-18 09:32:25.499002,779,0.12,17563610,17564388,LONG,0,1,100.0,96.0,25.0,0.0,9.95,63.2,13.625,37.45000000000006,1.0,10.125,SUCCESS,50.0,,2,9,,FAILURE,9.7,False,100.0
FA_SD50_R03_MA3_RT50,50.0,15.0,3,0.5,1393,2025-11-18 09:32:25.499002,2025-11-18 09:32:42.373000,2156,0.28,17564388,17566543,SHORT,3,4,-440.0,-456.0,2.25,-30.0,10.3625,73.60000000000001,13.625,37.45000000000006,1.0,10.25,FAILURE,4.5,"469,1052",3,9,"-30.0,-60.0,-90.0",SUCCESS,12.62,True,
FA_SD50_R03_MA3_RT50,50.0,15.0,3,0.5,1394,2025-11-18 09:32:42.373000,2025-11-18 09:33:20.897000,3709,0.64,17566543,17570251,LONG,1,2,264.0,256.0,33.0,-15.0,11.2375,92.60000000000001,14.25,79.17500000000005,1.0,11.0,SUCCESS,51.0,,4,9,-30.0,FAILURE,39.1569,False,262.0
FA_SD50_R03_MA3_RT50,50.0,15.0,3,0.5,1395,2025-11-18 09:33:20.897000,2025-11-18 09:33:55.002000,2982,0.57,17570251,17573232,SHORT,0,1,101.0,97.0,25.25,-13.25,10.6125,78.10000000000001,13.625,79.17500000000005,1.0,10.25,SUCCESS,50.5,,5,9,,SUCCESS,31.1782,False,101.0
FA_SD50_R03_MA3_RT50,50.0,15.0,3,0.5,1396,2025-11-18 09:33:55.002000,2025-11-18 09:34:32.361000,2831,0.62,17573232,17576062,LONG,3,4,-438.0,-454.0,9.25,-29.8333,10.2,64.2,15.75,79.17500000000005,1.0,9.75,FAILURE,18.5,"462,856",6,9,"-30.0,-61.0,-90.0",SUCCESS,16.3,True,
FA_SD50_R03_MA3_RT50,50.0,15.0,3,0.5,1397,2025-11-18 09:34:32.361000,2025-11-18 09:35:41.600004,3818,1.15,17576062,17579879,SHORT,1,2,260.0,252.0,32.5,-15.0,10.3875,71.0,15.75,79.17500000000005,1.0,10.25,SUCCESS,50.0,,7,9,-30.0,FAILURE,52.72,False,258.0
FA_SD50_R03_MA3_RT50,50.0,15.0,3,0.5,1398,2025-11-18 09:35:41.600004,2025-11-18 09:36:01.846000,940,0.34,17579879,17580818,LONG,0,1,100.0,96.0,25.0,-2.0,12.3875,96.0,14.125,60.85000000000002,1.0,12.0,SUCCESS,50.0,,8,9,,SUCCESS,14.2,False,100.0
FA_SD50_R03_MA3_RT50,50.0,15.0,3,0.5,1399,2025-11-18 09:36:01.846000,2025-11-18 09:40:36.142000,11937,4.57,17580818,17592754,SHORT,2,3,480.0,468.0,40.0,-28.0,13.0,95.60000000000001,14.625,50.92500000000001,1.0,12.5,SUCCESS,50.0,1546,9,9,"-30.0,-60.0",SUCCESS,176.22,False,476.0
FA_SD50_R03_MA3_RT50,50.0,15.0,3,0.5,1400,2025-11-18 09:40:36.142000,2025-11-18 09:41:01.897002,1082,0.43,17592754,17593835,LONG,0,1,100.0,96.0,25.0,-7.5,13.7875,89.80000000000001,15.75,36.150000000000006,1.0,12.625,SUCCESS,50.0,,10,9,,SUCCESS,15.86,False,100.0
FA_SD50_R03_MA3_RT50,50.0,15.0,3,0.5,1401,2025-11-18 09:41:01.897002,2025-11-18 09:41:44.822000,2087,0.72,17593835,17595921,SHORT,1,2,262.0,254.0,32.75,-15.0,14.15,93.0,15.75,36.150000000000006,1.0,13.125,SUCCESS,50.5,,11,9,-30.0,SUCCESS,29.9505,False,260.0
FA_SD50_R03_MA3_RT50,50.0,15.0,3,0.5,1402,2025-11-18 09:41:44.822000,2025-11-18 09:43:04.695000,4180,1.33,17595921,17600100,LONG,3,4,-440.0,-456.0,3.25,-30.0,14.4,94.60000000000001,18.0,38.87500000000002,1.0,14.125,FAILURE,6.5,"857,2687",12,9,"-30.0,-60.0,-90.0",SUCCESS,29.67,True,
FA_SD50_R03_MA3_RT50,50.0,15.0,3,0.5,1403,2025-11-18 09:43:04.695000,2025-11-18 09:45:06.119000,6274,2.02,17600100,17606373,SHORT,1,2,260.0,252.0,32.5,-15.0,12.0625,79.4,17.75,39.32500000000002,1.0,11.125,SUCCESS,50.0,,13,9,-30.0,FAILURE,79.96,False,258.0
FA_SD50_R03_MA3_RT50,50.0,15.0,3,0.5,1404,2025-11-18 09:45:06.119000,2025-11-18 09:45:14.387004,783,0.14,17606373,17607155,LONG,0,1,100.0,96.0,25.0,-2.75,11.75,77.2,22.625,41.57500000000002,1.0,11.875,SUCCESS,50.0,,14,9,,SUCCESS,9.8,False,100.0
FA_SD50_R03_MA3_RT50,50.0,15.0,3,0.5,1405,2025-11-18 09:45:14.387004,2025-11-18 09:45:33.431000,1676,0.32,17607155,17608830,SHORT,3,4,-443.0,-459.0,0.0,-29.9167,12.475,80.4,22.625,41.57500000000002,1.0,12.0,FAILURE,0.0,"711,629",15,9,"-30.5,-60.0,-90.0",SUCCESS,10.1642,True,
FA_SD50_R03_MA3_RT50,50.0,15.0,3,0.5,1406,2025-11-18 09:45:33.431000,2025-11-18 09:46:59.678000,4772,1.44,17608830,17613601,LONG,3,4,-448.0,-464.0,19.75,-30.0,11.2125,69.0,25.5,52.225000000000016,1.0,11.375,FAILURE,39.5,"148,1429",16,9,"-30.0,-60.0,-90.0",FAILURE,31.9901,True,
FA_SD50_R03_MA3_RT50,50.0,15.0,3,0.5,1407,2025-11-18 09:46:59.678000,2025-11-18 09:47:21.304022,1173,0.36,17613601,17614773,SHORT,0,1,100.0,96.0,25.0,-12.75,14.425,93.4,19.75,40.625,1.0,13.5,SUCCESS,50.0,,17,9,,FAILURE,16.58,False,100.0
FA_SD50_R03_MA3_RT50,50.0,15.0,3,0.5,1408,2025-11-18 09:47:21.304022,2025-11-18 09:48:48.201000,4469,1.45,17614773,17619241,LONG,1,2,260.0,252.0,32.5,-15.0,14.275,91.4,19.75,40.625,1.0,13.375,SUCCESS,50.0,,18,9,-30.0,SUCCESS,64.76,False,258.0
FA_SD50_R03_MA3_RT50,50.0,15.0,3,0.5,1409,2025-11-18 09:48:48.201000,2025-11-18 09:49:27.092032,1730,0.65,17619241,17620970,SHORT,0,1,100.0,96.0,25.0,-11.75,11.5375,69.60000000000001,19.75,43.300000000000026,1.0,11.75,SUCCESS,50.0,,19,9,,SUCCESS,24.26,False,100.0
FA_SD50_R03_MA3_RT50,50.0,15.0,3,0.5,1410,2025-11-18 09:49:27.092032,2025-11-18 09:51:53.720051,7456,2.44,17620970,17628425,LONG,3,4,-438.0,-454.0,23.375,-29.8333,12.7,76.2,23.5,43.300000000000026,1.0,12.5,FAILURE,6.0,"1644,669",20,9,"-30.5,-60.5,-90.0",SUCCESS,50.61,True,
FA_SD50_R03_MA3_RT50,50.0,15.0,3,0.5,1411,2025-11-18 09:51:53.720051,2025-11-18 09:54:09.004000,6741,2.25,17628425,17635165,SHORT,1,2,260.0,252.0,32.5,-15.0,12.9875,76.80000000000001,26.875,48.70000000000002,1.0,12.625,SUCCESS,50.0,,21,9,-30.0,FAILURE,88.82,False,258.0
FA_SD50_R03_MA3_RT50,50.0,15.0,3,0.5,1412,2025-11-18 09:54:09.004000,2025-11-18 09:54:16.440003,381,0.12,17635165,17635545,LONG,0,1,100.0,96.0,25.0,0.0,12.05,66.4,13.375,35.70000000000002,1.0,11.625,SUCCESS,50.0,,22,9,,SUCCESS,5.98,False,100.0
FA_SD50_R03_MA3_RT50,50.0,15.0,3,0.5,1413,2025-11-18 09:54:16.440003,2025-11-18 09:55:03.098000,2035,0.78,17635545,17637579,SHORT,0,1,100.0,96.0,25.0,-10.0,12.65,73.60000000000001,13.375,35.70000000000002,1.0,12.5,SUCCESS,50.0,,23,9,,SUCCESS,26.48,False,100.0
FA_SD50_R03_MA3_RT50,50.0,15.0,3,0.5,1414,2025-11-18 09:55:03.098000,2025-11-18 10:00:00.132008,14053,4.95,17637579,17651631,LONG,3,4,-440.0,-456.0,27.25,-30.0,12.475,71.0,13.375,29.32500000000001,1.0,11.875,FAILURE,39.5,"11482,1976",24,9,"-30.0,-60.0,-90.0",SUCCESS,78.91,True,
FA_SD50_R03_MA3_RT50,50.0,15.0,3,0.5,1415,2025-11-18 10:00:00.132008,2025-11-18 10:01:27.105000,5427,1.45,17651631,17657057,SHORT,2,3,485.0,473.0,40.4167,-22.0833,11.6,54.300000000000004,14.375,26.500000000000004,1.0,11.5,SUCCESS,50.0,406,25,10,"-32.5,-60.0",FAILURE,86.7,False,481.0
FA_SD50_R03_MA3_RT50,50.0,15.0,3,0.5,1416,2025-11-18 10:01:27.105000,2025-11-18 10:04:29.196029,11282,3.03,17657057,17668338,LONG,3,4,-440.0,-456.0,16.0,-30.0,10.4375,29.700000000000003,17.75,30.950000000000006,1.0,9.875,FAILURE,32.0,"540,7779",26,10,"-30.0,-60.0,-90.0",SUCCESS,56.95,True,
FA_SD50_R03_MA3_RT50,50.0,15.0,3,0.5,1417,2025-11-18 10:04:29.196029,2025-11-18 10:06:06.126004,6089,1.62,17668338,17674426,SHORT,3,4,-440.0,-456.0,13.0,-30.0,9.525,14.8,11.875,35.57500000000001,1.0,9.75,FAILURE,26.0,"695,1038",27,10,"-30.0,-60.0,-90.0",FAILURE,32.92,True,
FA_SD50_R03_MA3_RT50,50.0,15.0,3,0.5,1418,2025-11-18 10:06:06.126004,2025-11-18 10:06:57.321001,3637,0.85,17674426,17678062,LONG,0,1,100.0,96.0,25.0,-1.75,10.2,25.6,11.625,42.0,1.0,10.25,SUCCESS,50.0,,28,10,,FAILURE,39.1,False,100.0
FA_SD50_R03_MA3_RT50,50.0,15.0,3,0.5,1419,2025-11-18 10:06:57.321001,2025-11-18 10:10:27.621001,10647,3.51,17678062,17688708,SHORT,3,4,-440.0,-456.0,9.0,-30.0,10.3125,28.5,11.5,40.85,1.0,9.875,FAILURE,10.5,"1067,8551",29,10,"-30.0,-60.0,-90.0",SUCCESS,61.34,True,
FA_SD50_R03_MA3_RT50,50.0,15.0,3,0.5,1420,2025-11-18 10:10:27.621001,2025-11-18 10:11:01.091000,1746,0.56,17688708,17690453,LONG,3,4,-447.0,-463.0,3.5,-29.9167,11.5,51.0,14.0,42.0,1.0,11.625,FAILURE,7.0,"348,645",30,10,"-30.5,-60.0,-90.0",FAILURE,9.7723,True,
FA_SD50_R03_MA3_RT50,50.0,15.0,3,0.5,1421,2025-11-18 10:11:01.091000,2025-11-18 10:11:35.363000,1786,0.57,17690453,17692238,SHORT,0,1,100.0,96.0,25.0,-4.75,11.825,58.300000000000004,14.0,42.0,1.0,11.25,SUCCESS,50.0,,31,10,,FAILURE,20.98,False,100.0
FA_SD50_R03_MA3_RT50,50.0,15.0,3,0.5,1422,2025-11-18 10:11:35.363000,2025-11-18 10:13:30.698001,5667,1.92,17692238,17697904,LONG,2,3,480.0,468.0,40.0,-22.5,11.6375,54.0,14.0,45.30000000000001,1.0,10.625,SUCCESS,50.0,3263,32,10,"-30.0,-60.0",SUCCESS,65.36,False,476.0
FA_SD50_R03_MA3_RT50,50.0,15.0,3,0.5,1423,2025-11-18 10:13:30.698001,2025-11-18 10:15:36.981000,5349,2.1,17697904,17703252,SHORT,2,3,480.0,468.0,40.0,-22.5,11.05,39.400000000000006,17.75,50.925000000000004,1.0,10.25,SUCCESS,50.0,1422,33,10,"-30.0,-60.0",SUCCESS,67.74,False,476.0
FA_SD50_R03_MA3_RT50,50.0,15.0,3,0.5,1424,2025-11-18 10:15:36.981000,2025-11-18 10:17:36.755000,5203,2.0,17703252,17708454,LONG,3,4,-438.0,-454.0,11.0,-30.5,11.475,46.900000000000006,14.875,51.45000000000002,1.0,11.125,FAILURE,22.0,"1096,1244",34,10,"-30.0,-60.0,-91.0",SUCCESS,31.91,True,
FA_SD50_R03_MA3_RT50,50.0,15.0,3,0.5,1425,2025-11-18 10:17:36.755000,2025-11-18 10:19:30.307004,4034,1.89,17708454,17712487,SHORT,3,4,-438.0,-454.0,8.875,-29.8333,11.3,42.400000000000006,14.375,51.45000000000002,1.0,10.25,FAILURE,12.0,"601,293",35,10,"-31.0,-60.0,-90.0",FAILURE,26.88,True,
FA_SD50_R03_MA3_RT50,50.0,15.0,3,0.5,1426,2025-11-18 10:19:30.307004,2025-11-18 10:20:04.977000,1386,0.58,17712487,17713872,LONG,0,1,100.0,96.0,25.0,-10.75,12.8125,84.2,15.375,33.70000000000002,1.0,12.875,SUCCESS,50.0,,36,10,,FAILURE,17.84,False,100.0
FA_SD50_R03_MA3_RT50,50.0,15.0,3,0.5,1427,2025-11-18 10:20:04.977000,2025-11-18 10:21:03.936008,2767,0.98,17713872,17716638,SHORT,3,4,-438.0,-454.0,17.0,-29.8333,14.1375,94.2,19.125,36.85000000000001,1.0,14.375,FAILURE,34.0,"988,318",37,10,"-31.0,-60.0,-90.0",SUCCESS,18.57,True,
FA_SD50_R03_MA3_RT50,50.0,15.0,3,0.5,1428,2025-11-18 10:21:03.936008,2025-11-18 10:21:11.636047,744,0.13,17716638,17717381,LONG,0,1,100.0,96.0,25.0,-6.75,14.05,93.2,19.125,32.85000000000001,1.0,13.75,SUCCESS,50.0,,38,10,,FAILURE,9.14,False,100.0
FA_SD50_R03_MA3_RT50,50.0,15.0,3,0.5,1429,2025-11-18 10:21:11.636047,2025-11-18 10:21:20.123000,752,0.14,17717381,17718132,SHORT,0,1,100.0,96.0,25.0,-2.25,13.8,91.0,19.125,32.85000000000001,1.0,13.75,SUCCESS,50.0,,39,10,,SUCCESS,9.12,False,100.0
FA_SD50_R03_MA3_RT50,50.0,15.0,3,0.5,1430,2025-11-18 10:21:20.123000,2025-11-18 10:21:43.653000,986,0.39,17718132,17719117,LONG,0,1,100.0,96.0,25.0,-2.25,13.9125,91.80000000000001,23.0,36.85000000000001,1.0,13.75,SUCCESS,50.0,,40,10,,SUCCESS,14.66,False,100.0
FA_SD50_R03_MA3_RT50,50.0,15.0,3,0.5,1431,2025-11-18 10:21:43.653000,2025-11-18 10:21:58.020000,593,0.24,17719117,17719709,SHORT,0,1,101.0,97.0,25.25,-0.5,12.7875,83.60000000000001,20.125,36.85000000000001,1.0,12.875,SUCCESS,50.5,,41,10,,SUCCESS,8.0891,False,101.0
FA_SD50_R03_MA3_RT50,50.0,15.0,3,0.5,1432,2025-11-18 10:21:58.020000,2025-11-18 10:23:12.748000,3170,1.25,17719709,17722878,LONG,1,2,260.0,252.0,32.5,-15.0,12.7625,83.60000000000001,20.125,36.85000000000001,1.0,12.875,SUCCESS,50.0,,42,10,-30.0,SUCCESS,44.9,False,258.0
FA_SD50_R03_MA3_RT50,50.0,15.0,3,0.5,1433,2025-11-18 10:23:12.748000,2025-11-18 10:24:18.551000,3696,1.1,17722878,17726573,SHORT,1,2,260.0,252.0,32.5,-15.0,12.4875,79.2,12.5,36.85000000000001,1.0,11.75,SUCCESS,50.0,,43,10,-30.0,SUCCESS,42.28,False,258.0
FA_SD50_R03_MA3_RT50,50.0,15.0,3,0.5,1434,2025-11-18 10:24:18.551000,2025-11-18 10:26:16.208000,4867,1.96,17726573,17731439,LONG,2,3,486.0,474.0,40.5,-23.25,11.275,42.0,12.125,32.85000000000001,1.0,11.625,SUCCESS,50.5,326,44,10,"-30.0,-61.5",SUCCESS,70.4455,False,482.0
FA_SD50_R03_MA3_RT50,50.0,15.0,3,0.5,1435,2025-11-18 10:26:16.208000,2025-11-18 10:26:29.682000,519,0.22,17731439,17731957,SHORT,0,1,101.0,97.0,25.25,-3.5,15.9,100.0,14.5,31.825000000000003,1.0,14.625,SUCCESS,50.5,,45,10,,SUCCESS,8.1287,False,101.0
FA_SD50_R03_MA3_RT50,50.0,15.0,3,0.5,1436,2025-11-18 10:26:29.682000,2025-11-18 10:26:45.892000,539,0.27,17731957,17732495,LONG,0,1,103.0,99.0,25.75,-1.25,16.325,100.0,14.5,31.825000000000003,1.0,16.125,SUCCESS,51.5,,46,10,,SUCCESS,8.6311,False,103.0
FA_SD50_R03_MA3_RT50,50.0,15.0,3,0.5,1437,2025-11-18 10:26:45.892000,2025-11-18 10:28:15.318002,3392,1.49,17732495,17735886,SHORT,1,2,264.0,256.0,33.0,-15.0,16.4375,99.80000000000001,17.125,31.825000000000003,1.0,16.125,SUCCESS,51.0,,47,10,-30.0,SUCCESS,47.8039,False,262.0
FA_SD50_R03_MA3_RT50,50.0,15.0,3,0.5,1438,2025-11-18 10:28:15.318002,2025-11-18 10:32:45.086004,10007,4.5,17735886,17745892,LONG,3,4,760.0,744.0,47.5,-30.0,15.0375,96.0,20.0,31.825000000000003,1.0,15.125,SUCCESS,50.0,"2335,4366",48,10,"-30.0,-60.0,-90.0",SUCCESS,161.36,True,754.0
FA_SD50_R03_MA3_RT50,50.0,15.0,3,0.5,1439,2025-11-18 10:32:45.086004,2025-11-18 10:33:28.676000,1549,0.73,17745892,17747440,SHORT,0,1,102.0,98.0,25.5,0.0,15.425,93.0,17.375,43.050000000000004,1.0,14.75,SUCCESS,51.0,,49,10,,SUCCESS,24.3922,False,102.0
FA_SD50_R03_MA3_RT50,50.0,15.0,3,0.5,1440,2025-11-18 10:33:28.676000,2025-11-18 10:34:23.179001,2079,0.91,17747440,17749518,LONG,3,4,-439.0,-455.0,8.5,-29.9167,14.3125,88.0,15.625,43.050000000000004,1.0,13.0,FAILURE,17.0,"234,1522",50,10,"-30.5,-60.0,-90.0",SUCCESS,16.09,True,
FA_SD50_R03_MA3_RT50,50.0,15.0,3,0.5,1441,2025-11-18 10:34:23.179001,2025-11-18 10:35:18.239000,2468,0.92,17749518,17751985,SHORT,0,1,100.0,96.0,25.0,-11.25,14.425,87.2,14.625,45.8,1.0,13.625,SUCCESS,50.0,,51,10,,FAILURE,33.2,False,100.0
FA_SD50_R03_MA3_RT50,50.0,15.0,3,0.5,1442,2025-11-18 10:35:18.239000,2025-11-18 10:41:27.856000,13205,6.16,17751985,17765189,LONG,2,3,480.0,468.0,40.0,-26.0,12.975,77.60000000000001,16.5,45.8,1.0,11.75,SUCCESS,50.0,2424,52,10,"-30.0,-60.0",SUCCESS,187.92,False,476.0
FA_SD50_R03_MA3_RT50,50.0,15.0,3,0.5,1443,2025-11-18 10:41:27.856000,2025-11-18 10:42:49.983000,2547,1.37,17765189,17767735,SHORT,1,2,260.0,252.0,32.5,-15.75,16.325,96.4,20.875,37.95,1.0,14.5,SUCCESS,50.0,,53,10,-30.0,SUCCESS,38.76,False,258.0
FA_SD50_R03_MA3_RT50,50.0,15.0,3,0.5,1444,2025-11-18 10:42:49.983000,2025-11-18 10:50:35.531008,11454,7.76,17767735,17779188,LONG,3,4,-439.0,-455.0,32.375,-29.9167,16.9,98.2,18.0,35.575,1.0,18.25,FAILURE,49.5,"8635,610",54,10,"-30.5,-60.0,-90.0",SUCCESS,89.26,True,
FA_SD50_R03_MA3_RT50,50.0,15.0,3,0.5,1445,2025-11-18 10:50:35.531008,2025-11-18 10:52:00.959000,2769,1.42,17779188,17781956,SHORT,3,4,-444.0,-460.0,3.75,-30.0,13.225,64.0,17.5,39.725000000000016,1.0,13.875,FAILURE,7.5,"1133,307",55,10,"-30.0,-60.0,-90.0",FAILURE,19.9055,True,
FA_SD50_R03_MA3_RT50,50.0,15.0,3,0.5,1446,2025-11-18 10:52:00.959000,2025-11-18 10:55:34.086000,5288,3.55,17781956,17787243,LONG,2,3,481.0,469.0,40.0833,-22.375,13.9375,69.2,18.125,41.07500000000001,1.0,14.125,SUCCESS,50.0,835,56,10,"-30.5,-60.0",FAILURE,84.78,False,477.0
FA_SD50_R03_MA3_RT50,50.0,15.0,3,0.5,1447,2025-11-18 10:55:34.086000,2025-11-18 10:56:44.619009,1978,1.18,17787243,17789220,SHORT,0,1,100.0,96.0,25.0,-12.5,15.6375,87.0,18.875,40.275,1.0,14.625,SUCCESS,50.0,,57,10,,SUCCESS,29.32,False,100.0
FA_SD50_R03_MA3_RT50,50.0,15.0,3,0.5,1448,2025-11-18 10:56:44.619009,2025-11-18 11:01:20.606000,6579,4.6,17789220,17795798,LONG,3,4,-437.0,-453.0,24.875,-30.4167,13.975,64.60000000000001,18.875,40.275,1.0,12.5,FAILURE,34.5,"3150,504",58,10,"-30.5,-60.0,-91.0",SUCCESS,49.59,True,
FA_SD50_R03_MA3_RT50,50.0,15.0,3,0.5,1449,2025-11-18 11:01:20.606000,2025-11-18 11:01:31.015019,1189,0.17,17795798,17796986,SHORT,0,1,101.0,97.0,25.25,-3.0,12.025,39.6,27.0,40.275,1.0,11.625,SUCCESS,50.5,,59,11,,FAILURE,10.9406,False,101.0
FA_SD50_R03_MA3_RT50,50.0,15.0,3,0.5,1450,2025-11-18 11:01:31.015019,2025-11-18 11:07:12.930000,12073,5.7,17796986,17809058,LONG,2,3,480.0,468.0,40.0,-25.75,11.15,19.6,27.0,40.275,1.0,10.25,SUCCESS,50.0,494,60,11,"-30.0,-60.0",SUCCESS,146.58,False,476.0
FA_SD50_R03_MA3_RT50,50.0,15.0,3,0.5,1451,2025-11-18 11:07:12.930000,2025-11-18 11:08:26.839000,3077,1.23,17809058,17812134,SHORT,3,4,-439.0,-455.0,1.0,-30.25,13.675,58.6,18.25,30.6,1.0,13.375,FAILURE,2.0,"651,1515",61,11,"-30.0,-60.0,-90.5",SUCCESS,18.86,True,
FA_SD50_R03_MA3_RT50,50.0,15.0,3,0.5,1452,2025-11-18 11:08:26.839000,2025-11-18 11:10:17.282000,3648,1.84,17812134,17815781,LONG,1,2,260.0,252.0,32.5,-15.0,12.4375,39.300000000000004,14.5,29.700000000000003,1.0,12.0,SUCCESS,50.0,,62,11,-30.0,FAILURE,44.06,False,258.0
FA_SD50_R03_MA3_RT50,50.0,15.0,3,0.5,1453,2025-11-18 11:10:17.282000,2025-11-18 11:14:06.710042,7721,3.82,17815781,17823501,SHORT,3,4,-438.0,-454.0,35.1667,-29.8333,11.7625,30.1,14.75,31.650000000000002,1.0,11.75,FAILURE,40.0,"816,4500",63,11,"-31.0,-60.0,-90.0",SUCCESS,48.47,True,
FA_SD50_R03_MA3_RT50,50.0,15.0,3,0.5,1454,2025-11-18 11:14:06.710042,2025-11-18 11:15:13.272000,2151,1.11,17823501,17825651,LONG,3,4,-456.0,-472.0,2.5,-30.0,12.6875,43.1,16.875,42.650000000000006,1.0,12.75,FAILURE,5.0,"533,424",64,11,"-30.0,-60.0,-90.0",FAILURE,13.2255,True,
FA_SD50_R03_MA3_RT50,50.0,15.0,3,0.5,1455,2025-11-18 11:15:13.272000,2025-11-18 11:15:45.466000,1387,0.54,17825651,17827037,SHORT,0,1,100.0,96.0,25.0,0.0,13.725,59.2,16.875,41.8,1.0,13.875,SUCCESS,50.0,,65,11,,FAILURE,16.64,False,100.0
FA_SD50_R03_MA3_RT50,50.0,15.0,3,0.5,1456,2025-11-18 11:15:45.466000,2025-11-18 11:16:10.065000,770,0.41,17827037,17827806,LONG,0,1,100.0,96.0,25.0,-2.75,12.825,44.400000000000006,17.625,42.650000000000006,1.0,11.75,SUCCESS,50.0,,66,11,,SUCCESS,10.68,False,100.0
FA_SD50_R03_MA3_RT50,50.0,15.0,3,0.5,1457,2025-11-18 11:16:10.065000,2025-11-18 11:20:46.137000,6425,4.6,17827806,17834230,SHORT,3,4,-439.0,-455.0,23.0,-30.25,13.225,51.6,17.625,42.650000000000006,1.0,11.875,FAILURE,31.0,"2235,1806",67,11,"-30.0,-60.0,-90.5",SUCCESS,45.2,True,
FA_SD50_R03_MA3_RT50,50.0,15.0,3,0.5,1458,2025-11-18 11:20:46.137000,2025-11-18 11:24:06.231000,4682,3.33,17834230,17838911,LONG,1,2,260.0,252.0,32.5,-15.0,12.85,40.6,20.0,46.25,1.0,12.625,SUCCESS,50.0,,68,11,-30.0,FAILURE,61.26,False,258.0
FA_SD50_R03_MA3_RT50,50.0,15.0,3,0.5,1459,2025-11-18 11:24:06.231000,2025-11-18 11:27:09.698004,5911,3.06,17838911,17844821,SHORT,3,4,-440.0,-456.0,5.5,-30.0,13.6625,57.900000000000006,21.625,46.25,1.0,13.125,FAILURE,11.0,"2073,1425",69,11,"-30.0,-60.0,-90.0",SUCCESS,31.92,True,
FA_SD50_R03_MA3_RT50,50.0,15.0,3,0.5,1460,2025-11-18 11:27:09.698004,2025-11-18 11:29:25.242000,4942,2.26,17844821,17849762,LONG,0,1,100.0,96.0,25.0,-9.0,11.05,5.0,16.125,24.075000000000003,1.0,10.5,SUCCESS,50.0,,70,11,,FAILURE,48.36,False,100.0
FA_SD50_R03_MA3_RT50,50.0,15.0,3,0.5,1461,2025-11-18 11:29:25.242000,2025-11-18 11:29:50.042000,721,0.41,17849762,17850482,SHORT,0,1,100.0,96.0,25.0,-0.5,9.8125,1.4000000000000001,16.5,25.325000000000017,1.0,9.625,SUCCESS,50.0,,71,11,,SUCCESS,7.9,False,100.0
FA_SD50_R03_MA3_RT50,50.0,15.0,3,0.5,1462,2025-11-18 11:29:50.042000,2025-11-18 11:31:03.816003,2251,1.23,17850482,17852732,LONG,0,1,100.0,96.0,25.0,-3.25,10.125,3.0,16.5,26.900000000000016,1.0,9.875,SUCCESS,50.0,,72,11,,SUCCESS,26.68,False,100.0
FA_SD50_R03_MA3_RT50,50.0,15.0,3,0.5,1463,2025-11-18 11:31:03.816003,2025-11-18 11:35:01.432002,6826,3.96,17852732,17859557,SHORT,0,1,101.0,97.0,25.25,-13.0,11.35,15.0,15.25,25.825000000000003,1.0,11.5,SUCCESS,50.5,,73,11,,SUCCESS,84.505,False,101.0
FA_SD50_R03_MA3_RT50,50.0,15.0,3,0.5,1464,2025-11-18 11:35:01.432002,2025-11-18 11:36:04.840000,1946,1.06,17859557,17861502,LONG,0,1,100.0,96.0,25.0,-5.75,11.45,16.8,15.75,25.825000000000003,1.0,11.375,SUCCESS,50.0,,74,11,,SUCCESS,26.82,False,100.0
FA_SD50_R03_MA3_RT50,50.0,15.0,3,0.5,1465,2025-11-18 11:36:04.840000,2025-11-18 11:39:54.694000,5964,3.83,17861502,17867465,SHORT,1,2,263.0,255.0,32.875,-21.625,11.9625,27.8,16.375,25.825000000000003,1.0,11.875,SUCCESS,50.5,,75,11,-30.5,SUCCESS,78.7426,False,261.0
FA_SD50_R03_MA3_RT50,50.0,15.0,3,0.5,1466,2025-11-18 11:39:54.694000,2025-11-18 11:42:04.571004,3283,2.16,17867465,17870747,LONG,0,1,100.0,96.0,25.0,-11.75,11.975,28.200000000000003,17.0,26.650000000000002,1.0,12.375,SUCCESS,50.0,,76,11,,SUCCESS,45.12,False,100.0
FA_SD50_R03_MA3_RT50,50.0,15.0,3,0.5,1467,2025-11-18 11:42:04.571004,2025-11-18 11:47:23.016002,7598,5.31,17870747,17878344,SHORT,2,3,480.0,468.0,40.0,-22.5,11.725,24.8,18.875,29.325000000000003,1.0,11.125,SUCCESS,50.0,2106,77,11,"-30.0,-60.0",SUCCESS,102.48,False,476.0
FA_SD50_R03_MA3_RT50,50.0,15.0,3,0.5,1468,2025-11-18 11:47:23.016002,2025-11-18 11:48:31.974001,2841,1.15,17878344,17881184,LONG,1,2,264.0,256.0,33.0,-15.25,13.2375,67.8,21.0,31.30000000000002,1.0,12.75,SUCCESS,51.0,,78,11,-30.0,SUCCESS,29.1765,False,262.0
FA_SD50_R03_MA3_RT50,50.0,15.0,3,0.5,1469,2025-11-18 11:48:31.974001,2025-11-18 11:49:45.005000,2287,1.22,17881184,17883470,SHORT,0,1,104.0,100.0,26.0,-14.0,13.2625,68.0,21.0,31.30000000000002,1.0,11.75,SUCCESS,52.0,,79,11,,SUCCESS,30.3846,False,104.0
FA_SD50_R03_MA3_RT50,50.0,15.0,3,0.5,1470,2025-11-18 11:49:45.005000,2025-11-18 11:51:03.068001,1638,1.3,17883470,17885107,LONG,0,1,100.0,96.0,25.0,-11.75,12.1125,36.6,23.125,44.17500000000002,1.0,10.875,SUCCESS,50.0,,80,11,,SUCCESS,22.62,False,100.0
FA_SD50_R03_MA3_RT50,50.0,15.0,3,0.5,1471,2025-11-18 11:51:03.068001,2025-11-18 11:51:20.532000,316,0.29,17885107,17885422,SHORT,0,1,105.0,101.0,26.25,-6.5,13.95,78.2,21.0,38.05000000000001,1.0,12.375,SUCCESS,52.5,,81,11,,SUCCESS,5.019,False,105.0
FA_SD50_R03_MA3_RT50,50.0,15.0,3,0.5,1472,2025-11-18 11:51:20.532000,2025-11-18 11:55:02.007002,3105,3.69,17885422,17888526,LONG,1,2,260.0,252.0,32.5,-15.0,14.7875,84.80000000000001,21.0,38.05000000000001,1.0,13.125,SUCCESS,50.0,,82,11,-30.0,SUCCESS,49.9,False,258.0
FA_SD50_R03_MA3_RT50,50.0,15.0,3,0.5,1473,2025-11-18 11:55:02.007002,2025-11-18 11:58:57.800000,3978,3.93,17888526,17892503,SHORT,1,2,261.0,253.0,32.625,-15.25,16.5125,96.0,17.625,37.575,1.0,16.5,SUCCESS,50.0,,83,11,-30.5,SUCCESS,59.74,False,259.0
FA_SD50_R03_MA3_RT50,50.0,15.0,3,0.5,1474,2025-11-18 11:58:57.800000,2025-11-18 12:00:24.987000,1256,1.45,17892503,17893758,LONG,0,1,100.0,96.0,25.0,-5.25,14.5125,81.2,22.125,41.65000000000002,1.0,15.375,SUCCESS,50.0,,84,11,,SUCCESS,21.06,False,100.0
FA_SD50_R03_MA3_RT50,50.0,15.0,3,0.5,1475,2025-11-18 12:00:24.987000,2025-11-18 12:05:20.083000,4383,4.92,17893758,17898140,SHORT,1,2,261.0,253.0,32.625,-21.375,14.2,80.60000000000001,21.25,41.65000000000002,1.0,14.0,SUCCESS,50.0,,85,12,-30.5,SUCCESS,71.74,False,259.0
FA_SD50_R03_MA3_RT50,50.0,15.0,3,0.5,1476,2025-11-18 12:05:20.083000,2025-11-18 12:17:34.457000,13082,12.24,17898140,17911221,LONG,3,4,-440.0,-456.0,21.25,-30.0,14.125,79.60000000000001,19.75,38.475,1.0,13.5,FAILURE,25.5,"5362,3596",86,12,"-30.0,-60.0,-90.0",SUCCESS,97.31,True,
FA_SD50_R03_MA3_RT50,50.0,15.0,3,0.5,1477,2025-11-18 12:17:34.457000,2025-11-18 12:27:24.742010,10033,9.84,17911221,17921253,SHORT,3,4,765.0,749.0,47.8125,-30.25,14.3125,87.2,20.625,38.72500000000001,1.0,13.625,SUCCESS,50.0,"2607,1316",87,12,"-31.5,-60.0,-91.0",FAILURE,150.9,True,759.0
FA_SD50_R03_MA3_RT50,50.0,15.0,3,0.5,1478,2025-11-18 12:27:24.742010,2025-11-18 12:31:04.089001,4871,3.66,17921253,17926123,LONG,3,4,-440.0,-456.0,1.0,-30.0,15.2375,96.9,19.0,40.525000000000006,1.0,15.25,FAILURE,2.0,"1033,3016",88,12,"-30.0,-60.0,-90.0",SUCCESS,32.94,True,
FA_SD50_R03_MA3_RT50,50.0,15.0,3,0.5,1479,2025-11-18 12:31:04.089001,2025-11-18 12:35:32.781051,6024,4.48,17926123,17932146,SHORT,3,4,-436.0,-452.0,20.25,-30.0,10.8,8.4,12.75,36.35000000000002,1.0,11.25,FAILURE,40.5,"397,991",89,12,"-30.0,-61.5,-90.5",FAILURE,40.19,True,
FA_SD50_R03_MA3_RT50,50.0,15.0,3,0.5,1480,2025-11-18 12:35:32.781051,2025-11-18 12:38:21.380001,3303,2.81,17932146,17935448,LONG,1,2,260.0,252.0,32.5,-17.75,12.8125,52.900000000000006,13.875,34.975000000000016,1.0,11.875,SUCCESS,50.0,,90,12,-30.0,FAILURE,48.62,False,258.0
FA_SD50_R03_MA3_RT50,50.0,15.0,3,0.5,1481,2025-11-18 12:38:21.380001,2025-11-18 12:39:51.010007,2298,1.49,17935448,17937745,SHORT,3,4,-440.0,-456.0,0.25,-30.0,14.025,84.80000000000001,13.875,34.975000000000016,1.0,13.125,FAILURE,0.5,"290,1315",91,12,"-30.0,-60.0,-90.0",SUCCESS,17.3,True,
FA_SD50_R03_MA3_RT50,50.0,15.0,3,0.5,1482,2025-11-18 12:39:51.010007,2025-11-18 12:40:04.595017,523,0.23,17937745,17938267,LONG,0,1,101.0,97.0,25.25,-3.25,14.3375,86.80000000000001,13.875,34.975000000000016,1.0,13.0,SUCCESS,50.5,,92,12,,FAILURE,8.2673,False,101.0
FA_SD50_R03_MA3_RT50,50.0,15.0,3,0.5,1483,2025-11-18 12:40:04.595017,2025-11-18 12:43:07.179001,5291,3.04,17938267,17943557,SHORT,3,4,-440.0,-456.0,18.0,-30.0,14.5875,90.80000000000001,14.75,44.92500000000002,1.0,12.875,FAILURE,36.0,"2353,322",93,12,"-30.0,-60.0,-90.0",SUCCESS,38.57,True,
FA_SD50_R03_MA3_RT50,50.0,15.0,3,0.5,1484,2025-11-18 12:43:07.179001,2025-11-18 12:46:54.662007,6511,3.79,17943557,17950067,LONG,3,4,-440.0,-456.0,20.75,-30.0,12.3875,34.9,13.875,40.150000000000006,1.0,12.125,FAILURE,41.5,"2964,986",94,12,"-30.0,-60.0,-90.0",FAILURE,46.25,True,
FA_SD50_R03_MA3_RT50,50.0,15.0,3,0.5,1485,2025-11-18 12:46:54.662007,2025-11-18 12:48:03.307007,1661,1.14,17950067,17951727,SHORT,3,4,-437.0,-453.0,1.75,-30.4167,11.9875,25.0,19.875,40.150000000000006,1.0,12.125,FAILURE,3.5,"844,519",95,12,"-30.0,-60.5,-91.0",FAILURE,11.0,True,
FA_SD50_R03_MA3_RT50,50.0,15.0,3,0.5,1486,2025-11-18 12:48:03.307007,2025-11-18 12:53:42.957014,7262,5.66,17951727,17958988,LONG,2,3,480.0,468.0,40.0,-22.5,12.45,39.800000000000004,19.875,40.150000000000006,1.0,12.5,SUCCESS,50.0,1962,96,12,"-30.0,-60.0",FAILURE,105.26,False,476.0
FA_SD50_R03_MA3_RT50,50.0,15.0,3,0.5,1487,2025-11-18 12:53:42.957014,2025-11-18 12:55:49.476003,2324,2.11,17958988,17961311,SHORT,0,1,100.0,96.0,25.0,-7.75,13.25,61.6,14.5,35.925000000000004,1.0,12.0,SUCCESS,50.0,,97,12,,SUCCESS,32.1,False,100.0
FA_SD50_R03_MA3_RT50,50.0,15.0,3,0.5,1488,2025-11-18 12:55:49.476003,2025-11-18 12:56:27.460000,999,0.63,17961311,17962309,LONG,0,1,101.0,97.0,25.25,-6.5,12.9875,56.0,14.25,36.95000000000002,1.0,12.0,SUCCESS,50.5,,98,12,,SUCCESS,12.8416,False,101.0
FA_SD50_R03_MA3_RT50,50.0,15.0,3,0.5,1489,2025-11-18 12:56:27.460000,2025-11-18 13:13:14.595172,17536,16.79,17962309,17979844,SHORT,3,4,-438.0,-454.0,18.4167,-29.8333,13.0875,59.300000000000004,14.25,38.30000000000002,1.0,12.625,FAILURE,6.5,"1161,10594",99,12,"-30.0,-61.0,-90.0",SUCCESS,125.32,True,
FA_SD50_R03_MA3_RT50,50.0,15.0,3,0.5,1490,2025-11-18 13:13:14.595172,2025-11-18 13:15:25.413005,2268,2.18,17979844,17982111,LONG,3,4,-440.0,-456.0,3.0,-30.0,13.5375,67.7,16.375,27.500000000000004,1.0,12.375,FAILURE,6.0,"349,1036",100,13,"-30.0,-60.0,-90.0",FAILURE,16.41,True,
FA_SD50_R03_MA3_RT50,50.0,15.0,3,0.5,1491,2025-11-18 13:15:25.413005,2025-11-18 13:37:28.186073,19519,22.05,17982111,18001629,SHORT,3,4,762.0,746.0,47.625,-29.8333,14.075,83.2,15.875,26.550000000000004,1.0,14.25,SUCCESS,50.0,"3406,12378",101,13,"-30.0,-61.0,-90.0",FAILURE,270.72,True,756.0
FA_SD50_R03_MA3_RT50,50.0,15.0,3,0.5,1492,2025-11-18 13:37:28.186073,2025-11-18 13:38:40.061000,1086,1.2,18001629,18002714,LONG,0,1,101.0,97.0,25.25,-0.5,13.5125,55.2,15.75,35.875000000000014,1.0,12.375,SUCCESS,50.5,,102,13,,SUCCESS,14.6832,False,101.0
FA_SD50_R03_MA3_RT50,50.0,15.0,3,0.5,1493,2025-11-18 13:38:40.061000,2025-11-18 13:40:43.244065,2105,2.05,18002714,18004818,SHORT,3,4,-440.0,-456.0,8.0,-30.0,13.9,73.2,14.25,35.875000000000014,1.0,13.125,FAILURE,16.0,"730,325",103,13,"-30.0,-60.0,-90.0",SUCCESS,13.37,True,
FA_SD50_R03_MA3_RT50,50.0,15.0,3,0.5,1494,2025-11-18 13:40:43.244065,2025-11-18 13:43:25.067000,3461,2.7,18004818,18008278,LONG,3,4,-440.0,-456.0,14.0,-30.0,13.9375,74.7,14.25,35.875000000000014,1.0,13.5,FAILURE,28.0,"724,289",104,13,"-30.0,-60.0,-90.0",FAILURE,22.7,True,
FA_SD50_R03_MA3_RT50,50.0,15.0,3,0.5,1495,2025-11-18 13:43:25.067000,2025-11-18 13:52:17.096000,7329,8.87,18008278,18015606,SHORT,3,4,-438.0,-454.0,17.9167,-29.8333,12.6,22.8,15.75,36.65000000000002,1.0,12.375,FAILURE,18.5,"331,6159",105,13,"-30.5,-60.5,-90.0",FAILURE,54.12,True,
FA_SD50_R03_MA3_RT50,50.0,15.0,3,0.5,1496,2025-11-18 13:52:17.096000,2025-11-18 13:55:57.123006,3805,3.67,18015606,18019410,LONG,3,4,-437.0,-453.0,15.0,-30.4167,13.825,69.10000000000001,16.5,35.175000000000004,1.0,13.5,FAILURE,30.0,"361,1033",106,13,"-30.5,-60.0,-91.0",FAILURE,23.77,True,
FA_SD50_R03_MA3_RT50,50.0,15.0,3,0.5,1497,2025-11-18 13:55:57.123006,2025-11-18 13:58:13.926001,2558,2.28,18019410,18021967,SHORT,0,1,101.0,97.0,25.25,-4.0,12.3125,17.900000000000002,20.375,37.2,1.0,12.5,SUCCESS,50.5,,107,13,,FAILURE,35.8119,False,101.0
FA_SD50_R03_MA3_RT50,50.0,15.0,3,0.5,1498,2025-11-18 13:58:13.926001,2025-11-18 14:01:05.010001,4433,2.85,18021967,18026399,LONG,1,2,260.0,252.0,32.5,-15.0,12.4125,22.0,16.125,42.27500000000001,1.0,12.0,SUCCESS,50.0,,108,13,-30.0,SUCCESS,61.72,False,258.0
FA_SD50_R03_MA3_RT50,50.0,15.0,3,0.5,1499,2025-11-18 14:01:05.010001,2025-11-18 14:03:31.332004,2936,2.44,18026399,18029334,SHORT,1,2,264.0,256.0,33.0,-19.25,11.425,8.8,12.0,37.2,1.0,11.0,SUCCESS,50.5,,109,14,-31.0,SUCCESS,42.6238,False,262.0
FA_SD50_R03_MA3_RT50,50.0,15.0,3,0.5,1500,2025-11-18 14:03:31.332004,2025-11-18 14:07:09.473000,2781,3.64,18029334,18032114,LONG,0,1,100.0,96.0,25.0,-11.75,13.9,77.7,17.625,42.45000000000002,1.0,13.375,SUCCESS,50.0,,110,14,,SUCCESS,42.22,False,100.0
FA_SD50_R03_MA3_RT50,50.0,15.0,3,0.5,1501,2025-11-18 14:07:09.473000,2025-11-18 14:08:21.098037,685,1.19,18032114,18032798,SHORT,0,1,100.0,96.0,25.0,-3.75,13.8,74.5,17.625,42.45000000000002,1.0,14.0,SUCCESS,50.0,,111,14,,SUCCESS,11.84,False,100.0
FA_SD50_R03_MA3_RT50,50.0,15.0,3,0.5,1502,2025-11-18 14:08:21.098037,2025-11-18 14:09:30.103000,671,1.15,18032798,18033468,LONG,0,1,100.0,96.0,25.0,-2.75,13.325,50.900000000000006,16.125,42.45000000000002,1.0,13.625,SUCCESS,50.0,,112,14,,SUCCESS,11.54,False,100.0
FA_SD50_R03_MA3_RT50,50.0,15.0,3,0.5,1503,2025-11-18 14:09:30.103000,2025-11-18 14:17:25.825000,6514,7.93,18033468,18039981,SHORT,2,3,486.0,474.0,40.5,-22.5,14.1375,86.9,16.125,42.45000000000002,1.0,14.0,SUCCESS,51.0,3852,113,14,"-30.0,-60.0",SUCCESS,87.3529,False,482.0
FA_SD50_R03_MA3_RT50,50.0,15.0,3,0.5,1504,2025-11-18 14:17:25.825000,2025-11-18 14:19:09.741048,1277,1.73,18039981,18041257,LONG,0,1,100.0,96.0,25.0,-8.0,14.45,92.0,17.625,37.75,1.0,15.625,SUCCESS,50.0,,114,14,,SUCCESS,18.12,False,100.0
FA_SD50_R03_MA3_RT50,50.0,15.0,3,0.5,1505,2025-11-18 14:19:09.741048,2025-11-18 14:23:14.156044,3330,4.07,18041257,18044586,SHORT,2,3,480.0,468.0,40.0,-22.5,14.475,92.2,19.375,37.75,1.0,15.25,SUCCESS,50.0,641,115,14,"-30.0,-60.0",SUCCESS,48.08,False,476.0
FA_SD50_R03_MA3_RT50,50.0,15.0,3,0.5,1506,2025-11-18 14:23:14.156044,2025-11-18 14:37:02.330000,10282,13.8,18044586,18054867,LONG,1,2,265.0,257.0,33.125,-19.625,14.0375,84.0,17.875,36.400000000000006,1.0,14.375,SUCCESS,50.5,,116,14,-31.5,SUCCESS,139.1782,False,263.0
FA_SD50_R03_MA3_RT50,50.0,15.0,3,0.5,1507,2025-11-18 14:37:02.330000,2025-11-18 14:39:34.259003,3218,2.53,18054867,18058084,SHORT,3,4,-437.0,-453.0,10.625,-29.75,11.5375,9.0,23.125,37.075,1.0,11.875,FAILURE,6.5,"1984,431",117,14,"-31.5,-60.0,-90.0",SUCCESS,17.59,True,
FA_SD50_R03_MA3_RT50,50.0,15.0,3,0.5,1508,2025-11-18 14:39:34.259003,2025-11-18 14:44:37.337004,6147,5.05,18058084,18064230,LONG,3,4,-439.0,-455.0,21.5,-29.9167,11.8875,15.5,25.75,38.95000000000002,1.0,12.125,FAILURE,43.0,"1033,1590",118,14,"-30.0,-60.5,-90.0",FAILURE,39.16,True,
FA_SD50_R03_MA3_RT50,50.0,15.0,3,0.5,1509,2025-11-18 14:44:37.337004,2025-11-18 14:47:15.131016,2792,2.63,18064230,18067021,SHORT,3,4,-438.0,-454.0,12.75,-30.1667,11.6875,17.0,25.75,51.575000000000024,1.0,10.75,FAILURE,25.5,"1319,298",119,14,"-30.0,-60.5,-90.5",FAILURE,19.16,True,
FA_SD50_R03_MA3_RT50,50.0,15.0,3,0.5,1510,2025-11-18 14:47:15.131016,2025-11-18 14:53:12.613004,5162,5.96,18067021,18072182,LONG,3,4,-440.0,-456.0,14.25,-30.0,13.05,46.5,24.375,50.45000000000003,1.0,11.375,FAILURE,28.5,"1037,2607",120,14,"-30.0,-60.0,-90.0",FAILURE,36.05,True,
FA_SD50_R03_MA3_RT50,50.0,15.0,3,0.5,1511,2025-11-18 14:53:12.613004,2025-11-18 14:55:08.577000,2269,1.93,18072182,18074450,SHORT,0,1,100.0,96.0,25.0,-7.5,15.3375,97.80000000000001,20.875,51.575000000000024,1.0,14.875,SUCCESS,50.0,,121,14,,FAILURE,30.46,False,100.0
FA_SD50_R03_MA3_RT50,50.0,15.0,3,0.5,1512,2025-11-18 14:55:08.577000,2025-11-18 14:56:40.582001,2079,1.53,18074450,18076528,LONG,0,1,100.0,96.0,25.0,-6.75,13.4,52.900000000000006,19.25,48.625,1.0,13.125,SUCCESS,50.0,,122,14,,SUCCESS,27.82,False,100.0
FA_SD50_R03_MA3_RT50,50.0,15.0,3,0.5,1513,2025-11-18 14:56:40.582001,2025-11-18 15:00:28.873002,3273,3.8,18076528,18079800,SHORT,3,4,-443.0,-459.0,7.5,-29.9167,11.525,14.0,19.25,48.625,1.0,10.75,FAILURE,11.0,"1695,990",123,14,"-30.0,-60.5,-90.0",SUCCESS,23.5174,True,
FA_SD50_R03_MA3_RT50,50.0,15.0,3,0.5,1514,2025-11-18 15:00:28.873002,2025-11-18 15:04:33.101000,3839,4.07,18079800,18083638,LONG,3,4,-438.0,-454.0,6.75,-30.1667,12.0625,24.3,23.125,48.05,1.0,11.125,FAILURE,13.5,"1153,1508",124,15,"-30.5,-60.0,-90.5",FAILURE,26.74,True,
FA_SD50_R03_MA3_RT50,50.0,15.0,3,0.5,1515,2025-11-18 15:04:33.101000,2025-11-18 15:06:14.566000,1556,1.69,18083638,18085193,SHORT,0,1,100.0,96.0,25.0,-7.75,12.2625,29.8,18.375,41.250000000000014,1.0,11.5,SUCCESS,50.0,,125,15,,FAILURE,21.56,False,100.0
FA_SD50_R03_MA3_RT50,50.0,15.0,3,0.5,1516,2025-11-18 15:06:14.566000,2025-11-18 15:17:11.480003,8341,10.95,18085193,18093533,LONG,0,1,100.0,96.0,25.0,-14.0,12.4375,33.4,23.125,48.150000000000006,1.0,12.125,SUCCESS,50.0,,126,15,,SUCCESS,113.46,False,100.0
FA_SD50_R03_MA3_RT50,50.0,15.0,3,0.5,1517,2025-11-18 15:17:11.480003,2025-11-18 15:18:23.649000,1311,1.2,18093533,18094843,SHORT,0,1,100.0,96.0,25.0,-7.75,12.325,30.8,16.5,30.22500000000003,1.0,12.375,SUCCESS,50.0,,127,15,,SUCCESS,16.2,False,100.0
FA_SD50_R03_MA3_RT50,50.0,15.0,3,0.5,1518,2025-11-18 15:18:23.649000,2025-11-18 15:26:04.228001,6016,7.68,18094843,18100858,LONG,3,4,-439.0,-455.0,24.0,-30.25,11.3625,8.4,16.5,30.22500000000003,1.0,11.5,FAILURE,48.0,"367,1281",128,15,"-30.0,-60.0,-90.5",SUCCESS,40.31,True,
FA_SD50_R03_MA3_RT50,50.0,15.0,3,0.5,1519,2025-11-18 15:26:04.228001,2025-11-18 15:46:42.026000,19097,20.63,18100858,18119954,SHORT,3,4,760.0,744.0,47.5,-30.0,10.8375,3.2,17.75,36.250000000000014,1.0,10.5,SUCCESS,50.0,"3575,1786",129,15,"-30.0,-60.0,-90.0",FAILURE,240.1,True,754.0
FA_SD50_R03_MA3_RT50,50.0,15.0,3,0.5,1520,2025-11-18 15:46:42.026000,2025-11-18 15:50:11.262000,5366,3.49,18119954,18125319,LONG,1,2,260.0,252.0,32.5,-15.0,10.775,6.800000000000001,18.75,38.57500000000002,1.0,10.0,SUCCESS,50.0,,130,15,-30.0,SUCCESS,68.16,False,258.0
FA_SD50_R03_MA3_RT50,50.0,15.0,3,0.5,1521,2025-11-18 15:50:11.262000,2025-11-18 15:54:30.049000,6645,4.31,18125319,18131963,SHORT,1,2,260.0,252.0,32.5,-18.75,11.05,15.600000000000001,18.75,34.10000000000001,1.0,10.625,SUCCESS,50.0,,131,15,-30.0,SUCCESS,87.18,False,258.0
FA_SD50_R03_MA3_RT50,50.0,15.0,3,0.5,1522,2025-11-18 15:54:30.049000,2025-11-18 15:59:22.536000,11124,4.87,18131963,18143086,LONG,3,4,-435.0,-451.0,20.625,-29.5833,12.1875,50.6,13.125,29.700000000000006,1.0,11.375,FAILURE,25.0,"6814,2648",132,15,"-32.5,-60.0,-90.0",SUCCESS,54.56,True,
FA_SD50_R03_MA3_RT50,50.0,15.0,3,0.5,1523,2025-11-18 15:59:22.536000,2025-11-18 16:00:52.725001,10640,1.5,18143086,18153725,SHORT,1,2,260.0,252.0,32.5,-15.25,6.15,0.4,17.25,38.800000000000026,1.0,6.25,SUCCESS,50.0,,133,15,-30.0,FAILURE,84.18,False,258.0
FA_SD50_R03_MA3_RT50,50.0,15.0,3,0.5,1525,2025-11-19 09:35:13.708001,2025-11-19 09:36:25.984000,3529,1.2,18184225,18187753,LONG,0,1,100.0,94.0,25.0,-5.75,11.6125,51.300000000000004,20.125,36.62500000000001,1.0,11.875,SUCCESS,50.0,,1,9,,SESSION_START,44.3,False,98.0
FA_SD50_R03_MA3_RT50,50.0,15.0,3,0.5,1526,2025-11-19 09:36:25.984000,2025-11-19 09:38:36.913000,4178,2.18,18187753,18191930,SHORT,0,1,100.0,96.0,25.0,-8.5,11.65,52.6,15.75,36.62500000000001,1.0,11.375,SUCCESS,50.0,,2,9,,SUCCESS,57.04,False,100.0
FA_SD50_R03_MA3_RT50,50.0,15.0,3,0.5,1527,2025-11-19 09:38:36.913000,2025-11-19 09:40:23.334000,3639,1.77,18191930,18195568,LONG,1,2,263.0,255.0,32.875,-17.125,12.5,77.80000000000001,13.375,30.325000000000017,1.0,11.75,SUCCESS,50.5,,3,9,-30.5,SUCCESS,49.4158,False,261.0
FA_SD50_R03_MA3_RT50,50.0,15.0,3,0.5,1528,2025-11-19 09:40:23.334000,2025-11-19 09:40:50.329000,918,0.45,18195568,18196485,SHORT,0,1,100.0,96.0,25.0,-5.75,13.3125,94.4,15.25,36.85000000000001,1.0,13.625,SUCCESS,50.0,,4,9,,SUCCESS,12.84,False,100.0
FA_SD50_R03_MA3_RT50,50.0,15.0,3,0.5,1529,2025-11-19 09:40:50.329000,2025-11-19 09:41:11.550018,625,0.35,18196485,18197109,LONG,0,1,100.0,96.0,25.0,-1.75,13.05,90.4,15.25,36.85000000000001,1.0,13.625,SUCCESS,50.0,,5,9,,SUCCESS,9.12,False,100.0
FA_SD50_R03_MA3_RT50,50.0,15.0,3,0.5,1530,2025-11-19 09:41:11.550018,2025-11-19 09:44:14.430002,6963,3.05,18197109,18204071,SHORT,3,4,-439.0,-455.0,6.75,-29.9167,13.275,94.4,15.25,36.85000000000001,1.0,13.625,FAILURE,8.5,"2068,2486",6,9,"-30.0,-60.5,-90.0",SUCCESS,38.82,True,
FA_SD50_R03_MA3_RT50,50.0,15.0,3,0.5,1531,2025-11-19 09:44:14.430002,2025-11-19 09:45:37.653000,4744,1.39,18204071,18208814,LONG,0,1,100.0,96.0,25.0,-13.25,8.7,12.8,20.125,36.300000000000004,1.0,8.5,SUCCESS,50.0,,7,9,,FAILURE,47.06,False,100.0
FA_SD50_R03_MA3_RT50,50.0,15.0,3,0.5,1532,2025-11-19 09:45:37.653000,2025-11-19 09:46:33.618017,2192,0.93,18208814,18211005,SHORT,0,1,100.0,96.0,25.0,-3.25,9.225,18.400000000000002,18.75,36.300000000000004,1.0,9.375,SUCCESS,50.0,,8,9,,SUCCESS,25.44,False,100.0
FA_SD50_R03_MA3_RT50,50.0,15.0,3,0.5,1533,2025-11-19 09:46:33.618017,2025-11-19 09:47:15.548029,2038,0.7,18211005,18213042,LONG,0,1,100.0,96.0,25.0,-8.75,9.3875,21.400000000000002,20.25,36.525000000000006,1.0,9.5,SUCCESS,50.0,,9,9,,SUCCESS,21.92,False,100.0
FA_SD50_R03_MA3_RT50,50.0,15.0,3,0.5,1534,2025-11-19 09:47:15.548029,2025-11-19 09:53:22.784000,12955,6.12,18213042,18225996,SHORT,3,4,-440.0,-456.0,26.5,-30.0,9.475,22.200000000000003,21.0,36.525000000000006,1.0,8.875,FAILURE,38.0,"5565,2944",10,9,"-30.0,-60.0,-90.0",SUCCESS,68.75,True,
FA_SD50_R03_MA3_RT50,50.0,15.0,3,0.5,1535,2025-11-19 09:53:22.784000,2025-11-19 09:53:55.110002,1837,0.54,18225996,18227832,LONG,0,1,100.0,96.0,25.0,-2.0,7.325,11.200000000000001,20.0,33.550000000000004,1.0,7.25,SUCCESS,50.0,,11,9,,FAILURE,13.72,False,100.0
FA_SD50_R03_MA3_RT50,50.0,15.0,3,0.5,1536,2025-11-19 09:53:55.110002,2025-11-19 09:59:07.524007,11411,5.21,18227832,18239242,SHORT,3,4,-444.0,-460.0,9.25,-30.0,6.8125,10.200000000000001,18.875,36.775000000000006,1.0,6.625,FAILURE,18.5,"5496,1184",12,9,"-30.0,-60.0,-90.0",SUCCESS,50.0348,True,
FA_SD50_R03_MA3_RT50,50.0,15.0,3,0.5,1537,2025-11-19 09:59:07.524007,2025-11-19 10:02:08.704041,8960,3.02,18239242,18248201,LONG,0,1,100.0,96.0,25.0,-6.0,7.7125,16.2,10.5,23.275000000000027,1.0,7.375,SUCCESS,50.0,,13,9,,FAILURE,80.96,False,100.0
FA_SD50_R03_MA3_RT50,50.0,15.0,3,0.5,1538,2025-11-19 10:02:08.704041,2025-11-19 10:15:06.414000,26686,12.96,18248201,18274886,SHORT,3,4,-444.0,-460.0,32.75,-30.0,8.7875,34.6,11.75,21.525000000000006,1.0,9.0,FAILURE,35.5,"8368,14321",14,10,"-30.0,-60.0,-90.0",SUCCESS,124.0448,True,
FA_SD50_R03_MA3_RT50,50.0,15.0,3,0.5,1539,2025-11-19 10:15:06.414000,2025-11-19 10:17:20.960000,5269,2.24,18274886,18280154,LONG,0,1,100.0,96.0,25.0,-3.5,8.3125,30.0,10.625,23.500000000000007,1.0,7.375,SUCCESS,50.0,,15,10,,FAILURE,41.34,False,100.0
FA_SD50_R03_MA3_RT50,50.0,15.0,3,0.5,1540,2025-11-19 10:17:20.960000,2025-11-19 10:18:07.373001,1501,0.77,18280154,18281654,SHORT,0,1,100.0,96.0,25.0,-0.75,6.0,0.8,10.625,26.425000000000004,1.0,5.625,SUCCESS,50.0,,16,10,,SUCCESS,13.3,False,100.0
FA_SD50_R03_MA3_RT50,50.0,15.0,3,0.5,1541,2025-11-19 10:18:07.373001,2025-11-19 10:37:08.868000,31226,19.02,18281654,18312879,LONG,3,4,-439.0,-455.0,27.375,-29.9167,6.3,2.6,10.625,26.425000000000004,1.0,5.75,FAILURE,39.5,"8796,19170",17,10,"-30.5,-60.0,-90.0",SUCCESS,156.25,True,
FA_SD50_R03_MA3_RT50,50.0,15.0,3,0.5,1542,2025-11-19 10:37:08.868000,2025-11-19 10:45:28.744000,10991,8.33,18312879,18323869,SHORT,2,3,480.0,468.0,40.0,-22.5,9.975,82.80000000000001,16.75,28.8,1.0,9.875,SUCCESS,50.0,392,18,10,"-30.0,-60.0",FAILURE,117.38,False,476.0
FA_SD50_R03_MA3_RT50,50.0,15.0,3,0.5,1543,2025-11-19 10:45:28.744000,2025-11-19 10:50:57.496000,8991,5.48,18323869,18332859,LONG,3,4,-439.0,-455.0,14.5,-30.25,9.4625,72.0,17.125,25.500000000000007,1.0,9.25,FAILURE,29.0,"2829,2521",19,10,"-30.0,-60.0,-90.5",SUCCESS,41.96,True,
FA_SD50_R03_MA3_RT50,50.0,15.0,3,0.5,1544,2025-11-19 10:50:57.496000,2025-11-19 10:53:52.630000,6866,2.92,18332859,18339724,SHORT,1,2,260.0,252.0,32.5,-15.0,7.2625,12.600000000000001,13.125,28.200000000000003,1.0,6.875,SUCCESS,50.0,,20,10,-30.0,FAILURE,57.94,False,258.0
FA_SD50_R03_MA3_RT50,50.0,15.0,3,0.5,1545,2025-11-19 10:53:52.630000,2025-11-19 10:57:27.345000,9833,3.58,18339724,18349556,LONG,3,4,-439.0,-455.0,13.5,-30.25,7.8,30.6,17.625,29.775,1.0,7.25,FAILURE,27.0,"2100,3629",21,10,"-30.0,-60.0,-90.5",SUCCESS,41.24,True,
FA_SD50_R03_MA3_RT50,50.0,15.0,3,0.5,1546,2025-11-19 10:57:27.345000,2025-11-19 11:06:02.915000,21062,8.59,18349556,18370617,SHORT,1,2,260.0,252.0,32.5,-16.75,8.025,42.400000000000006,15.25,28.075000000000003,1.0,8.5,SUCCESS,50.0,,22,10,-30.0,FAILURE,194.04,False,258.0
FA_SD50_R03_MA3_RT50,50.0,15.0,3,0.5,1547,2025-11-19 11:06:02.915000,2025-11-19 11:24:48.318000,36493,18.76,18370617,18407109,LONG,3,4,-439.0,-455.0,34.5,-30.25,8.7625,61.400000000000006,12.375,18.900000000000006,1.0,8.625,FAILURE,39.0,"13646,21214",23,11,"-30.0,-60.0,-90.5",SUCCESS,181.56,True,
FA_SD50_R03_MA3_RT50,50.0,15.0,3,0.5,1548,2025-11-19 11:24:48.318000,2025-11-19 11:26:02.277028,3131,1.23,18407109,18410239,SHORT,0,1,100.0,96.0,25.0,-3.75,10.075,83.80000000000001,11.875,27.525,1.0,10.25,SUCCESS,50.0,,24,11,,FAILURE,33.34,False,100.0
FA_SD50_R03_MA3_RT50,50.0,15.0,3,0.5,1549,2025-11-19 11:26:02.277028,2025-11-19 11:26:50.073000,1213,0.8,18410239,18411451,LONG,0,1,100.0,96.0,25.0,-3.5,9.2125,56.6,11.875,29.20000000000002,1.0,8.875,SUCCESS,50.0,,25,11,,SUCCESS,14.86,False,100.0
FA_SD50_R03_MA3_RT50,50.0,15.0,3,0.5,1550,2025-11-19 11:26:50.073000,2025-11-19 11:36:33.228001,12988,9.72,18411451,18424438,SHORT,2,3,480.0,468.0,40.0,-22.75,9.6875,72.10000000000001,11.875,29.20000000000002,1.0,9.625,SUCCESS,50.0,1456,26,11,"-30.0,-60.0",SUCCESS,161.36,False,476.0
FA_SD50_R03_MA3_RT50,50.0,15.0,3,0.5,1551,2025-11-19 11:36:33.228001,2025-11-19 11:38:42.644028,3500,2.16,18424438,18427937,LONG,0,1,100.0,96.0,25.0,-10.25,9.975,70.0,13.625,29.775000000000013,1.0,9.875,SUCCESS,50.0,,27,11,,SUCCESS,35.94,False,100.0
FA_SD50_R03_MA3_RT50,50.0,15.0,3,0.5,1552,2025-11-19 11:38:42.644028,2025-11-19 11:40:14.143000,1810,1.52,18427937,18429746,SHORT,0,1,100.0,96.0,25.0,-2.75,10.4125,83.2,12.125,28.525,1.0,10.0,SUCCESS,50.0,,28,11,,SUCCESS,19.38,False,100.0
FA_SD50_R03_MA3_RT50,50.0,15.0,3,0.5,1553,2025-11-19 11:40:14.143000,2025-11-19 11:42:22.898000,2701,2.15,18429746,18432446,LONG,0,1,101.0,97.0,25.25,-12.0,11.3625,93.80000000000001,11.625,28.525,1.0,11.625,SUCCESS,50.5,,29,11,,SUCCESS,30.3069,False,101.0
FA_SD50_R03_MA3_RT50,50.0,15.0,3,0.5,1554,2025-11-19 11:42:22.898000,2025-11-19 11:48:43.854001,7946,6.35,18432446,18440391,SHORT,1,2,260.0,252.0,32.5,-15.0,11.25,91.60000000000001,11.25,24.000000000000007,1.0,11.5,SUCCESS,50.0,,30,11,-30.0,SUCCESS,90.84,False,258.0
FA_SD50_R03_MA3_RT50,50.0,15.0,3,0.5,1555,2025-11-19 11:48:43.854001,2025-11-19 11:53:38.309000,4943,4.91,18440391,18445333,LONG,0,1,102.0,98.0,25.5,-13.75,12.2375,95.60000000000001,13.375,30.200000000000003,1.0,11.0,SUCCESS,51.0,,31,11,,SUCCESS,66.2745,False,102.0
FA_SD50_R03_MA3_RT50,50.0,15.0,3,0.5,1556,2025-11-19 11:53:38.309000,2025-11-19 12:03:34.557000,10953,9.94,18445333,18456285,SHORT,2,3,480.0,468.0,40.0,-22.5,11.6,87.80000000000001,17.125,31.1,1.0,11.875,SUCCESS,50.0,2186,32,11,"-30.0,-60.0",SUCCESS,137.1,False,476.0
FA_SD50_R03_MA3_RT50,50.0,15.0,3,0.5,1557,2025-11-19 12:03:34.557000,2025-11-19 12:05:13.998000,3603,1.66,18456285,18459887,LONG,3,4,-444.0,-460.0,2.25,-30.0,11.8375,84.5,18.5,33.900000000000006,1.0,11.875,FAILURE,4.5,"190,2455",33,12,"-30.0,-60.0,-90.0",SUCCESS,23.8259,True,
FA_SD50_R03_MA3_RT50,50.0,15.0,3,0.5,1558,2025-11-19 12:05:13.998000,2025-11-19 12:26:33.496000,21987,21.32,18459887,18481873,SHORT,2,3,485.0,473.0,40.4167,-27.3333,11.2875,74.60000000000001,18.5,37.575,1.0,11.0,SUCCESS,50.5,881,34,12,"-30.0,-61.0",FAILURE,290.9406,False,481.0
FA_SD50_R03_MA3_RT50,50.0,15.0,3,0.5,1559,2025-11-19 12:26:33.496000,2025-11-19 12:27:08.214000,1325,0.58,18481873,18483197,LONG,0,1,100.0,96.0,25.0,-6.5,11.9,70.60000000000001,15.25,27.55,1.0,11.75,SUCCESS,50.0,,35,12,,SUCCESS,11.88,False,100.0
FA_SD50_R03_MA3_RT50,50.0,15.0,3,0.5,1560,2025-11-19 12:27:08.214000,2025-11-19 12:32:51.116000,7266,5.72,18483197,18490462,SHORT,2,3,480.0,468.0,40.0,-22.5,10.875,51.0,16.625,28.675000000000004,1.0,10.0,SUCCESS,50.0,975,36,12,"-30.0,-60.0",SUCCESS,82.92,False,476.0
FA_SD50_R03_MA3_RT50,50.0,15.0,3,0.5,1561,2025-11-19 12:32:51.116000,2025-11-19 12:36:15.353000,5724,3.4,18490462,18496185,LONG,3,4,-439.0,-455.0,8.75,-29.9167,12.8625,97.2,19.0,37.275,1.0,11.875,FAILURE,13.0,"3407,964",37,12,"-30.0,-60.5,-90.0",SUCCESS,30.09,True,
FA_SD50_R03_MA3_RT50,50.0,15.0,3,0.5,1562,2025-11-19 12:36:15.353000,2025-11-19 12:37:37.483000,2478,1.37,18496185,18498662,SHORT,0,1,100.0,96.0,25.0,-5.5,10.0125,29.0,19.25,37.95,1.0,9.375,SUCCESS,50.0,,38,12,,FAILURE,28.02,False,100.0
FA_SD50_R03_MA3_RT50,50.0,15.0,3,0.5,1563,2025-11-19 12:37:37.483000,2025-11-19 12:38:21.053000,1452,0.73,18498662,18500113,LONG,0,1,101.0,97.0,25.25,-2.75,9.575,19.900000000000002,19.625,37.95,1.0,9.0,SUCCESS,50.5,,39,12,,SUCCESS,15.1584,False,101.0
FA_SD50_R03_MA3_RT50,50.0,15.0,3,0.5,1564,2025-11-19 12:38:21.053000,2025-11-19 12:39:09.356001,1087,0.81,18500113,18501199,SHORT,0,1,100.0,96.0,25.0,0.0,9.4125,14.600000000000001,20.0,37.95,1.0,8.875,SUCCESS,50.0,,40,12,,SUCCESS,12.9,False,100.0
FA_SD50_R03_MA3_RT50,50.0,15.0,3,0.5,1565,2025-11-19 12:39:09.356001,2025-11-19 12:41:15.400000,2255,2.1,18501199,18503453,LONG,0,1,102.0,98.0,25.5,-5.75,9.325,13.200000000000001,20.0,37.95,1.0,9.125,SUCCESS,51.0,,41,12,,SUCCESS,29.9412,False,102.0
FA_SD50_R03_MA3_RT50,50.0,15.0,3,0.5,1566,2025-11-19 12:41:15.400000,2025-11-19 12:42:12.043000,2070,0.94,18503453,18505522,SHORT,3,4,-448.0,-464.0,0.75,-30.0,10.2875,34.2,20.0,37.275,1.0,10.0,FAILURE,1.5,"546,976",42,12,"-30.0,-60.0,-90.0",SUCCESS,11.0099,True,
FA_SD50_R03_MA3_RT50,50.0,15.0,3,0.5,1567,2025-11-19 12:42:12.043000,2025-11-19 12:42:41.094001,1050,0.48,18505522,18506571,LONG,0,1,100.0,96.0,25.0,-0.75,10.9,45.300000000000004,20.0,39.37500000000003,1.0,10.0,SUCCESS,50.0,,43,12,,FAILURE,11.44,False,100.0
FA_SD50_R03_MA3_RT50,50.0,15.0,3,0.5,1568,2025-11-19 12:42:41.094001,2025-11-19 12:45:38.618011,5646,2.96,18506571,18512216,SHORT,1,2,260.0,252.0,32.5,-21.75,10.8375,43.5,20.0,39.37500000000003,1.0,10.125,SUCCESS,50.0,,44,12,-30.0,SUCCESS,64.58,False,258.0
FA_SD50_R03_MA3_RT50,50.0,15.0,3,0.5,1569,2025-11-19 12:45:38.618011,2025-11-19 12:47:30.642000,2798,1.87,18512216,18515013,LONG,1,2,260.0,252.0,32.5,-15.5,11.0125,47.2,19.625,56.92500000000001,1.0,10.375,SUCCESS,50.0,,45,12,-30.0,SUCCESS,38.52,False,258.0
FA_SD50_R03_MA3_RT50,50.0,15.0,3,0.5,1570,2025-11-19 12:47:30.642000,2025-11-19 12:49:42.251011,2003,2.19,18515013,18517015,SHORT,0,1,100.0,96.0,25.0,-13.75,14.375,99.80000000000001,21.25,52.2,1.0,14.625,SUCCESS,50.0,,46,12,,SUCCESS,30.5,False,100.0
FA_SD50_R03_MA3_RT50,50.0,15.0,3,0.5,1571,2025-11-19 12:49:42.251011,2025-11-19 12:50:30.276000,677,0.8,18517015,18517691,LONG,0,1,100.0,96.0,25.0,0.0,15.05,100.0,22.625,52.2,1.0,15.25,SUCCESS,50.0,,47,12,,SUCCESS,10.42,False,100.0
FA_SD50_R03_MA3_RT50,50.0,15.0,3,0.5,1572,2025-11-19 12:50:30.276000,2025-11-19 13:04:29.588004,12972,13.99,18517691,18530662,SHORT,3,4,-440.0,-456.0,18.5,-30.0,15.075,100.0,22.625,52.2,1.0,15.5,FAILURE,10.5,"1691,3638",48,12,"-30.0,-60.0,-90.0",SUCCESS,88.83,True,
FA_SD50_R03_MA3_RT50,50.0,15.0,3,0.5,1573,2025-11-19 13:04:29.588004,2025-11-19 13:07:28.165035,3260,2.98,18530662,18533921,LONG,3,4,-433.0,-449.0,9.0,-29.4167,11.95,55.5,17.125,27.475,1.0,11.375,FAILURE,9.0,"1370,429",49,13,"-32.0,-61.5,-90.0",FAILURE,21.34,True,
FA_SD50_R03_MA3_RT50,50.0,15.0,3,0.5,1574,2025-11-19 13:07:28.165035,2025-11-19 13:11:28.573048,3611,4.01,18533921,18537531,SHORT,3,4,-439.0,-455.0,5.25,-29.9167,12.1125,59.7,17.625,26.575000000000003,1.0,11.875,FAILURE,10.5,"562,1907",50,13,"-30.0,-60.5,-90.0",FAILURE,24.94,True,
FA_SD50_R03_MA3_RT50,50.0,15.0,3,0.5,1575,2025-11-19 13:11:28.573048,2025-11-19 13:19:25.516000,7798,7.95,18537531,18545328,LONG,3,4,-448.0,-464.0,23.75,-30.0,12.8125,84.60000000000001,17.625,28.07500000000001,1.0,12.875,FAILURE,47.5,"2124,1198",51,13,"-30.0,-60.0,-90.0",FAILURE,50.703,True,
FA_SD50_R03_MA3_RT50,50.0,15.0,3,0.5,1576,2025-11-19 13:19:25.516000,2025-11-19 13:21:41.202000,1846,2.26,18545328,18547173,SHORT,3,4,-443.0,-459.0,0.25,-30.25,12.6625,77.80000000000001,18.125,31.750000000000014,1.0,13.125,FAILURE,0.5,"537,930",52,13,"-30.0,-60.0,-90.5",FAILURE,12.9104,True,
FA_SD50_R03_MA3_RT50,50.0,15.0,3,0.5,1577,2025-11-19 13:21:41.202000,2025-11-19 13:27:50.647003,3993,6.16,18547173,18551165,LONG,3,4,-439.0,-455.0,10.0,-29.9167,12.25,63.0,18.375,41.32500000000001,1.0,13.0,FAILURE,15.0,"2405,398",53,13,"-30.0,-60.5,-90.0",FAILURE,29.15,True,
FA_SD50_R03_MA3_RT50,50.0,15.0,3,0.5,1578,2025-11-19 13:27:50.647003,2025-11-19 13:30:00.734003,2186,2.17,18551165,18553350,SHORT,0,1,100.0,96.0,25.0,-10.25,13.5,93.4,18.375,41.32500000000001,1.0,13.125,SUCCESS,50.0,,54,13,,FAILURE,27.74,False,100.0
FA_SD50_R03_MA3_RT50,50.0,15.0,3,0.5,1579,2025-11-19 13:30:00.734003,2025-11-19 13:30:10.440001,294,0.16,18553350,18553643,LONG,0,1,101.0,97.0,25.25,-1.25,12.25,58.1,17.625,41.32500000000001,1.0,12.125,SUCCESS,50.5,,55,13,,SUCCESS,3.8515,False,101.0
FA_SD50_R03_MA3_RT50,50.0,15.0,3,0.5,1580,2025-11-19 13:30:10.440001,2025-11-19 13:36:37.226000,5459,6.45,18553643,18559101,SHORT,3,4,-439.0,-455.0,13.75,-30.25,12.5625,70.9,17.625,41.32500000000001,1.0,12.25,FAILURE,23.5,"2787,659",56,13,"-30.0,-60.0,-90.5",SUCCESS,37.31,True,
FA_SD50_R03_MA3_RT50,50.0,15.0,3,0.5,1581,2025-11-19 13:36:37.226000,2025-11-19 13:37:40.279010,1129,1.05,18559101,18560229,LONG,0,1,100.0,96.0,25.0,-3.0,12.55,68.4,18.875,32.77500000000002,1.0,12.625,SUCCESS,50.0,,57,13,,FAILURE,12.92,False,100.0
FA_SD50_R03_MA3_RT50,50.0,15.0,3,0.5,1582,2025-11-19 13:37:40.279010,2025-11-19 13:39:31.518000,3814,1.85,18560229,18564042,SHORT,1,2,260.0,252.0,32.5,-17.0,12.1875,50.800000000000004,18.875,47.025000000000006,1.0,12.375,SUCCESS,50.0,,58,13,-30.0,SUCCESS,51.64,False,258.0
FA_SD50_R03_MA3_RT50,50.0,15.0,3,0.5,1583,2025-11-19 13:39:31.518000,2025-11-19 13:48:46.580002,7081,9.25,18564042,18571122,LONG,3,4,-437.0,-453.0,23.5,-29.75,12.3375,57.900000000000006,18.875,47.025000000000006,1.0,11.5,FAILURE,47.0,"1142,1890",59,13,"-31.5,-60.0,-90.0",SUCCESS,52.35,True,
FA_SD50_R03_MA3_RT50,50.0,15.0,3,0.5,1584,2025-11-19 13:48:46.580002,2025-11-19 13:52:06.996005,3079,3.34,18571122,18574200,SHORT,3,4,-440.0,-456.0,12.75,-30.0,12.3875,55.6,17.625,38.325,1.0,12.5,FAILURE,25.5,"445,769",60,13,"-30.0,-60.0,-90.0",FAILURE,18.41,True,
FA_SD50_R03_MA3_RT50,50.0,15.0,3,0.5,1585,2025-11-19 13:52:06.996005,2025-11-19 13:55:36.056000,2667,3.48,18574200,18576866,LONG,1,2,260.0,252.0,32.5,-15.0,12.1625,45.6,18.0,39.225,1.0,12.125,SUCCESS,50.0,,61,13,-30.0,FAILURE,31.16,False,258.0
FA_SD50_R03_MA3_RT50,50.0,15.0,3,0.5,1586,2025-11-19 13:55:36.056000,2025-11-19 14:00:18.734000,3818,4.71,18576866,18580683,SHORT,1,2,264.0,256.0,33.0,-15.0,12.6625,70.5,17.875,38.325,1.0,12.125,SUCCESS,51.0,,62,13,-30.0,SUCCESS,58.4902,False,262.0
FA_SD50_R03_MA3_RT50,50.0,15.0,3,0.5,1587,2025-11-19 14:00:18.734000,2025-11-19 14:25:50.547005,20126,25.53,18580683,18600808,LONG,3,4,-439.0,-455.0,31.8333,-29.9167,13.0125,84.80000000000001,17.875,34.87500000000001,1.0,12.75,FAILURE,33.5,"2830,12912",63,14,"-30.0,-60.5,-90.0",SUCCESS,142.55,True,
FA_SD50_R03_MA3_RT50,50.0,15.0,3,0.5,1588,2025-11-19 14:25:50.547005,2025-11-19 14:26:44.571024,1050,0.9,18600808,18601857,SHORT,0,1,100.0,96.0,25.0,-3.75,13.775,88.80000000000001,15.5,27.125,1.0,12.5,SUCCESS,50.0,,64,14,,FAILURE,12.66,False,100.0
FA_SD50_R03_MA3_RT50,50.0,15.0,3,0.5,1589,2025-11-19 14:26:44.571024,2025-11-19 14:30:39.479000,3807,3.92,18601857,18605663,LONG,0,1,100.0,96.0,25.0,-11.5,12.275,44.1,19.375,28.700000000000006,1.0,11.25,SUCCESS,50.0,,65,14,,SUCCESS,49.62,False,100.0
FA_SD50_R03_MA3_RT50,50.0,15.0,3,0.5,1590,2025-11-19 14:30:39.479000,2025-11-19 14:32:02.269000,1101,1.38,18605663,18606763,SHORT,0,1,100.0,96.0,25.0,-4.5,11.1625,19.200000000000003,19.875,28.700000000000006,1.0,11.375,SUCCESS,50.0,,66,14,,SUCCESS,15.38,False,100.0
FA_SD50_R03_MA3_RT50,50.0,15.0,3,0.5,1591,2025-11-19 14:32:02.269000,2025-11-19 14:50:02.034000,12123,18.0,18606763,18618885,LONG,1,2,264.0,256.0,33.0,-15.0,12.025,36.1,16.0,26.000000000000004,1.0,11.625,SUCCESS,51.0,,67,14,-30.0,SUCCESS,161.2941,False,262.0
FA_SD50_R03_MA3_RT50,50.0,15.0,3,0.5,1592,2025-11-19 14:50:02.034000,2025-11-19 14:54:12.454000,3681,4.17,18618885,18622565,SHORT,3,4,-440.0,-456.0,9.5,-30.0,12.625,60.2,12.75,22.975,1.0,12.25,FAILURE,19.0,"690,1517",68,14,"-30.0,-60.0,-90.0",SUCCESS,22.18,True,
FA_SD50_R03_MA3_RT50,50.0,15.0,3,0.5,1593,2025-11-19 14:54:12.454000,2025-11-19 14:55:06.043010,1060,0.89,18622565,18623624,LONG,0,1,100.0,96.0,25.0,0.0,10.525,9.0,12.75,22.975,1.0,10.625,SUCCESS,50.0,,69,14,,FAILURE,11.02,False,100.0
FA_SD50_R03_MA3_RT50,50.0,15.0,3,0.5,1594,2025-11-19 14:55:06.043010,2025-11-19 14:57:41.988000,3022,2.6,18623624,18626645,SHORT,0,1,100.0,96.0,25.0,-11.25,10.425,8.6,12.75,22.975,1.0,10.5,SUCCESS,50.0,,70,14,,SUCCESS,33.58,False,100.0
FA_SD50_R03_MA3_RT50,50.0,15.0,3,0.5,1595,2025-11-19 14:57:41.988000,2025-11-19 15:11:01.164001,8846,13.32,18626645,18635490,LONG,1,2,262.0,254.0,32.75,-21.5,11.2875,13.8,14.25,22.525,1.0,10.5,SUCCESS,50.0,,71,14,-31.0,SUCCESS,126.78,False,260.0
FA_SD50_R03_MA3_RT50,50.0,15.0,3,0.5,1596,2025-11-19 15:11:01.164001,2025-11-19 15:16:39.712000,4753,5.64,18635490,18640242,SHORT,3,4,-440.0,-456.0,6.75,-30.0,11.525,10.0,14.125,30.725000000000037,1.0,11.875,FAILURE,3.0,"2326,1394",72,15,"-30.0,-60.0,-90.0",SUCCESS,25.89,True,
FA_SD50_R03_MA3_RT50,50.0,15.0,3,0.5,1597,2025-11-19 15:16:39.712000,2025-11-19 15:18:46.530000,2348,2.11,18640242,18642589,LONG,0,1,100.0,96.0,25.0,-2.75,8.9375,0.0,13.125,31.850000000000033,1.0,9.125,SUCCESS,50.0,,73,15,,FAILURE,23.14,False,100.0
FA_SD50_R03_MA3_RT50,50.0,15.0,3,0.5,1598,2025-11-19 15:18:46.530000,2025-11-19 15:24:10.126000,10530,5.39,18642589,18653118,SHORT,2,3,480.0,468.0,40.0,-27.5,8.2375,0.2,12.25,31.57500000000003,1.0,7.875,SUCCESS,50.0,1342,74,15,"-30.0,-60.0",SUCCESS,99.2,False,476.0
FA_SD50_R03_MA3_RT50,50.0,15.0,3,0.5,1599,2025-11-19 15:24:10.126000,2025-11-19 15:24:30.689000,580,0.34,18653118,18653697,LONG,0,1,100.0,96.0,25.0,-2.25,9.525,9.600000000000001,11.5,36.075000000000024,1.0,8.75,SUCCESS,50.0,,75,15,,SUCCESS,5.86,False,100.0
FA_SD50_R03_MA3_RT50,50.0,15.0,3,0.5,1600,2025-11-19 15:24:30.689000,2025-11-19 15:37:44.152000,12829,13.22,18653697,18666525,SHORT,3,4,-440.0,-456.0,21.5,-30.0,9.9,11.200000000000001,11.5,36.075000000000024,1.0,9.125,FAILURE,39.0,"7018,1623",76,15,"-30.0,-60.0,-90.0",SUCCESS,72.71,True,
FA_SD50_R03_MA3_RT50,50.0,15.0,3,0.5,1601,2025-11-19 15:37:44.152000,2025-11-19 15:40:44.641000,4442,3.01,18666525,18670966,LONG,3,4,-439.0,-455.0,16.5,-29.9167,9.1,8.6,17.125,28.225,1.0,9.25,FAILURE,33.0,"659,1176",77,15,"-30.5,-60.0,-90.0",FAILURE,21.48,True,
FA_SD50_R03_MA3_RT50,50.0,15.0,3,0.5,1602,2025-11-19 15:40:44.641000,2025-11-19 15:45:49.453000,5168,5.08,18670966,18676133,SHORT,0,1,100.0,96.0,25.0,-9.25,9.1,12.0,18.375,36.72500000000003,1.0,8.875,SUCCESS,50.0,,78,15,,FAILURE,59.26,False,100.0
FA_SD50_R03_MA3_RT50,50.0,15.0,3,0.5,1603,2025-11-19 15:45:49.453000,2025-11-19 15:50:00.022045,4910,4.18,18676133,18681042,LONG,3,4,-440.0,-456.0,8.75,-30.0,11.2375,36.1,13.0,27.500000000000046,1.0,10.625,FAILURE,2.5,"3819,478",79,15,"-30.0,-60.0,-90.0",SUCCESS,27.34,True,
FA_SD50_R03_MA3_RT50,50.0,15.0,3,0.5,1604,2025-11-19 15:50:00.022045,2025-11-19 15:51:57.610000,3587,1.96,18681042,18684628,SHORT,3,4,-440.0,-456.0,10.25,-30.0,10.225,23.3,11.75,50.45000000000001,1.0,9.75,FAILURE,20.5,"872,583",80,15,"-30.0,-60.0,-90.0",FAILURE,24.46,True,
FA_SD50_R03_MA3_RT50,50.0,15.0,3,0.5,1605,2025-11-19 15:51:57.610000,2025-11-19 16:01:31.988021,19077,9.57,18684628,18703704,LONG,3,4,-440.0,-456.0,22.25,-30.0,10.4625,30.0,13.0,50.45000000000001,1.0,9.25,FAILURE,44.5,"3583,8472",81,15,"-30.0,-60.0,-90.0",FAILURE,100.87,True,
FA_SD50_R03_MA3_RT50,50.0,15.0,3,0.5,1606,2025-11-19 16:01:31.988021,2025-11-19 16:06:27.918054,3330,4.93,18703704,18707033,SHORT,3,4,-440.0,-456.0,13.0,-29.3333,9.2125,19.0,13.25,22.200000000000017,1.0,6.75,FAILURE,26.0,"767,600",82,16,"-31.5,-62.5,-90.0",FAILURE,26.3762,True,
FA_SD50_R03_MA3_RT50,50.0,15.0,3,0.5,1608,2025-11-20 09:30:42.627026,2025-11-20 09:31:24.602000,2949,0.7,18715666,18718614,SHORT,3,4,-448.0,-466.0,5.5,-30.0,10.9,49.800000000000004,16.5,46.57500000000001,2.0,10.375,FAILURE,11.0,"687,226",1,9,"-30.0,-60.0,-90.0",SESSION_START,22.2871,True,
FA_SD50_R03_MA3_RT50,50.0,15.0,3,0.5,1609,2025-11-20 09:31:24.602000,2025-11-20 09:33:42.633000,6026,2.3,18718614,18724639,LONG,3,4,-443.0,-459.0,15.625,-29.9167,10.9375,53.0,19.625,46.57500000000001,1.0,9.75,FAILURE,16.0,"2850,789",2,9,"-30.5,-60.0,-90.0",FAILURE,49.0199,True,
FA_SD50_R03_MA3_RT50,50.0,15.0,3,0.5,1610,2025-11-20 09:33:42.633000,2025-11-20 09:35:13.126005,3730,1.51,18724639,18728368,SHORT,3,4,-438.0,-454.0,10.25,-29.8333,14.075,90.60000000000001,19.625,43.525000000000006,1.0,14.375,FAILURE,20.5,"199,2228",3,9,"-31.0,-60.0,-90.0",FAILURE,28.0,True,
FA_SD50_R03_MA3_RT50,50.0,15.0,3,0.5,1611,2025-11-20 09:35:13.126005,2025-11-20 09:41:39.285000,13640,6.44,18728368,18742007,LONG,3,4,-440.0,-456.0,33.5,-30.0,13.2625,86.80000000000001,13.875,41.650000000000006,1.0,12.75,FAILURE,37.0,"717,10450",4,9,"-30.0,-60.0,-90.0",FAILURE,111.59,True,
FA_SD50_R03_MA3_RT50,50.0,15.0,3,0.5,1612,2025-11-20 09:41:39.285000,2025-11-20 09:43:22.031001,4235,1.71,18742007,18746241,SHORT,3,4,-447.0,-463.0,15.5,-30.25,14.3,88.4,18.625,38.575,1.0,14.0,FAILURE,31.0,"653,1801",5,9,"-30.0,-60.0,-90.5",FAILURE,33.3762,True,
FA_SD50_R03_MA3_RT50,50.0,15.0,3,0.5,1613,2025-11-20 09:43:22.031001,2025-11-20 09:43:55.153001,1685,0.55,18746241,18747925,LONG,0,1,100.0,96.0,25.0,-6.75,13.1875,76.60000000000001,20.5,41.95,1.0,13.125,SUCCESS,50.0,,6,9,,FAILURE,22.3,False,100.0
FA_SD50_R03_MA3_RT50,50.0,15.0,3,0.5,1614,2025-11-20 09:43:55.153001,2025-11-20 09:44:11.059000,780,0.27,18747925,18748704,SHORT,0,1,100.0,96.0,25.0,-0.25,13.075,75.0,20.5,46.67500000000001,1.0,12.625,SUCCESS,50.0,,7,9,,SUCCESS,10.16,False,100.0
FA_SD50_R03_MA3_RT50,50.0,15.0,3,0.5,1615,2025-11-20 09:44:11.059000,2025-11-20 09:47:25.156000,7118,3.23,18748704,18755821,LONG,2,3,480.0,468.0,40.0,-27.25,12.4,70.60000000000001,20.5,46.67500000000001,1.0,11.625,SUCCESS,50.0,793,8,9,"-30.0,-60.0",SUCCESS,107.86,False,476.0
FA_SD50_R03_MA3_RT50,50.0,15.0,3,0.5,1616,2025-11-20 09:47:25.156000,2025-11-20 09:49:44.696000,5572,2.33,18755821,18761392,SHORT,2,3,480.0,468.0,40.0,-22.5,13.2125,73.4,20.0,42.625000000000014,1.0,11.875,SUCCESS,50.0,767,9,9,"-30.0,-60.0",SUCCESS,71.74,False,476.0
FA_SD50_R03_MA3_RT50,50.0,15.0,3,0.5,1617,2025-11-20 09:49:44.696000,2025-11-20 09:50:06.087000,1256,0.36,18761392,18762647,LONG,0,1,100.0,96.0,25.0,-13.25,10.1125,30.400000000000002,20.375,54.000000000000014,1.0,10.25,SUCCESS,50.0,,10,9,,SUCCESS,14.4,False,100.0
FA_SD50_R03_MA3_RT50,50.0,15.0,3,0.5,1618,2025-11-20 09:50:06.087000,2025-11-20 09:56:22.639003,13308,6.28,18762647,18775954,SHORT,3,4,-440.0,-456.0,26.75,-30.0,11.4625,59.800000000000004,20.375,54.000000000000014,1.0,11.5,FAILURE,45.5,"8637,1033",11,9,"-30.0,-60.0,-90.0",SUCCESS,85.3,True,
FA_SD50_R03_MA3_RT50,50.0,15.0,3,0.5,1619,2025-11-20 09:56:22.639003,2025-11-20 10:05:28.026185,18215,9.09,18775954,18794168,LONG,3,4,-439.0,-455.0,27.8333,-29.9167,11.125,44.800000000000004,18.375,41.1,1.0,10.125,FAILURE,25.5,"584,14921",12,9,"-30.0,-60.5,-90.0",FAILURE,108.44,True,
FA_SD50_R03_MA3_RT50,50.0,15.0,3,0.5,1620,2025-11-20 10:05:28.026185,2025-11-20 10:06:24.534056,2622,0.94,18794168,18796789,SHORT,1,2,260.0,252.0,32.5,-15.0,11.4,51.0,18.0,37.85000000000001,1.0,11.5,SUCCESS,50.0,,13,10,-30.0,FAILURE,31.92,False,258.0
FA_SD50_R03_MA3_RT50,50.0,15.0,3,0.5,1621,2025-11-20 10:06:24.534056,2025-11-20 10:14:32.035001,15703,8.13,18796789,18812491,LONG,3,4,-448.0,-464.0,23.25,-30.0,11.0,40.300000000000004,18.0,34.35000000000001,1.0,11.5,FAILURE,16.5,"5919,7486",14,10,"-30.0,-60.0,-90.0",SUCCESS,90.2871,True,
FA_SD50_R03_MA3_RT50,50.0,15.0,3,0.5,1622,2025-11-20 10:14:32.035001,2025-11-20 10:18:04.576000,6440,3.54,18812491,18818930,SHORT,3,4,-440.0,-456.0,12.25,-30.0,11.875,54.0,16.0,27.80000000000001,1.0,11.5,FAILURE,9.5,"5196,795",15,10,"-30.0,-60.0,-90.0",FAILURE,42.52,True,
FA_SD50_R03_MA3_RT50,50.0,15.0,3,0.5,1623,2025-11-20 10:18:04.576000,2025-11-20 10:18:34.423001,1266,0.5,18818930,18820195,LONG,0,1,100.0,96.0,25.0,-2.75,11.1875,39.0,16.0,27.80000000000001,1.0,11.25,SUCCESS,50.0,,16,10,,FAILURE,12.94,False,100.0
FA_SD50_R03_MA3_RT50,50.0,15.0,3,0.5,1624,2025-11-20 10:18:34.423001,2025-11-20 10:19:30.012002,1327,0.93,18820195,18821521,SHORT,0,1,100.0,96.0,25.0,0.0,10.3125,20.400000000000002,16.0,36.20000000000002,1.0,10.625,SUCCESS,50.0,,17,10,,SUCCESS,17.38,False,100.0
FA_SD50_R03_MA3_RT50,50.0,15.0,3,0.5,1625,2025-11-20 10:19:30.012002,2025-11-20 10:23:13.737002,4590,3.73,18821521,18826110,LONG,1,2,260.0,252.0,32.5,-15.0,10.6875,29.0,16.0,36.20000000000002,1.0,10.375,SUCCESS,50.0,,18,10,-30.0,SUCCESS,67.94,False,258.0
FA_SD50_R03_MA3_RT50,50.0,15.0,3,0.5,1626,2025-11-20 10:23:13.737002,2025-11-20 10:36:58.013000,19162,13.74,18826110,18845271,SHORT,3,4,-440.0,-456.0,15.75,-30.0,13.3125,73.60000000000001,14.625,26.275,1.0,13.25,FAILURE,16.5,"8534,9095",19,10,"-30.0,-60.0,-90.0",SUCCESS,118.95,True,
FA_SD50_R03_MA3_RT50,50.0,15.0,3,0.5,1627,2025-11-20 10:36:58.013000,2025-11-20 10:48:34.031000,18181,11.6,18845271,18863451,LONG,3,4,-440.0,-456.0,26.75,-30.0,10.15,15.4,10.625,25.975,1.0,9.625,FAILURE,47.0,"10268,908",20,10,"-30.0,-60.0,-90.0",FAILURE,88.88,True,
FA_SD50_R03_MA3_RT50,50.0,15.0,3,0.5,1628,2025-11-20 10:48:34.031000,2025-11-20 10:52:51.995006,7201,4.3,18863451,18870651,SHORT,0,1,100.0,96.0,25.0,-9.5,9.0125,10.200000000000001,11.375,26.100000000000005,1.0,9.25,SUCCESS,50.0,,21,10,,FAILURE,72.46,False,100.0
FA_SD50_R03_MA3_RT50,50.0,15.0,3,0.5,1629,2025-11-20 10:52:51.995006,2025-11-20 10:59:21.383000,13734,6.49,18870651,18884384,LONG,3,4,-439.0,-455.0,17.0625,-29.9167,9.25,16.8,9.75,24.525000000000006,1.0,9.25,FAILURE,23.0,"1172,3780",22,10,"-30.0,-60.5,-90.0",SUCCESS,58.65,True,
FA_SD50_R03_MA3_RT50,50.0,15.0,3,0.5,1630,2025-11-20 10:59:21.383000,2025-11-20 11:00:29.165003,3893,1.13,18884384,18888276,SHORT,0,1,100.0,96.0,25.0,-5.75,8.2125,14.8,10.5,39.825,1.0,7.75,SUCCESS,50.0,,23,10,,FAILURE,32.84,False,100.0
FA_SD50_R03_MA3_RT50,50.0,15.0,3,0.5,1631,2025-11-20 11:00:29.165003,2025-11-20 11:05:09.045000,12597,4.66,18888276,18900872,LONG,3,4,-440.0,-456.0,9.0,-30.0,7.25,4.0,10.5,39.825,1.0,6.625,FAILURE,3.0,"8072,3023",24,11,"-30.0,-60.0,-90.0",SUCCESS,56.74,True,
FA_SD50_R03_MA3_RT50,50.0,15.0,3,0.5,1632,2025-11-20 11:05:09.045000,2025-11-20 11:10:01.949000,11834,4.88,18900872,18912705,SHORT,1,2,260.0,252.0,32.5,-18.5,7.8875,16.8,13.625,39.825,1.0,8.5,SUCCESS,50.0,,25,11,-30.0,FAILURE,116.78,False,258.0
FA_SD50_R03_MA3_RT50,50.0,15.0,3,0.5,1633,2025-11-20 11:10:01.949000,2025-11-20 11:12:55.626000,7641,2.89,18912705,18920345,LONG,3,4,-440.0,-456.0,11.0,-30.0,9.25,47.7,11.75,21.275,1.0,9.0,FAILURE,16.5,"3220,1454",26,11,"-30.0,-60.0,-90.0",SUCCESS,35.44,True,
FA_SD50_R03_MA3_RT50,50.0,15.0,3,0.5,1634,2025-11-20 11:12:55.626000,2025-11-20 11:15:11.823000,6434,2.27,18920345,18926778,SHORT,2,3,482.0,470.0,40.1667,-22.25,8.0125,21.0,12.625,22.25000000000001,1.0,8.0,SUCCESS,50.0,483,27,11,"-31.0,-60.0",FAILURE,59.46,False,478.0
FA_SD50_R03_MA3_RT50,50.0,15.0,3,0.5,1635,2025-11-20 11:15:11.823000,2025-11-20 11:18:50.322004,12499,3.64,18926778,18939276,LONG,3,4,-439.0,-455.0,26.3125,-29.9167,8.075,24.200000000000003,12.625,26.075000000000003,1.0,6.75,FAILURE,23.5,"394,3868",28,11,"-30.5,-60.0,-90.0",SUCCESS,62.82,True,
FA_SD50_R03_MA3_RT50,50.0,15.0,3,0.5,1636,2025-11-20 11:18:50.322004,2025-11-20 11:22:23.921000,11437,3.56,18939276,18950712,SHORT,2,3,480.0,468.0,40.0,-23.25,10.3625,82.60000000000001,18.875,42.17500000000001,1.0,10.25,SUCCESS,50.0,2116,29,11,"-30.0,-60.0",FAILURE,124.94,False,476.0
FA_SD50_R03_MA3_RT50,50.0,15.0,3,0.5,1637,2025-11-20 11:22:23.921000,2025-11-20 11:25:42.059000,8890,3.3,18950712,18959601,LONG,1,2,263.0,255.0,32.875,-17.625,11.7125,98.0,15.5,26.700000000000003,1.0,10.25,SUCCESS,50.5,,30,11,-30.5,SUCCESS,110.505,False,261.0
FA_SD50_R03_MA3_RT50,50.0,15.0,3,0.5,1638,2025-11-20 11:25:42.059000,2025-11-20 11:26:51.188002,3352,1.15,18959601,18962952,SHORT,0,1,100.0,96.0,25.0,-8.75,12.4125,99.60000000000001,18.375,34.27500000000002,1.0,12.375,SUCCESS,50.0,,31,11,,SUCCESS,44.26,False,100.0
FA_SD50_R03_MA3_RT50,50.0,15.0,3,0.5,1639,2025-11-20 11:26:51.188002,2025-11-20 11:27:05.619002,576,0.24,18962952,18963527,LONG,0,1,100.0,96.0,25.0,-1.0,12.675,98.0,18.5,34.27500000000002,1.0,11.75,SUCCESS,50.0,,32,11,,SUCCESS,8.44,False,100.0
FA_SD50_R03_MA3_RT50,50.0,15.0,3,0.5,1640,2025-11-20 11:27:05.619002,2025-11-20 11:29:17.988000,7415,2.21,18963527,18970941,SHORT,2,3,480.0,468.0,40.0,-25.25,13.55,100.0,18.5,34.27500000000002,1.0,13.625,SUCCESS,50.0,1809,33,11,"-30.0,-60.0",SUCCESS,93.56,False,476.0
FA_SD50_R03_MA3_RT50,50.0,15.0,3,0.5,1641,2025-11-20 11:29:17.988000,2025-11-20 11:31:33.548004,6260,2.26,18970941,18977200,LONG,3,4,-439.0,-455.0,31.3333,-29.9167,11.7375,92.4,18.125,34.27500000000002,1.0,11.5,FAILURE,32.5,"1083,3197",34,11,"-30.5,-60.0,-90.0",SUCCESS,43.23,True,
FA_SD50_R03_MA3_RT50,50.0,15.0,3,0.5,1642,2025-11-20 11:31:33.548004,2025-11-20 11:35:24.134015,7700,3.84,18977200,18984899,SHORT,2,3,481.0,469.0,40.0833,-22.75,12.925,98.60000000000001,18.75,48.525000000000006,1.0,12.75,SUCCESS,50.0,701,35,11,"-30.0,-60.5",FAILURE,116.46,False,477.0
FA_SD50_R03_MA3_RT50,50.0,15.0,3,0.5,1643,2025-11-20 11:35:24.134015,2025-11-20 11:36:25.688001,2949,1.03,18984899,18987847,LONG,0,1,103.0,99.0,25.75,-4.0,13.7375,98.80000000000001,16.75,54.75000000000002,1.0,14.125,SUCCESS,51.5,,36,11,,SUCCESS,38.7864,False,103.0
FA_SD50_R03_MA3_RT50,50.0,15.0,3,0.5,1644,2025-11-20 11:36:25.688001,2025-11-20 11:36:42.382000,626,0.28,18987847,18988472,SHORT,0,1,100.0,96.0,25.0,-3.5,13.325,97.2,12.375,42.60000000000004,1.0,14.375,SUCCESS,50.0,,37,11,,SUCCESS,9.2,False,100.0
FA_SD50_R03_MA3_RT50,50.0,15.0,3,0.5,1645,2025-11-20 11:36:42.382000,2025-11-20 11:38:40.563007,5142,1.97,18988472,18993613,LONG,3,4,-440.0,-456.0,20.25,-30.0,13.05,93.4,12.375,42.60000000000004,1.0,13.25,FAILURE,25.5,"2212,848",38,11,"-30.0,-60.0,-90.0",SUCCESS,35.04,True,
FA_SD50_R03_MA3_RT50,50.0,15.0,3,0.5,1646,2025-11-20 11:38:40.563007,2025-11-20 11:40:55.637006,7300,2.25,18993613,19000912,SHORT,2,3,481.0,469.0,40.0833,-22.6667,12.5125,85.4,12.75,31.6,1.0,12.875,SUCCESS,50.0,1151,39,11,"-30.5,-60.0",FAILURE,92.68,False,477.0
FA_SD50_R03_MA3_RT50,50.0,15.0,3,0.5,1647,2025-11-20 11:40:55.637006,2025-11-20 11:43:10.566000,5732,2.25,19000912,19006643,LONG,1,2,260.0,252.0,32.5,-19.0,11.0125,63.800000000000004,15.875,33.250000000000014,1.0,10.5,SUCCESS,50.0,,40,11,-30.0,SUCCESS,77.62,False,258.0
FA_SD50_R03_MA3_RT50,50.0,15.0,3,0.5,1648,2025-11-20 11:43:10.566000,2025-11-20 11:43:39.290054,1457,0.48,19006643,19008099,SHORT,0,1,100.0,96.0,25.0,-10.75,14.2875,99.60000000000001,16.375,40.92500000000001,1.0,14.125,SUCCESS,50.0,,41,11,,SUCCESS,21.86,False,100.0
FA_SD50_R03_MA3_RT50,50.0,15.0,3,0.5,1649,2025-11-20 11:43:39.290054,2025-11-20 11:43:46.244000,316,0.12,19008099,19008414,LONG,0,1,102.0,98.0,25.5,-2.25,15.15,100.0,14.875,31.25000000000003,1.0,14.375,SUCCESS,51.0,,42,11,,SUCCESS,4.2941,False,102.0
FA_SD50_R03_MA3_RT50,50.0,15.0,3,0.5,1650,2025-11-20 11:43:46.244000,2025-11-20 11:44:12.528015,877,0.44,19008414,19009290,SHORT,0,1,100.0,96.0,25.0,-7.75,15.15,100.0,14.875,31.25000000000003,1.0,14.375,SUCCESS,50.0,,43,11,,SUCCESS,12.28,False,100.0
FA_SD50_R03_MA3_RT50,50.0,15.0,3,0.5,1651,2025-11-20 11:44:12.528015,2025-11-20 11:45:10.371000,2954,0.96,19009290,19012243,LONG,3,4,-437.0,-453.0,7.125,-30.4167,15.1875,100.0,14.875,31.25000000000003,1.0,13.75,FAILURE,4.0,"1246,1360",44,11,"-30.5,-60.0,-91.0",SUCCESS,18.68,True,
FA_SD50_R03_MA3_RT50,50.0,15.0,3,0.5,1652,2025-11-20 11:45:10.371000,2025-11-20 11:45:24.756014,1141,0.24,19012243,19013383,SHORT,3,4,-447.0,-463.0,2.5,-29.9167,13.45,92.4,16.25,29.87500000000002,1.0,12.0,FAILURE,5.0,"307,466",45,11,"-30.0,-60.5,-90.0",FAILURE,7.9505,True,
FA_SD50_R03_MA3_RT50,50.0,15.0,3,0.5,1653,2025-11-20 11:45:24.756014,2025-11-20 11:47:05.176000,3813,1.67,19013383,19017195,LONG,3,4,-438.0,-454.0,5.25,-30.1667,13.0,85.0,19.0,44.97500000000001,1.0,12.0,FAILURE,10.5,"706,1461",46,11,"-30.5,-60.0,-90.5",FAILURE,30.02,True,
FA_SD50_R03_MA3_RT50,50.0,15.0,3,0.5,1654,2025-11-20 11:47:05.176000,2025-11-20 11:48:29.076000,3879,1.4,19017195,19021073,SHORT,3,4,-441.0,-457.0,13.0,-30.4167,15.5,99.60000000000001,21.375,44.97500000000001,1.0,15.25,FAILURE,26.0,"175,2028",47,11,"-30.0,-60.5,-91.0",FAILURE,28.7612,True,
FA_SD50_R03_MA3_RT50,50.0,15.0,3,0.5,1655,2025-11-20 11:48:29.076000,2025-11-20 11:49:06.483000,1887,0.62,19021073,19022959,LONG,1,2,261.0,253.0,32.625,-17.875,14.95,95.4,20.875,35.05000000000001,1.0,15.0,SUCCESS,50.0,,48,11,-30.5,FAILURE,26.86,False,259.0
FA_SD50_R03_MA3_RT50,50.0,15.0,3,0.5,1656,2025-11-20 11:49:06.483000,2025-11-20 11:49:23.449000,729,0.28,19022959,19023687,SHORT,0,1,100.0,96.0,25.0,-2.5,15.2,97.4,21.125,34.92500000000001,1.0,15.5,SUCCESS,50.0,,49,11,,SUCCESS,11.58,False,100.0
FA_SD50_R03_MA3_RT50,50.0,15.0,3,0.5,1657,2025-11-20 11:49:23.449000,2025-11-20 11:51:48.281000,6799,2.41,19023687,19030485,LONG,2,3,485.0,473.0,40.4167,-21.875,15.2,97.2,20.75,34.92500000000001,1.0,15.625,SUCCESS,50.0,385,50,11,"-32.5,-60.0",SUCCESS,96.72,False,481.0
FA_SD50_R03_MA3_RT50,50.0,15.0,3,0.5,1658,2025-11-20 11:51:48.281000,2025-11-20 11:52:16.344000,1722,0.47,19030485,19032206,SHORT,0,1,101.0,97.0,25.25,-14.25,14.65,89.2,18.0,34.82500000000001,1.0,14.125,SUCCESS,50.5,,51,11,,SUCCESS,21.9703,False,101.0
FA_SD50_R03_MA3_RT50,50.0,15.0,3,0.5,1659,2025-11-20 11:52:16.344000,2025-11-20 11:54:10.463000,4376,1.9,19032206,19036581,LONG,3,4,-438.0,-454.0,19.4167,-29.8333,14.0625,85.4,20.5,42.35,1.0,13.5,FAILURE,33.0,"611,2639",52,11,"-31.0,-60.0,-90.0",SUCCESS,32.78,True,
FA_SD50_R03_MA3_RT50,50.0,15.0,3,0.5,1660,2025-11-20 11:54:10.463000,2025-11-20 11:54:11.921004,444,0.02,19036581,19037024,SHORT,0,1,101.0,97.0,25.25,-3.0,14.6875,89.4,21.0,43.475,1.0,13.875,SUCCESS,50.5,,53,11,,FAILURE,5.6931,False,101.0
FA_SD50_R03_MA3_RT50,50.0,15.0,3,0.5,1661,2025-11-20 11:54:11.921004,2025-11-20 11:54:48.311003,2989,0.61,19037024,19040012,LONG,3,4,-440.0,-456.0,5.0,-30.0,14.7125,89.4,21.0,43.475,1.0,14.125,FAILURE,10.0,"1639,336",54,11,"-30.0,-60.0,-90.0",SUCCESS,20.24,True,
FA_SD50_R03_MA3_RT50,50.0,15.0,3,0.5,1662,2025-11-20 11:54:48.311003,2025-11-20 11:55:40.570012,2843,0.87,19040012,19042854,SHORT,1,2,260.0,252.0,32.5,-15.0,13.7625,77.60000000000001,21.25,46.77500000000002,1.0,14.25,SUCCESS,50.0,,55,11,-30.0,FAILURE,43.74,False,258.0
FA_SD50_R03_MA3_RT50,50.0,15.0,3,0.5,1663,2025-11-20 11:55:40.570012,2025-11-20 11:58:05.897000,8109,2.42,19042854,19050962,LONG,3,4,-439.0,-455.0,25.5,-30.25,11.6,38.2,21.0,46.77500000000002,1.0,11.625,FAILURE,36.0,"4181,2004",56,11,"-30.0,-60.0,-90.5",SUCCESS,60.92,True,
FA_SD50_R03_MA3_RT50,50.0,15.0,3,0.5,1664,2025-11-20 11:58:05.897000,2025-11-20 11:58:30.552014,1966,0.41,19050962,19052927,SHORT,0,1,101.0,97.0,25.25,-12.0,14.5375,85.60000000000001,22.25,54.425000000000004,1.0,13.625,SUCCESS,50.5,,57,11,,FAILURE,27.6337,False,101.0
FA_SD50_R03_MA3_RT50,50.0,15.0,3,0.5,1665,2025-11-20 11:58:30.552014,2025-11-20 11:58:51.965000,1371,0.36,19052927,19054297,LONG,0,1,100.0,96.0,25.0,-9.25,12.9875,61.400000000000006,22.25,54.425000000000004,1.0,12.75,SUCCESS,50.0,,58,11,,SUCCESS,20.24,False,100.0
FA_SD50_R03_MA3_RT50,50.0,15.0,3,0.5,1666,2025-11-20 11:58:51.965000,2025-11-20 11:59:12.394000,1180,0.34,19054297,19055476,SHORT,0,1,103.0,99.0,25.75,-10.0,12.8875,59.400000000000006,22.25,59.350000000000016,1.0,13.0,SUCCESS,51.5,,59,11,,SUCCESS,16.0291,False,103.0
FA_SD50_R03_MA3_RT50,50.0,15.0,3,0.5,1667,2025-11-20 11:59:12.394000,2025-11-20 11:59:52.064000,2584,0.66,19055476,19058059,LONG,1,2,268.0,260.0,33.5,-17.75,12.8625,59.0,26.25,55.52500000000002,1.0,12.25,SUCCESS,52.0,,60,11,-30.0,SUCCESS,36.2885,False,266.0
FA_SD50_R03_MA3_RT50,50.0,15.0,3,0.5,1668,2025-11-20 11:59:52.064000,2025-11-20 12:00:00.240001,487,0.14,19058059,19058545,SHORT,0,1,100.0,96.0,25.0,-2.0,13.75,74.2,30.625,55.52500000000002,1.0,13.125,SUCCESS,50.0,,61,11,,SUCCESS,6.7,False,100.0
FA_SD50_R03_MA3_RT50,50.0,15.0,3,0.5,1669,2025-11-20 12:00:00.240001,2025-11-20 12:00:09.581000,1152,0.16,19058545,19059696,LONG,1,2,260.0,252.0,32.5,-15.0,14.4125,84.30000000000001,30.625,55.52500000000002,1.0,13.75,SUCCESS,50.0,,62,12,-30.0,SUCCESS,19.58,False,258.0
FA_SD50_R03_MA3_RT50,50.0,15.0,3,0.5,1670,2025-11-20 12:00:09.581000,2025-11-20 12:00:31.079000,2362,0.36,19059696,19062057,SHORT,3,4,-443.0,-459.0,12.875,-29.9167,15.5375,99.0,30.625,55.52500000000002,1.0,15.5,FAILURE,10.5,"581,431",63,12,"-30.5,-60.0,-90.0",SUCCESS,19.199,True,
FA_SD50_R03_MA3_RT50,50.0,15.0,3,0.5,1671,2025-11-20 12:00:31.079000,2025-11-20 12:00:59.420000,1689,0.47,19062057,19063745,LONG,3,4,-433.0,-449.0,3.75,-29.75,17.175,100.0,26.25,55.52500000000002,1.0,16.0,FAILURE,7.5,"1031,192",64,12,"-33.0,-60.0,-90.5",FAILURE,12.81,True,
FA_SD50_R03_MA3_RT50,50.0,15.0,3,0.5,1672,2025-11-20 12:00:59.420000,2025-11-20 12:01:44.212002,2097,0.75,19063745,19065841,SHORT,3,4,-445.0,-461.0,12.625,-29.75,16.7125,98.80000000000001,21.5,49.67500000000003,1.0,15.375,FAILURE,10.0,"1177,540",65,12,"-30.5,-61.0,-90.0",FAILURE,18.099,True,
FA_SD50_R03_MA3_RT50,50.0,15.0,3,0.5,1673,2025-11-20 12:01:44.212002,2025-11-20 12:01:57.067000,828,0.21,19065841,19066668,LONG,0,1,100.0,96.0,25.0,-5.25,15.425,93.4,19.5,49.67500000000003,1.0,14.625,SUCCESS,50.0,,66,12,,FAILURE,11.9,False,100.0
FA_SD50_R03_MA3_RT50,50.0,15.0,3,0.5,1674,2025-11-20 12:01:57.067000,2025-11-20 12:02:03.344000,470,0.1,19066668,19067137,SHORT,0,1,102.0,98.0,25.5,-2.5,14.9375,85.10000000000001,24.75,68.8,1.0,14.625,SUCCESS,51.0,,67,12,,SUCCESS,7.1765,False,102.0
FA_SD50_R03_MA3_RT50,50.0,15.0,3,0.5,1675,2025-11-20 12:02:03.344000,2025-11-20 12:03:46.959003,4829,1.73,19067137,19071965,LONG,3,4,-440.0,-456.0,26.5,-30.0,15.325,92.2,24.75,68.8,1.0,14.625,FAILURE,23.0,"1608,2407",68,12,"-30.0,-60.0,-90.0",SUCCESS,41.3,True,
FA_SD50_R03_MA3_RT50,50.0,15.0,3,0.5,1676,2025-11-20 12:03:46.959003,2025-11-20 12:06:51.151000,7282,3.07,19071965,19079246,SHORT,3,4,770.0,754.0,48.125,-30.1667,15.075,85.5,28.0,68.8,1.0,15.5,SUCCESS,51.0,"700,61",69,12,"-30.5,-60.0,-90.5",FAILURE,129.9216,True,764.0
FA_SD50_R03_MA3_RT50,50.0,15.0,3,0.5,1677,2025-11-20 12:06:51.151000,2025-11-20 12:07:05.914001,1144,0.25,19079246,19080389,LONG,3,4,-440.0,-456.0,8.0,-30.0,16.3125,91.9,24.125,55.07500000000002,1.0,15.625,FAILURE,1.0,"474,177",70,12,"-30.0,-60.0,-90.0",SUCCESS,8.85,True,
FA_SD50_R03_MA3_RT50,50.0,15.0,3,0.5,1678,2025-11-20 12:07:05.914001,2025-11-20 12:08:14.926000,3653,1.15,19080389,19084041,SHORT,3,4,-430.0,-446.0,19.75,-30.1667,17.4125,97.4,24.875,58.67500000000001,1.0,16.625,FAILURE,39.5,"878,1675",71,12,"-33.0,-60.5,-91.5",FAILURE,33.36,True,
FA_SD50_R03_MA3_RT50,50.0,15.0,3,0.5,1679,2025-11-20 12:08:14.926000,2025-11-20 12:08:22.348000,555,0.12,19084041,19084595,LONG,0,1,102.0,98.0,25.5,-1.5,17.575,97.80000000000001,22.875,54.400000000000006,1.0,15.25,SUCCESS,51.0,,72,12,,FAILURE,9.7843,False,102.0
FA_SD50_R03_MA3_RT50,50.0,15.0,3,0.5,1680,2025-11-20 12:08:22.348000,2025-11-20 12:09:29.901000,2591,1.13,19084595,19087185,SHORT,1,2,263.0,255.0,32.875,-17.375,17.225,96.0,22.875,58.67500000000001,1.0,15.125,SUCCESS,50.5,,73,12,-30.5,SUCCESS,49.396,False,261.0
FA_SD50_R03_MA3_RT50,50.0,15.0,3,0.5,1681,2025-11-20 12:09:29.901000,2025-11-20 12:11:40.589001,4878,2.18,19087185,19092062,LONG,3,4,-439.0,-455.0,15.3333,-29.9167,17.425,97.2,21.625,46.07500000000002,1.0,16.25,FAILURE,19.5,"232,1846",74,12,"-30.5,-60.0,-90.0",SUCCESS,46.9,True,
FA_SD50_R03_MA3_RT50,50.0,15.0,3,0.5,1682,2025-11-20 12:11:40.589001,2025-11-20 12:11:44.530014,533,0.07,19092062,19092594,SHORT,0,1,100.0,96.0,25.0,-2.0,17.1375,92.0,23.5,58.77500000000001,1.0,15.875,SUCCESS,50.0,,75,12,,FAILURE,7.16,False,100.0
FA_SD50_R03_MA3_RT50,50.0,15.0,3,0.5,1683,2025-11-20 12:11:44.530014,2025-11-20 12:14:26.409000,9318,2.7,19092594,19101911,LONG,2,3,493.0,481.0,41.0833,-22.375,17.275,93.80000000000001,23.5,58.77500000000001,1.0,15.875,SUCCESS,52.0,2080,76,12,"-30.5,-60.0",SUCCESS,149.8077,False,489.0
FA_SD50_R03_MA3_RT50,50.0,15.0,3,0.5,1684,2025-11-20 12:14:26.409000,2025-11-20 12:15:02.188000,1924,0.6,19101911,19103834,SHORT,1,2,261.0,253.0,32.625,-19.125,16.5,82.80000000000001,22.375,50.00000000000003,1.0,13.75,SUCCESS,50.0,,77,12,-30.5,SUCCESS,29.82,False,259.0
FA_SD50_R03_MA3_RT50,50.0,15.0,3,0.5,1685,2025-11-20 12:15:02.188000,2025-11-20 12:16:14.760000,4046,1.21,19103834,19107879,LONG,3,4,-443.0,-459.0,16.25,-30.25,16.5625,83.2,21.75,46.5,1.0,14.0,FAILURE,32.5,"2073,364",78,12,"-30.0,-60.0,-90.5",SUCCESS,32.2438,True,
FA_SD50_R03_MA3_RT50,50.0,15.0,3,0.5,1686,2025-11-20 12:16:14.760000,2025-11-20 12:18:04.221002,4906,1.82,19107879,19112784,SHORT,1,2,264.0,256.0,33.0,-15.0,15.975,76.0,16.25,44.7,1.0,14.25,SUCCESS,51.0,,79,12,-30.0,FAILURE,79.6471,False,262.0
FA_SD50_R03_MA3_RT50,50.0,15.0,3,0.5,1687,2025-11-20 12:18:04.221002,2025-11-20 12:18:42.388000,1352,0.64,19112784,19114135,LONG,0,1,103.0,99.0,25.75,-3.5,14.0625,38.7,14.5,44.025000000000006,1.0,14.25,SUCCESS,51.5,,80,12,,SUCCESS,25.3883,False,103.0
FA_SD50_R03_MA3_RT50,50.0,15.0,3,0.5,1688,2025-11-20 12:18:42.388000,2025-11-20 12:20:37.450000,4658,1.92,19114135,19118792,SHORT,2,3,480.0,468.0,40.0,-22.5,14.9625,59.5,15.25,38.12500000000001,1.0,14.75,SUCCESS,50.0,368,81,12,"-30.0,-60.0",SUCCESS,89.66,False,476.0
FA_SD50_R03_MA3_RT50,50.0,15.0,3,0.5,1689,2025-11-20 12:20:37.450000,2025-11-20 12:21:24.660000,3289,0.79,19118792,19122080,LONG,2,3,491.0,479.0,40.9167,-22.625,17.6125,97.2,16.5,34.62500000000001,1.0,17.375,SUCCESS,51.5,304,82,12,"-30.5,-60.5",SUCCESS,50.4757,False,487.0
FA_SD50_R03_MA3_RT50,50.0,15.0,3,0.5,1690,2025-11-20 12:21:24.660000,2025-11-20 12:22:00.402012,1547,0.6,19122080,19123626,SHORT,3,4,-440.0,-456.0,2.75,-30.0,15.7,69.2,16.5,34.62500000000001,1.0,15.5,FAILURE,2.5,"1019,199",83,12,"-30.0,-60.0,-90.0",SUCCESS,13.67,True,
FA_SD50_R03_MA3_RT50,50.0,15.0,3,0.5,1691,2025-11-20 12:22:00.402012,2025-11-20 12:22:27.626000,1636,0.45,19123626,19125261,LONG,3,4,-439.0,-455.0,15.5,-29.9167,15.85,70.3,16.5,34.62500000000001,1.0,14.75,FAILURE,31.0,"145,111",84,12,"-30.5,-60.0,-90.0",FAILURE,14.03,True,
FA_SD50_R03_MA3_RT50,50.0,15.0,3,0.5,1692,2025-11-20 12:22:27.626000,2025-11-20 12:23:20.329000,2080,0.88,19125261,19127340,SHORT,3,4,-444.0,-460.0,10.5,-30.0,17.3,92.4,20.875,57.42500000000002,1.0,16.25,FAILURE,4.0,"319,756",85,12,"-30.0,-60.0,-90.0",FAILURE,20.0647,True,
FA_SD50_R03_MA3_RT50,50.0,15.0,3,0.5,1693,2025-11-20 12:23:20.329000,2025-11-20 12:25:03.351004,4173,1.72,19127340,19131512,LONG,3,4,-443.0,-459.0,26.125,-29.9167,17.9375,98.2,21.5,57.42500000000002,1.0,17.25,FAILURE,37.0,"3465,564",86,12,"-30.5,-60.0,-90.0",FAILURE,35.398,True,
FA_SD50_R03_MA3_RT50,50.0,15.0,3,0.5,1694,2025-11-20 12:25:03.351004,2025-11-20 12:25:39.342000,1859,0.6,19131512,19133370,SHORT,0,1,100.0,96.0,25.0,-1.0,16.35,70.2,21.625,57.42500000000002,1.0,15.375,SUCCESS,50.0,,87,12,,FAILURE,33.12,False,100.0
FA_SD50_R03_MA3_RT50,50.0,15.0,3,0.5,1695,2025-11-20 12:25:39.342000,2025-11-20 12:26:05.697000,932,0.44,19133370,19134301,LONG,0,1,100.0,96.0,25.0,-9.75,14.7,37.6,20.875,57.42500000000002,1.0,14.75,SUCCESS,50.0,,88,12,,SUCCESS,16.68,False,100.0
FA_SD50_R03_MA3_RT50,50.0,15.0,3,0.5,1696,2025-11-20 12:26:05.697000,2025-11-20 12:26:35.306000,1350,0.49,19134301,19135650,SHORT,3,4,-440.0,-456.0,3.5,-30.0,15.0375,47.300000000000004,20.875,57.42500000000002,1.0,14.25,FAILURE,4.5,"557,73",89,12,"-30.0,-60.0,-90.0",SUCCESS,13.22,True,
FA_SD50_R03_MA3_RT50,50.0,15.0,3,0.5,1697,2025-11-20 12:26:35.306000,2025-11-20 12:27:06.076000,1028,0.51,19135650,19136677,LONG,1,2,260.0,252.0,32.5,-15.0,15.8,62.900000000000006,20.5,58.525000000000034,1.0,14.5,SUCCESS,50.0,,90,12,-30.0,FAILURE,19.74,False,258.0
FA_SD50_R03_MA3_RT50,50.0,15.0,3,0.5,1698,2025-11-20 12:27:06.076000,2025-11-20 12:27:36.754005,1090,0.51,19136677,19137766,SHORT,0,1,100.0,96.0,25.0,-2.0,16.0125,66.2,20.5,58.525000000000034,1.0,14.5,SUCCESS,50.0,,91,12,,SUCCESS,21.76,False,100.0
FA_SD50_R03_MA3_RT50,50.0,15.0,3,0.5,1699,2025-11-20 12:27:36.754005,2025-11-20 12:30:12.307000,4884,2.59,19137766,19142649,LONG,2,3,480.0,468.0,40.0,-22.5,16.65,76.4,18.0,58.525000000000034,1.0,14.5,SUCCESS,50.0,3471,92,12,"-30.0,-60.0",SUCCESS,100.0,False,476.0
FA_SD50_R03_MA3_RT50,50.0,15.0,3,0.5,1700,2025-11-20 12:30:12.307000,2025-11-20 12:30:33.500005,1188,0.35,19142649,19143836,SHORT,0,1,100.0,96.0,25.0,-10.25,20.375,100.0,16.875,49.32500000000001,1.0,20.0,SUCCESS,50.0,,93,12,,SUCCESS,22.34,False,100.0
FA_SD50_R03_MA3_RT50,50.0,15.0,3,0.5,1701,2025-11-20 12:30:33.500005,2025-11-20 12:32:45.171037,4082,2.19,19143836,19147917,LONG,3,4,-440.0,-456.0,21.25,-30.0,19.15,98.2,16.875,36.95000000000003,1.0,19.5,FAILURE,42.5,"737,500",94,12,"-30.0,-60.0,-90.0",SUCCESS,42.92,True,
FA_SD50_R03_MA3_RT50,50.0,15.0,3,0.5,1702,2025-11-20 12:32:45.171037,2025-11-20 12:34:13.047000,2337,1.46,19147917,19150253,SHORT,1,2,261.0,253.0,32.625,-15.25,19.275,97.60000000000001,16.875,37.30000000000001,1.0,18.875,SUCCESS,50.0,,95,12,-30.5,FAILURE,44.02,False,259.0
FA_SD50_R03_MA3_RT50,50.0,15.0,3,0.5,1703,2025-11-20 12:34:13.047000,2025-11-20 12:34:35.991002,745,0.38,19150253,19150997,LONG,0,1,101.0,97.0,25.25,-2.75,18.0375,90.60000000000001,17.0,37.30000000000001,1.0,19.0,SUCCESS,50.5,,96,12,,SUCCESS,12.6238,False,101.0
FA_SD50_R03_MA3_RT50,50.0,15.0,3,0.5,1704,2025-11-20 12:34:35.991002,2025-11-20 12:34:43.467000,221,0.12,19150997,19151217,SHORT,0,1,101.0,97.0,25.25,-1.0,17.1125,74.4,17.125,37.30000000000001,1.0,15.75,SUCCESS,50.5,,97,12,,SUCCESS,4.1089,False,101.0
FA_SD50_R03_MA3_RT50,50.0,15.0,3,0.5,1705,2025-11-20 12:34:43.467000,2025-11-20 12:35:30.702001,1951,0.79,19151217,19153167,LONG,3,4,-440.0,-456.0,17.25,-30.0,17.475,83.4,15.125,37.30000000000001,1.0,17.125,FAILURE,34.5,"337,596",98,12,"-30.0,-60.0,-90.0",SUCCESS,16.94,True,
FA_SD50_R03_MA3_RT50,50.0,15.0,3,0.5,1706,2025-11-20 12:35:30.702001,2025-11-20 12:36:05.485002,1760,0.58,19153167,19154926,SHORT,0,1,100.0,96.0,25.0,-8.5,16.4125,59.5,15.125,43.70000000000002,1.0,16.25,SUCCESS,50.0,,99,12,,FAILURE,29.52,False,100.0
FA_SD50_R03_MA3_RT50,50.0,15.0,3,0.5,1707,2025-11-20 12:36:05.485002,2025-11-20 12:36:31.692000,1253,0.44,19154926,19156178,LONG,0,1,101.0,97.0,25.25,-6.5,15.375,43.2,20.875,43.70000000000002,1.0,15.0,SUCCESS,50.5,,100,12,,SUCCESS,18.604,False,101.0
FA_SD50_R03_MA3_RT50,50.0,15.0,3,0.5,1708,2025-11-20 12:36:31.692000,2025-11-20 12:38:26.674000,3839,1.92,19156178,19160016,SHORT,3,4,-435.0,-451.0,17.75,-29.5833,14.1,18.900000000000002,17.25,37.30000000000001,1.0,14.0,FAILURE,35.5,"1858,345",101,12,"-32.5,-61.5,-90.5",SUCCESS,36.6119,True,
FA_SD50_R03_MA3_RT50,50.0,15.0,3,0.5,1709,2025-11-20 12:38:26.674000,2025-11-20 12:38:46.235000,758,0.33,19160016,19160773,LONG,0,1,102.0,98.0,25.5,-5.0,15.1,39.0,17.25,37.30000000000001,1.0,15.375,SUCCESS,51.0,,102,12,,FAILURE,12.8235,False,102.0
FA_SD50_R03_MA3_RT50,50.0,15.0,3,0.5,1710,2025-11-20 12:38:46.235000,2025-11-20 12:43:01.515003,7958,4.25,19160773,19168730,SHORT,2,3,483.0,471.0,40.25,-25.25,16.1,54.2,17.25,37.30000000000001,1.0,16.625,SUCCESS,50.5,1623,103,12,"-30.0,-60.0",SUCCESS,142.1683,False,479.0
FA_SD50_R03_MA3_RT50,50.0,15.0,3,0.5,1711,2025-11-20 12:43:01.515003,2025-11-20 12:45:35.412000,4157,2.56,19168730,19172886,LONG,3,4,-439.0,-455.0,15.25,-30.25,15.7125,45.800000000000004,15.375,49.42500000000002,1.0,15.25,FAILURE,30.5,"1663,414",104,12,"-31.5,-60.0,-91.0",SUCCESS,37.9851,True,
FA_SD50_R03_MA3_RT50,50.0,15.0,3,0.5,1712,2025-11-20 12:45:35.412000,2025-11-20 12:46:05.442000,1217,0.5,19172886,19174102,SHORT,1,2,260.0,252.0,32.5,-15.75,14.25,13.200000000000001,20.375,49.60000000000002,1.0,14.25,SUCCESS,50.0,,105,12,-30.0,FAILURE,18.66,False,258.0
FA_SD50_R03_MA3_RT50,50.0,15.0,3,0.5,1713,2025-11-20 12:46:05.442000,2025-11-20 12:46:48.388000,1590,0.72,19174102,19175691,LONG,0,1,103.0,99.0,25.75,-7.0,14.9125,28.900000000000002,20.375,49.60000000000002,1.0,14.625,SUCCESS,51.5,,106,12,,SUCCESS,23.3495,False,103.0
FA_SD50_R03_MA3_RT50,50.0,15.0,3,0.5,1714,2025-11-20 12:46:48.388000,2025-11-20 12:49:04.162000,4038,2.26,19175691,19179728,SHORT,1,2,260.0,252.0,32.5,-22.25,14.5375,20.3,20.375,49.60000000000002,1.0,14.625,SUCCESS,50.0,,107,12,-30.0,SUCCESS,69.66,False,258.0
FA_SD50_R03_MA3_RT50,50.0,15.0,3,0.5,1715,2025-11-20 12:49:04.162000,2025-11-20 12:49:21.928008,404,0.3,19179728,19180131,LONG,0,1,101.0,97.0,25.25,-1.25,17.15,74.5,21.875,45.35000000000001,1.0,16.25,SUCCESS,50.5,,108,12,,SUCCESS,7.1584,False,101.0
FA_SD50_R03_MA3_RT50,50.0,15.0,3,0.5,1716,2025-11-20 12:49:21.928008,2025-11-20 12:51:09.942002,3677,1.8,19180131,19183807,SHORT,3,4,-440.0,-456.0,34.5,-30.0,17.575,84.2,21.875,43.32500000000002,1.0,16.25,FAILURE,39.0,"347,2318",109,12,"-30.0,-60.0,-90.0",SUCCESS,31.96,True,
FA_SD50_R03_MA3_RT50,50.0,15.0,3,0.5,1717,2025-11-20 12:51:09.942002,2025-11-20 12:52:11.052000,1962,1.02,19183807,19185768,LONG,1,2,262.0,254.0,32.75,-15.5,17.55,81.4,27.5,42.60000000000001,1.0,16.0,SUCCESS,50.0,,110,12,-31.0,FAILURE,32.18,False,260.0
FA_SD50_R03_MA3_RT50,50.0,15.0,3,0.5,1718,2025-11-20 12:52:11.052000,2025-11-20 12:52:27.759000,661,0.28,19185768,19186428,SHORT,0,1,101.0,97.0,25.25,-4.5,16.85,63.800000000000004,27.5,42.60000000000001,1.0,14.625,SUCCESS,50.5,,111,12,,SUCCESS,9.3762,False,101.0
FA_SD50_R03_MA3_RT50,50.0,15.0,3,0.5,1719,2025-11-20 12:52:27.759000,2025-11-20 12:53:24.187002,2066,0.94,19186428,19188493,LONG,3,4,-436.0,-452.0,9.0,-30.3333,15.925,44.6,27.5,42.60000000000001,1.0,14.375,FAILURE,18.0,"823,210",112,12,"-30.0,-61.0,-91.0",SUCCESS,15.77,True,
FA_SD50_R03_MA3_RT50,50.0,15.0,3,0.5,1720,2025-11-20 12:53:24.187002,2025-11-20 12:57:03.212001,6335,3.65,19188493,19194827,SHORT,3,4,-435.0,-451.0,23.25,-30.25,14.0125,4.800000000000001,29.5,44.175000000000004,1.0,13.375,FAILURE,46.5,"356,1278",113,12,"-31.0,-60.5,-91.0",FAILURE,52.95,True,
FA_SD50_R03_MA3_RT50,50.0,15.0,3,0.5,1721,2025-11-20 12:57:03.212001,2025-11-20 12:59:15.451000,2990,2.2,19194827,19197816,LONG,2,3,481.0,469.0,40.0833,-23.1667,17.1875,72.2,24.25,44.175000000000004,1.0,17.0,SUCCESS,50.0,284,114,12,"-30.5,-60.0",FAILURE,52.54,False,477.0
FA_SD50_R03_MA3_RT50,50.0,15.0,3,0.5,1722,2025-11-20 12:59:15.451000,2025-11-20 12:59:42.017000,844,0.44,19197816,19198659,SHORT,0,1,100.0,96.0,25.0,-11.75,18.725,93.4,23.0,42.2,1.0,18.375,SUCCESS,50.0,,115,12,,SUCCESS,13.56,False,100.0
FA_SD50_R03_MA3_RT50,50.0,15.0,3,0.5,1723,2025-11-20 12:59:42.017000,2025-11-20 13:00:58.451007,2248,1.27,19198659,19200906,LONG,1,2,268.0,260.0,33.5,-19.75,18.0625,87.60000000000001,24.25,42.2,1.0,17.875,SUCCESS,52.0,,116,12,-30.0,SUCCESS,39.8269,False,266.0
FA_SD50_R03_MA3_RT50,50.0,15.0,3,0.5,1724,2025-11-20 13:00:58.451007,2025-11-20 13:01:12.533011,560,0.23,19200906,19201465,SHORT,0,1,100.0,96.0,25.0,-1.5,17.125,66.8,24.75,35.675000000000004,1.0,15.375,SUCCESS,50.0,,117,13,,SUCCESS,10.58,False,100.0
FA_SD50_R03_MA3_RT50,50.0,15.0,3,0.5,1725,2025-11-20 13:01:12.533011,2025-11-20 13:01:21.885000,258,0.16,19201465,19201722,LONG,0,1,103.0,99.0,25.75,-2.0,16.4875,56.0,24.75,35.675000000000004,1.0,14.625,SUCCESS,51.5,,118,13,,SUCCESS,5.0194,False,103.0
FA_SD50_R03_MA3_RT50,50.0,15.0,3,0.5,1726,2025-11-20 13:01:21.885000,2025-11-20 13:01:48.292019,645,0.44,19201722,19202366,SHORT,0,1,100.0,96.0,25.0,-6.5,17.3125,73.5,24.75,35.675000000000004,1.0,15.375,SUCCESS,50.0,,119,13,,SUCCESS,12.38,False,100.0
FA_SD50_R03_MA3_RT50,50.0,15.0,3,0.5,1727,2025-11-20 13:01:48.292019,2025-11-20 13:02:24.328001,1115,0.6,19202366,19203480,LONG,0,1,101.0,97.0,25.25,-10.5,17.7375,82.4,25.5,35.675000000000004,1.0,17.125,SUCCESS,50.5,,120,13,,SUCCESS,18.9604,False,101.0
FA_SD50_R03_MA3_RT50,50.0,15.0,3,0.5,1728,2025-11-20 13:02:24.328001,2025-11-20 13:05:20.764002,6138,2.94,19203480,19209617,SHORT,3,4,-440.0,-456.0,18.75,-30.0,17.25,72.7,25.5,35.675000000000004,1.0,17.125,FAILURE,22.5,"2069,558",121,13,"-30.0,-60.0,-90.0",SUCCESS,49.29,True,
FA_SD50_R03_MA3_RT50,50.0,15.0,3,0.5,1729,2025-11-20 13:05:20.764002,2025-11-20 13:06:54.364001,2684,1.56,19209617,19212300,LONG,2,3,482.0,470.0,40.1667,-23.0,13.65,4.800000000000001,23.0,31.350000000000023,1.0,12.625,SUCCESS,50.0,147,122,13,"-30.0,-61.0",FAILURE,41.34,False,478.0
FA_SD50_R03_MA3_RT50,50.0,15.0,3,0.5,1730,2025-11-20 13:06:54.364001,2025-11-20 13:07:25.400000,864,0.52,19212300,19213163,SHORT,0,1,101.0,97.0,25.25,-2.75,12.7625,0.2,25.5,45.925000000000004,1.0,11.125,SUCCESS,50.5,,123,13,,SUCCESS,12.2079,False,101.0
FA_SD50_R03_MA3_RT50,50.0,15.0,3,0.5,1731,2025-11-20 13:07:25.400000,2025-11-20 13:08:30.616000,1625,1.09,19213163,19214787,LONG,1,2,260.0,252.0,32.5,-15.0,12.8375,0.6000000000000001,25.5,45.925000000000004,1.0,11.25,SUCCESS,50.0,,124,13,-30.0,SUCCESS,25.76,False,258.0
FA_SD50_R03_MA3_RT50,50.0,15.0,3,0.5,1732,2025-11-20 13:08:30.616000,2025-11-20 13:12:35.079004,6354,4.07,19214787,19221140,SHORT,3,4,-440.0,-456.0,24.0,-30.0,13.3125,4.7,27.25,45.925000000000004,1.0,12.5,FAILURE,25.5,"836,3447",125,13,"-30.0,-60.0,-90.0",SUCCESS,43.07,True,
FA_SD50_R03_MA3_RT50,50.0,15.0,3,0.5,1733,2025-11-20 13:12:35.079004,2025-11-20 13:13:17.238000,1380,0.7,19221140,19222519,LONG,0,1,100.0,96.0,25.0,-4.5,12.4375,3.2,26.375,45.925000000000004,1.0,12.625,SUCCESS,50.0,,126,13,,FAILURE,15.6,False,100.0
FA_SD50_R03_MA3_RT50,50.0,15.0,3,0.5,1734,2025-11-20 13:13:17.238000,2025-11-20 13:16:31.143018,7032,3.23,19222519,19229550,SHORT,2,3,480.0,468.0,40.0,-22.5,12.6,5.0,26.875,45.925000000000004,1.0,13.125,SUCCESS,50.0,886,127,13,"-30.0,-60.0",SUCCESS,94.22,False,476.0
FA_SD50_R03_MA3_RT50,50.0,15.0,3,0.5,1735,2025-11-20 13:16:31.143018,2025-11-20 13:18:02.029000,3415,1.51,19229550,19232964,LONG,3,4,-448.0,-464.0,15.25,-30.0,12.925,13.600000000000001,19.625,39.975,1.0,11.625,FAILURE,12.0,"518,2404",128,13,"-30.0,-60.0,-90.0",SUCCESS,27.2376,True,
FA_SD50_R03_MA3_RT50,50.0,15.0,3,0.5,1736,2025-11-20 13:18:02.029000,2025-11-20 13:18:48.093000,1805,0.77,19232964,19234768,SHORT,0,1,100.0,96.0,25.0,-6.25,15.6625,52.0,13.25,42.300000000000004,1.0,15.25,SUCCESS,50.0,,129,13,,FAILURE,28.98,False,100.0
FA_SD50_R03_MA3_RT50,50.0,15.0,3,0.5,1737,2025-11-20 13:18:48.093000,2025-11-20 13:19:10.063001,527,0.37,19234768,19235294,LONG,0,1,100.0,96.0,25.0,-1.75,15.75,53.2,14.5,45.175000000000004,1.0,15.625,SUCCESS,50.0,,130,13,,SUCCESS,8.86,False,100.0
FA_SD50_R03_MA3_RT50,50.0,15.0,3,0.5,1738,2025-11-20 13:19:10.063001,2025-11-20 13:21:08.260003,3469,1.97,19235294,19238762,SHORT,3,4,-435.0,-451.0,4.75,-29.9167,15.725,52.6,14.5,45.175000000000004,1.0,16.125,FAILURE,9.5,"502,1811",131,13,"-30.0,-62.0,-90.5",SUCCESS,30.27,True,
FA_SD50_R03_MA3_RT50,50.0,15.0,3,0.5,1739,2025-11-20 13:21:08.260003,2025-11-20 13:21:31.877000,999,0.39,19238762,19239760,LONG,3,4,-440.0,-456.0,9.5,-30.0,15.3875,44.800000000000004,14.125,45.175000000000004,1.0,15.5,FAILURE,19.0,"156,269",132,13,"-30.0,-60.0,-90.0",FAILURE,8.02,True,
FA_SD50_R03_MA3_RT50,50.0,15.0,3,0.5,1740,2025-11-20 13:21:31.877000,2025-11-20 13:28:01.967000,8980,6.5,19239760,19248739,SHORT,2,3,482.0,470.0,40.1667,-22.625,16.175,62.0,14.125,47.975000000000016,1.0,16.375,SUCCESS,50.0,2047,133,13,"-30.5,-60.5",FAILURE,160.82,False,478.0
FA_SD50_R03_MA3_RT50,50.0,15.0,3,0.5,1741,2025-11-20 13:28:01.967000,2025-11-20 13:28:17.645000,427,0.26,19248739,19249165,LONG,0,1,100.0,96.0,25.0,-3.25,16.8625,69.2,18.125,35.7,1.0,16.75,SUCCESS,50.0,,134,13,,SUCCESS,7.78,False,100.0
FA_SD50_R03_MA3_RT50,50.0,15.0,3,0.5,1742,2025-11-20 13:28:17.645000,2025-11-20 13:32:57.232004,6934,4.66,19249165,19256098,SHORT,1,2,261.0,253.0,32.625,-21.875,17.3875,78.0,18.125,35.7,1.0,16.75,SUCCESS,50.0,,135,13,-30.5,SUCCESS,121.12,False,259.0
FA_SD50_R03_MA3_RT50,50.0,15.0,3,0.5,1743,2025-11-20 13:32:57.232004,2025-11-20 13:33:50.346000,2561,0.89,19256098,19258658,LONG,3,4,-438.0,-454.0,7.6667,-29.8333,16.55,67.2,15.0,27.575000000000003,1.0,16.125,FAILURE,1.0,"191,968",136,13,"-31.0,-60.0,-90.0",SUCCESS,19.5,True,
FA_SD50_R03_MA3_RT50,50.0,15.0,3,0.5,1744,2025-11-20 13:33:50.346000,2025-11-20 13:37:52.929035,5596,4.04,19258658,19264253,SHORT,3,4,762.0,746.0,47.625,-30.1667,16.85,68.2,18.0,29.100000000000012,1.0,17.75,SUCCESS,50.0,"248,668",137,13,"-30.0,-60.5,-90.5",FAILURE,95.54,True,756.0
FA_SD50_R03_MA3_RT50,50.0,15.0,3,0.5,1745,2025-11-20 13:37:52.929035,2025-11-20 13:44:48.484000,7982,6.93,19264253,19272234,LONG,3,4,-439.0,-455.0,19.75,-29.9167,15.8375,52.2,16.375,50.30000000000001,1.0,15.375,FAILURE,39.5,"166,3477",138,13,"-30.5,-60.0,-90.0",SUCCESS,67.31,True,
FA_SD50_R03_MA3_RT50,50.0,15.0,3,0.5,1746,2025-11-20 13:44:48.484000,2025-11-20 13:46:00.566000,1508,1.2,19272234,19273741,SHORT,0,1,100.0,96.0,25.0,-2.0,15.85,58.400000000000006,16.625,50.30000000000001,1.0,14.5,SUCCESS,50.0,,139,13,,FAILURE,20.88,False,100.0
FA_SD50_R03_MA3_RT50,50.0,15.0,3,0.5,1747,2025-11-20 13:46:00.566000,2025-11-20 13:47:15.495000,2137,1.25,19273741,19275877,LONG,0,1,101.0,97.0,25.25,-12.25,14.3125,27.400000000000002,16.625,50.30000000000001,1.0,12.5,SUCCESS,50.5,,140,13,,SUCCESS,27.7129,False,101.0
FA_SD50_R03_MA3_RT50,50.0,15.0,3,0.5,1748,2025-11-20 13:47:15.495000,2025-11-20 13:48:02.572001,778,0.78,19275877,19276654,SHORT,0,1,100.0,96.0,25.0,-6.0,13.175,15.600000000000001,16.5,33.025,1.0,12.875,SUCCESS,50.0,,141,13,,SUCCESS,13.26,False,100.0
FA_SD50_R03_MA3_RT50,50.0,15.0,3,0.5,1749,2025-11-20 13:48:02.572001,2025-11-20 13:50:07.847002,2658,2.09,19276654,19279311,LONG,3,4,-436.0,-452.0,7.75,-29.6667,12.875,13.600000000000001,16.5,33.025,1.0,11.875,FAILURE,15.5,"349,348",142,13,"-31.5,-60.5,-90.0",SUCCESS,18.47,True,
FA_SD50_R03_MA3_RT50,50.0,15.0,3,0.5,1750,2025-11-20 13:50:07.847002,2025-11-20 13:55:25.655055,7412,5.3,19279311,19286722,SHORT,1,2,260.0,252.0,32.5,-15.0,13.25,18.5,15.5,33.025,1.0,12.75,SUCCESS,50.0,,143,13,-30.0,FAILURE,106.28,False,258.0
FA_SD50_R03_MA3_RT50,50.0,15.0,3,0.5,1751,2025-11-20 13:55:25.655055,2025-11-20 13:56:16.028000,1076,0.84,19286722,19287797,LONG,0,1,101.0,97.0,25.25,-3.0,13.775,27.6,14.625,33.425000000000004,1.0,13.125,SUCCESS,50.5,,144,13,,SUCCESS,15.198,False,101.0
FA_SD50_R03_MA3_RT50,50.0,15.0,3,0.5,1752,2025-11-20 13:56:16.028000,2025-11-20 13:56:25.957000,284,0.17,19287797,19288080,SHORT,0,1,100.0,96.0,25.0,-1.25,14.5,38.400000000000006,14.625,31.400000000000006,1.0,14.375,SUCCESS,50.0,,145,13,,SUCCESS,4.48,False,100.0
FA_SD50_R03_MA3_RT50,50.0,15.0,3,0.5,1753,2025-11-20 13:56:25.957000,2025-11-20 13:57:03.473003,745,0.63,19288080,19288824,LONG,0,1,100.0,96.0,25.0,-2.0,14.9875,47.300000000000004,14.625,31.400000000000006,1.0,14.375,SUCCESS,50.0,,146,13,,SUCCESS,10.52,False,100.0
FA_SD50_R03_MA3_RT50,50.0,15.0,3,0.5,1754,2025-11-20 13:57:03.473003,2025-11-20 13:57:50.810001,837,0.79,19288824,19289660,SHORT,0,1,100.0,96.0,25.0,-5.25,15.3625,54.400000000000006,16.0,31.400000000000006,1.0,14.375,SUCCESS,50.0,,147,13,,SUCCESS,13.98,False,100.0
FA_SD50_R03_MA3_RT50,50.0,15.0,3,0.5,1755,2025-11-20 13:57:50.810001,2025-11-20 13:58:17.113000,579,0.44,19289660,19290238,LONG,0,1,100.0,96.0,25.0,-7.5,15.125,50.5,15.375,25.375000000000007,1.0,14.375,SUCCESS,50.0,,148,13,,SUCCESS,9.1,False,100.0
FA_SD50_R03_MA3_RT50,50.0,15.0,3,0.5,1756,2025-11-20 13:58:17.113000,2025-11-20 13:59:13.055009,1943,0.93,19290238,19292180,SHORT,3,4,-437.0,-453.0,5.75,-30.4167,16.025,67.7,15.375,25.375000000000007,1.0,16.125,FAILURE,11.5,"1005,557",149,13,"-30.5,-60.0,-91.0",SUCCESS,12.38,True,
FA_SD50_R03_MA3_RT50,50.0,15.0,3,0.5,1757,2025-11-20 13:59:13.055009,2025-11-20 14:01:07.791000,2525,1.91,19292180,19294704,LONG,3,4,-439.0,-455.0,1.0,-29.9167,15.0125,46.800000000000004,16.0,34.62500000000005,1.0,13.0,FAILURE,2.0,"574,448",150,13,"-30.0,-60.5,-90.0",FAILURE,21.33,True,
FA_SD50_R03_MA3_RT50,50.0,15.0,3,0.5,1758,2025-11-20 14:01:07.791000,2025-11-20 14:03:30.074000,3002,2.37,19294704,19297705,SHORT,2,3,480.0,468.0,40.0,-22.5,14.6125,41.0,15.375,24.900000000000002,1.0,13.0,SUCCESS,50.0,253,151,14,"-30.0,-60.0",FAILURE,51.44,False,476.0
FA_SD50_R03_MA3_RT50,50.0,15.0,3,0.5,1759,2025-11-20 14:03:30.074000,2025-11-20 14:09:49.562002,8146,6.32,19297705,19305850,LONG,2,3,480.0,468.0,40.0,-23.0,17.0125,81.60000000000001,15.5,24.900000000000002,1.0,17.375,SUCCESS,50.0,3929,152,14,"-30.0,-60.0",SUCCESS,126.98,False,476.0
FA_SD50_R03_MA3_RT50,50.0,15.0,3,0.5,1760,2025-11-20 14:09:49.562002,2025-11-20 14:12:31.083001,3844,2.69,19305850,19309693,SHORT,1,2,261.0,253.0,32.625,-20.875,14.6625,42.400000000000006,16.125,42.075000000000024,1.0,14.0,SUCCESS,50.0,,153,14,-30.5,SUCCESS,57.96,False,259.0
FA_SD50_R03_MA3_RT50,50.0,15.0,3,0.5,1761,2025-11-20 14:12:31.083001,2025-11-20 14:13:23.579000,1217,0.87,19309693,19310909,LONG,1,2,260.0,252.0,32.5,-15.0,15.675,63.800000000000004,18.25,45.20000000000002,1.0,16.25,SUCCESS,50.0,,154,14,-30.0,SUCCESS,19.0,False,258.0
FA_SD50_R03_MA3_RT50,50.0,15.0,3,0.5,1762,2025-11-20 14:13:23.579000,2025-11-20 14:18:25.862017,5392,5.04,19310909,19316300,SHORT,3,4,-438.0,-454.0,24.5,-29.8333,15.925,69.0,18.25,56.0,1.0,16.0,FAILURE,49.0,"635,319",155,14,"-31.0,-60.0,-90.0",SUCCESS,43.05,True,
FA_SD50_R03_MA3_RT50,50.0,15.0,3,0.5,1763,2025-11-20 14:18:25.862017,2025-11-20 14:24:46.234003,7433,6.34,19316300,19323732,LONG,3,4,-438.0,-454.0,30.875,-30.5,15.2,51.0,23.25,45.65000000000002,1.0,13.625,FAILURE,21.0,"993,230",156,14,"-30.0,-60.0,-91.0",FAILURE,58.84,True,
FA_SD50_R03_MA3_RT50,50.0,15.0,3,0.5,1764,2025-11-20 14:24:46.234003,2025-11-20 14:25:50.867000,1261,1.08,19323732,19324992,SHORT,3,4,-439.0,-455.0,9.0,-30.25,15.5375,58.2,19.125,40.725,1.0,15.25,FAILURE,18.0,"154,307",157,14,"-30.0,-60.0,-90.5",FAILURE,10.46,True,
FA_SD50_R03_MA3_RT50,50.0,15.0,3,0.5,1765,2025-11-20 14:25:50.867000,2025-11-20 14:27:19.720004,1425,1.48,19324992,19326416,LONG,1,2,261.0,253.0,32.625,-15.25,15.2125,50.0,20.375,42.925000000000004,1.0,14.5,SUCCESS,50.0,,158,14,-30.5,FAILURE,24.38,False,259.0
FA_SD50_R03_MA3_RT50,50.0,15.0,3,0.5,1766,2025-11-20 14:27:19.720004,2025-11-20 14:30:31.898000,3992,3.2,19326416,19330407,SHORT,1,2,264.0,256.0,33.0,-21.5,15.8,66.8,21.0,42.925000000000004,1.0,15.25,SUCCESS,51.0,,159,14,-30.0,SUCCESS,57.9608,False,262.0
FA_SD50_R03_MA3_RT50,50.0,15.0,3,0.5,1767,2025-11-20 14:30:31.898000,2025-11-20 14:32:36.282000,2792,2.07,19330407,19333198,LONG,3,4,-438.0,-454.0,8.5,-29.8333,13.9625,31.0,19.875,44.05000000000002,1.0,12.75,FAILURE,17.0,"1282,706",160,14,"-30.0,-61.0,-90.0",SUCCESS,22.35,True,
FA_SD50_R03_MA3_RT50,50.0,15.0,3,0.5,1768,2025-11-20 14:32:36.282000,2025-11-20 14:37:05.542024,4261,4.49,19333198,19337458,SHORT,3,4,-440.0,-456.0,22.25,-30.0,14.025,32.1,19.875,56.42500000000001,1.0,13.0,FAILURE,14.5,"425,2508",161,14,"-30.0,-60.0,-90.0",FAILURE,38.06,True,
FA_SD50_R03_MA3_RT50,50.0,15.0,3,0.5,1769,2025-11-20 14:37:05.542024,2025-11-20 14:40:41.978002,3438,3.61,19337458,19340895,LONG,3,4,-441.0,-457.0,4.75,-30.0833,17.4125,95.4,20.75,56.42500000000001,1.0,17.625,FAILURE,9.5,"441,437",162,14,"-30.5,-60.5,-90.5",FAILURE,29.1493,True,
FA_SD50_R03_MA3_RT50,50.0,15.0,3,0.5,1770,2025-11-20 14:40:41.978002,2025-11-20 14:42:43.391002,1947,2.02,19340895,19342841,SHORT,3,4,-439.0,-455.0,8.375,-29.9167,16.4125,83.2,18.5,52.15000000000002,1.0,14.25,FAILURE,7.5,"1183,229",163,14,"-30.5,-60.0,-90.0",FAILURE,17.71,True,
FA_SD50_R03_MA3_RT50,50.0,15.0,3,0.5,1771,2025-11-20 14:42:43.391002,2025-11-20 14:47:03.918000,4623,4.34,19342841,19347463,LONG,3,4,-444.0,-460.0,32.5,-30.0,14.5,30.900000000000002,18.125,38.17500000000002,1.0,13.875,FAILURE,35.0,"175,3060",164,14,"-30.0,-60.0,-90.0",FAILURE,37.8259,True,
FA_SD50_R03_MA3_RT50,50.0,15.0,3,0.5,1772,2025-11-20 14:47:03.918000,2025-11-20 14:52:48.592000,4464,5.74,19347463,19351926,SHORT,3,4,-437.0,-453.0,9.75,-29.75,17.325,90.80000000000001,18.125,45.05000000000001,1.0,17.125,FAILURE,1.0,"405,2115",165,14,"-30.0,-61.5,-90.0",FAILURE,42.34,True,
FA_SD50_R03_MA3_RT50,50.0,15.0,3,0.5,1773,2025-11-20 14:52:48.592000,2025-11-20 14:54:16.840000,1420,1.47,19351926,19353345,LONG,0,1,101.0,97.0,25.25,-11.5,16.875,83.60000000000001,17.5,39.32500000000001,1.0,16.25,SUCCESS,50.5,,166,14,,FAILURE,22.2079,False,101.0
FA_SD50_R03_MA3_RT50,50.0,15.0,3,0.5,1774,2025-11-20 14:54:16.840000,2025-11-20 14:59:12.711000,6223,4.93,19353345,19359567,SHORT,3,4,-440.0,-456.0,23.5,-30.0,16.8875,82.80000000000001,17.75,39.32500000000001,1.0,15.125,FAILURE,32.0,"2700,439",167,14,"-30.0,-60.0,-90.0",SUCCESS,43.33,True,
FA_SD50_R03_MA3_RT50,50.0,15.0,3,0.5,1775,2025-11-20 14:59:12.711000,2025-11-20 15:01:13.096008,3333,2.01,19359567,19362899,LONG,3,4,-437.0,-453.0,9.75,-30.0833,11.8375,0.5,17.75,33.675000000000004,1.0,10.375,FAILURE,19.5,"603,1367",168,14,"-30.5,-60.5,-90.5",FAILURE,22.14,True,
FA_SD50_R03_MA3_RT50,50.0,15.0,3,0.5,1776,2025-11-20 15:01:13.096008,2025-11-20 15:01:53.935001,1203,0.68,19362899,19364101,SHORT,1,2,260.0,252.0,32.5,-16.75,11.475,0.8,19.5,36.000000000000014,1.0,10.25,SUCCESS,50.0,,169,15,-30.0,FAILURE,17.06,False,258.0
FA_SD50_R03_MA3_RT50,50.0,15.0,3,0.5,1777,2025-11-20 15:01:53.935001,2025-11-20 15:06:53.894000,6382,5.0,19364101,19370482,LONG,2,3,481.0,469.0,40.0833,-22.375,13.75,16.8,19.5,43.22500000000001,1.0,12.5,SUCCESS,50.0,729,170,15,"-30.5,-60.0",SUCCESS,105.28,False,477.0
FA_SD50_R03_MA3_RT50,50.0,15.0,3,0.5,1778,2025-11-20 15:06:53.894000,2025-11-20 15:07:05.803011,324,0.2,19370482,19370805,SHORT,0,1,100.0,96.0,25.0,-3.0,15.3875,52.2,24.375,43.22500000000001,1.0,14.0,SUCCESS,50.0,,171,15,,SUCCESS,3.92,False,100.0
FA_SD50_R03_MA3_RT50,50.0,15.0,3,0.5,1779,2025-11-20 15:07:05.803011,2025-11-20 15:13:10.577043,5055,6.08,19370805,19375859,LONG,3,4,-438.0,-454.0,5.75,-30.1667,15.95,70.8,24.375,43.22500000000001,1.0,14.375,FAILURE,0.0,"2471,1187",172,15,"-30.0,-60.5,-90.5",SUCCESS,45.38,True,
FA_SD50_R03_MA3_RT50,50.0,15.0,3,0.5,1780,2025-11-20 15:13:10.577043,2025-11-20 15:15:54.811000,2412,2.74,19375859,19378270,SHORT,3,4,-438.0,-454.0,2.125,-30.1667,14.7,35.4,16.0,29.750000000000014,1.0,13.5,FAILURE,3.0,"1165,764",173,15,"-30.5,-60.0,-90.5",FAILURE,22.69,True,
FA_SD50_R03_MA3_RT50,50.0,15.0,3,0.5,1781,2025-11-20 15:15:54.811000,2025-11-20 15:21:28.455000,4352,5.56,19378270,19382621,LONG,1,2,260.0,252.0,32.5,-16.5,14.7125,36.800000000000004,14.25,28.525,1.0,13.5,SUCCESS,50.0,,174,15,-30.0,FAILURE,77.62,False,258.0
FA_SD50_R03_MA3_RT50,50.0,15.0,3,0.5,1782,2025-11-20 15:21:28.455000,2025-11-20 15:23:09.718005,1386,1.69,19382621,19384006,SHORT,0,1,100.0,96.0,25.0,-5.75,16.7,85.60000000000001,16.625,29.750000000000014,1.0,16.5,SUCCESS,50.0,,175,15,,SUCCESS,23.64,False,100.0
FA_SD50_R03_MA3_RT50,50.0,15.0,3,0.5,1783,2025-11-20 15:23:09.718005,2025-11-20 15:24:45.139000,1426,1.59,19384006,19385431,LONG,3,4,-435.0,-451.0,2.5,-29.5833,16.5,83.80000000000001,16.625,37.85,1.0,15.875,FAILURE,5.0,"327,539",176,15,"-32.0,-60.5,-90.0",SUCCESS,10.48,True,
FA_SD50_R03_MA3_RT50,50.0,15.0,3,0.5,1784,2025-11-20 15:24:45.139000,2025-11-20 15:26:59.088045,2147,2.23,19385431,19387577,SHORT,1,2,260.0,252.0,32.5,-15.0,15.325,53.400000000000006,16.625,38.37500000000001,1.0,14.875,SUCCESS,50.0,,177,15,-30.0,FAILURE,29.68,False,258.0
FA_SD50_R03_MA3_RT50,50.0,15.0,3,0.5,1785,2025-11-20 15:26:59.088045,2025-11-20 15:27:44.249001,803,0.75,19387577,19388379,LONG,0,1,100.0,96.0,25.0,-2.75,15.1,47.6,16.625,38.60000000000001,1.0,14.375,SUCCESS,50.0,,178,15,,SUCCESS,11.84,False,100.0
FA_SD50_R03_MA3_RT50,50.0,15.0,3,0.5,1786,2025-11-20 15:27:44.249001,2025-11-20 15:35:34.837001,9211,7.84,19388379,19397589,SHORT,2,3,480.0,468.0,40.0,-29.25,14.825,39.400000000000006,16.625,38.60000000000001,1.0,13.625,SUCCESS,50.0,1682,179,15,"-30.0,-60.0",SUCCESS,138.44,False,476.0
FA_SD50_R03_MA3_RT50,50.0,15.0,3,0.5,1787,2025-11-20 15:35:34.837001,2025-11-20 15:38:25.242038,3863,2.84,19397589,19401451,LONG,3,4,-440.0,-456.0,4.25,-30.0,13.125,16.400000000000002,18.0,38.62500000000001,1.0,11.875,FAILURE,0.0,"2012,1234",180,15,"-30.0,-60.0,-90.0",SUCCESS,23.93,True,
FA_SD50_R03_MA3_RT50,50.0,15.0,3,0.5,1788,2025-11-20 15:38:25.242038,2025-11-20 15:40:58.897000,3966,2.56,19401451,19405416,SHORT,0,1,100.0,96.0,25.0,-11.25,11.9375,3.4000000000000004,18.0,44.525000000000006,1.0,11.75,SUCCESS,50.0,,181,15,,FAILURE,48.36,False,100.0
FA_SD50_R03_MA3_RT50,50.0,15.0,3,0.5,1789,2025-11-20 15:40:58.897000,2025-11-20 15:49:41.047000,11429,8.7,19405416,19416844,LONG,3,4,-443.0,-459.0,19.25,-29.9167,10.5625,0.0,17.875,47.150000000000006,1.0,10.375,FAILURE,23.5,"6490,932",182,15,"-30.0,-60.5,-90.0",SUCCESS,76.9104,True,
FA_SD50_R03_MA3_RT50,50.0,15.0,3,0.5,1790,2025-11-20 15:49:41.047000,2025-11-20 15:50:15.067000,2335,0.57,19416844,19419178,SHORT,3,4,-434.0,-450.0,19.0,-29.5,10.75,2.4000000000000004,17.625,47.05,1.0,10.375,FAILURE,38.0,"248,806",183,15,"-32.0,-61.0,-90.0",FAILURE,17.11,True,
FA_SD50_R03_MA3_RT50,50.0,15.0,3,0.5,1791,2025-11-20 15:50:15.067000,2025-11-20 15:59:18.011000,18015,9.05,19419178,19437192,LONG,3,4,-440.0,-456.0,36.5,-30.0,12.225,18.0,17.625,47.05,1.0,11.375,FAILURE,43.0,"192,15639",184,15,"-30.0,-60.0,-90.0",FAILURE,118.68,True,
FA_SD50_R03_MA3_RT50,50.0,15.0,3,0.5,1792,2025-11-20 15:59:18.011000,2025-11-20 16:00:15.041015,9974,0.95,19437192,19447165,SHORT,1,2,260.0,252.0,32.5,-21.75,8.3875,0.0,15.125,33.450000000000024,1.0,8.125,SUCCESS,50.0,,185,15,-30.0,FAILURE,75.2,False,258.0
FA_SD50_R03_MA3_RT50,50.0,15.0,3,0.5,1793,2025-11-20 16:00:15.041015,2025-11-20 16:00:23.781002,594,0.15,19447165,19447758,LONG,0,1,102.0,98.0,25.5,-0.5,6.9,6.800000000000001,12.625,41.10000000000001,1.0,6.875,SUCCESS,51.0,,186,16,,SUCCESS,9.6078,False,102.0
FA_SD50_R03_MA3_RT50,50.0,15.0,3,0.5,1794,2025-11-20 16:00:23.781002,2025-11-20 16:02:11.243000,4333,1.79,19447758,19452090,SHORT,1,2,260.0,252.0,32.5,-15.0,7.6125,7.800000000000001,12.625,41.10000000000001,1.0,7.375,SUCCESS,50.0,,187,16,-30.0,SUCCESS,51.14,False,258.0
FA_SD50_R03_MA3_RT50,50.0,15.0,3,0.5,1795,2025-11-20 16:02:11.243000,2025-11-20 16:03:05.509000,1218,0.9,19452090,19453307,LONG,0,1,100.0,96.0,25.0,-3.75,10.1,14.200000000000001,15.375,41.10000000000001,1.0,10.0,SUCCESS,50.0,,188,16,,SUCCESS,13.96,False,100.0
FA_SD50_R03_MA3_RT50,50.0,15.0,3,0.5,1797,2025-11-21 09:30:28.107001,2025-11-21 09:30:39.477029,1378,0.19,19464949,19466326,LONG,0,1,100.0,94.0,25.0,-13.0,14.475,70.3,19.625,41.55000000000002,1.0,11.625,SUCCESS,50.0,,1,9,,SESSION_START,16.68,False,98.0
FA_SD50_R03_MA3_RT50,50.0,15.0,3,0.5,1798,2025-11-21 09:30:39.477029,2025-11-21 09:30:50.835001,1109,0.19,19466326,19467434,SHORT,0,1,100.0,96.0,25.0,-0.75,10.9875,27.400000000000002,22.125,41.55000000000002,2.0,10.125,SUCCESS,50.0,,2,9,,SUCCESS,13.6,False,100.0
FA_SD50_R03_MA3_RT50,50.0,15.0,3,0.5,1799,2025-11-21 09:30:50.835001,2025-11-21 09:31:38.363002,3905,0.79,19467434,19471338,LONG,3,4,-438.0,-454.0,14.25,-30.1667,10.725,25.8,22.125,41.55000000000002,2.0,9.875,FAILURE,28.5,"501,795",3,9,"-30.0,-60.5,-90.5",SUCCESS,28.83,True,
FA_SD50_R03_MA3_RT50,50.0,15.0,3,0.5,1800,2025-11-21 09:31:38.363002,2025-11-21 09:32:20.574000,3338,0.7,19471338,19474675,SHORT,3,4,-438.0,-454.0,27.125,-30.1667,13.35,62.400000000000006,23.875,53.375,1.0,13.25,FAILURE,39.0,"2236,492",4,9,"-30.5,-60.0,-90.5",FAILURE,24.42,True,
FA_SD50_R03_MA3_RT50,50.0,15.0,3,0.5,1801,2025-11-21 09:32:20.574000,2025-11-21 09:33:16.115000,3645,0.93,19474675,19478319,LONG,3,4,-442.0,-458.0,19.5,-30.1667,14.5875,77.80000000000001,24.25,53.375,1.0,14.125,FAILURE,39.0,"726,783",5,9,"-30.5,-60.0,-90.5",FAILURE,27.607,True,
FA_SD50_R03_MA3_RT50,50.0,15.0,3,0.5,1802,2025-11-21 09:33:16.115000,2025-11-21 09:33:26.176000,638,0.17,19478319,19478956,SHORT,0,1,100.0,96.0,25.0,-0.75,14.3875,78.0,25.125,54.75,1.0,14.25,SUCCESS,50.0,,6,9,,FAILURE,9.3,False,100.0
FA_SD50_R03_MA3_RT50,50.0,15.0,3,0.5,1803,2025-11-21 09:33:26.176000,2025-11-21 09:33:53.178001,2000,0.45,19478956,19480955,LONG,1,2,260.0,252.0,32.5,-15.0,14.225,75.2,25.125,58.35000000000002,1.0,13.875,SUCCESS,50.0,,7,9,-30.0,SUCCESS,28.88,False,258.0
FA_SD50_R03_MA3_RT50,50.0,15.0,3,0.5,1804,2025-11-21 09:33:53.178001,2025-11-21 09:34:24.032000,1777,0.51,19480955,19482731,SHORT,3,4,-448.0,-464.0,9.75,-30.0,14.7875,85.60000000000001,26.375,58.35000000000002,1.0,13.5,FAILURE,19.5,"1108,126",8,9,"-30.0,-60.0,-90.0",SUCCESS,15.1881,True,
FA_SD50_R03_MA3_RT50,50.0,15.0,3,0.5,1805,2025-11-21 09:34:24.032000,2025-11-21 09:35:09.084000,2258,0.75,19482731,19484988,LONG,3,4,-437.0,-453.0,4.25,-29.75,15.4,91.4,25.5,58.35000000000002,1.0,13.5,FAILURE,8.5,"141,1272",9,9,"-31.0,-60.5,-90.0",FAILURE,19.74,True,
FA_SD50_R03_MA3_RT50,50.0,15.0,3,0.5,1806,2025-11-21 09:35:09.084000,2025-11-21 09:35:43.792002,1660,0.58,19484988,19486647,SHORT,0,1,100.0,96.0,25.0,-7.5,16.225,93.80000000000001,25.625,58.35000000000002,1.0,14.875,SUCCESS,50.0,,10,9,,FAILURE,30.3,False,100.0
FA_SD50_R03_MA3_RT50,50.0,15.0,3,0.5,1807,2025-11-21 09:35:43.792002,2025-11-21 09:35:57.424001,737,0.23,19486647,19487383,LONG,0,1,100.0,96.0,25.0,-1.25,15.0875,86.2,25.625,58.35000000000002,1.0,13.375,SUCCESS,50.0,,11,9,,SUCCESS,11.98,False,100.0
FA_SD50_R03_MA3_RT50,50.0,15.0,3,0.5,1808,2025-11-21 09:35:57.424001,2025-11-21 09:37:01.543000,3347,1.07,19487383,19490729,SHORT,3,4,-443.0,-459.0,18.125,-29.9167,14.6,78.0,25.625,58.35000000000002,1.0,13.0,FAILURE,21.0,"1803,595",12,9,"-30.5,-60.0,-90.0",SUCCESS,29.3483,True,
FA_SD50_R03_MA3_RT50,50.0,15.0,3,0.5,1809,2025-11-21 09:37:01.543000,2025-11-21 09:38:29.774002,3645,1.47,19490729,19494373,LONG,3,4,-440.0,-456.0,22.25,-30.0,15.475,88.2,28.75,58.35000000000002,1.0,15.25,FAILURE,29.5,"2953,335",13,9,"-30.0,-60.0,-90.0",FAILURE,33.66,True,
FA_SD50_R03_MA3_RT50,50.0,15.0,3,0.5,1810,2025-11-21 09:38:29.774002,2025-11-21 09:38:59.917000,1395,0.5,19494373,19495767,SHORT,0,1,102.0,98.0,25.5,-6.75,16.775,97.0,28.75,57.77500000000001,1.0,16.75,SUCCESS,51.0,,14,9,,FAILURE,21.3137,False,102.0
FA_SD50_R03_MA3_RT50,50.0,15.0,3,0.5,1811,2025-11-21 09:38:59.917000,2025-11-21 09:40:35.810000,4458,1.6,19495767,19500224,LONG,1,2,262.0,254.0,32.75,-18.0,17.2,98.60000000000001,28.75,64.85,1.0,15.75,SUCCESS,50.5,,15,9,-30.0,SUCCESS,76.2475,False,260.0
FA_SD50_R03_MA3_RT50,50.0,15.0,3,0.5,1812,2025-11-21 09:40:35.810000,2025-11-21 09:42:04.095000,3645,1.47,19500224,19503868,SHORT,3,4,-440.0,-456.0,7.0,-30.0,14.075,63.0,28.125,57.77500000000001,1.0,14.25,FAILURE,14.0,"284,1530",16,9,"-30.0,-60.0,-90.0",SUCCESS,31.16,True,
FA_SD50_R03_MA3_RT50,50.0,15.0,3,0.5,1813,2025-11-21 09:42:04.095000,2025-11-21 09:42:32.748000,1356,0.48,19503868,19505223,LONG,3,4,-444.0,-460.0,12.75,-30.0,15.0,81.7,26.25,64.85,1.0,14.375,FAILURE,25.5,"306,293",17,9,"-30.0,-60.0,-90.0",FAILURE,10.9204,True,
FA_SD50_R03_MA3_RT50,50.0,15.0,3,0.5,1814,2025-11-21 09:42:32.748000,2025-11-21 09:44:59.332020,4391,2.44,19505223,19509613,SHORT,0,1,100.0,96.0,25.0,-12.75,15.9125,88.2,26.25,64.85,1.0,16.125,SUCCESS,50.0,,18,9,,FAILURE,77.18,False,100.0
FA_SD50_R03_MA3_RT50,50.0,15.0,3,0.5,1815,2025-11-21 09:44:59.332020,2025-11-21 09:45:01.015000,106,0.03,19509613,19509718,LONG,0,1,103.0,99.0,25.75,-1.5,16.5625,96.0,18.375,66.37500000000001,1.0,16.0,SUCCESS,51.5,,19,9,,SUCCESS,5.1359,False,103.0
FA_SD50_R03_MA3_RT50,50.0,15.0,3,0.5,1816,2025-11-21 09:45:01.015000,2025-11-21 09:45:16.172000,461,0.25,19509718,19510178,SHORT,0,1,100.0,96.0,25.0,-6.25,16.5625,96.0,18.375,66.37500000000001,1.0,16.0,SUCCESS,50.0,,20,9,,SUCCESS,13.82,False,100.0
FA_SD50_R03_MA3_RT50,50.0,15.0,3,0.5,1817,2025-11-21 09:45:16.172000,2025-11-21 09:46:13.336000,2954,0.95,19510178,19513131,LONG,3,4,-439.0,-455.0,11.625,-29.9167,16.425,94.80000000000001,18.375,66.37500000000001,1.0,15.5,FAILURE,17.0,"813,1263",21,9,"-30.5,-60.0,-90.0",SUCCESS,22.43,True,
FA_SD50_R03_MA3_RT50,50.0,15.0,3,0.5,1818,2025-11-21 09:46:13.336000,2025-11-21 09:46:43.017001,2491,0.49,19513131,19515621,SHORT,1,2,260.0,252.0,32.5,-15.0,14.6625,76.10000000000001,18.375,66.37500000000001,1.0,13.5,SUCCESS,50.0,,22,9,-30.0,FAILURE,33.82,False,258.0
FA_SD50_R03_MA3_RT50,50.0,15.0,3,0.5,1819,2025-11-21 09:46:43.017001,2025-11-21 09:47:10.229001,1795,0.45,19515621,19517415,LONG,0,1,100.0,96.0,25.0,-2.75,11.55,34.0,18.375,72.525,1.0,10.5,SUCCESS,50.0,,23,9,,SUCCESS,24.38,False,100.0
FA_SD50_R03_MA3_RT50,50.0,15.0,3,0.5,1820,2025-11-21 09:47:10.229001,2025-11-21 09:48:10.974001,4023,1.01,19517415,19521437,SHORT,3,4,-437.0,-453.0,15.5,-30.75,11.4125,33.4,16.75,72.525,1.0,10.375,FAILURE,9.0,"353,3022",24,9,"-30.0,-60.0,-91.5",SUCCESS,29.24,True,
FA_SD50_R03_MA3_RT50,50.0,15.0,3,0.5,1821,2025-11-21 09:48:10.974001,2025-11-21 09:48:21.015000,1028,0.17,19521437,19522464,LONG,0,1,100.0,96.0,25.0,-2.0,14.375,71.8,17.75,62.100000000000016,1.0,13.25,SUCCESS,50.0,,25,9,,FAILURE,13.34,False,100.0
FA_SD50_R03_MA3_RT50,50.0,15.0,3,0.5,1822,2025-11-21 09:48:21.015000,2025-11-21 09:49:25.661000,3795,1.08,19522464,19526258,SHORT,1,2,262.0,254.0,32.75,-16.5,13.875,60.400000000000006,17.75,62.100000000000016,1.0,12.75,SUCCESS,50.5,,26,9,-30.0,SUCCESS,54.7228,False,260.0
FA_SD50_R03_MA3_RT50,50.0,15.0,3,0.5,1823,2025-11-21 09:49:25.661000,2025-11-21 09:50:04.390037,1471,0.65,19526258,19527728,LONG,0,1,100.0,96.0,25.0,-11.0,12.6125,49.6,18.125,61.50000000000001,1.0,12.5,SUCCESS,50.0,,27,9,,SUCCESS,25.18,False,100.0
FA_SD50_R03_MA3_RT50,50.0,15.0,3,0.5,1824,2025-11-21 09:50:04.390037,2025-11-21 09:51:27.299000,3015,1.38,19527728,19530742,SHORT,1,2,266.0,258.0,33.25,-16.75,13.9875,61.7,18.875,61.50000000000001,1.0,13.625,SUCCESS,51.5,,28,9,-30.0,SUCCESS,56.1845,False,264.0
FA_SD50_R03_MA3_RT50,50.0,15.0,3,0.5,1825,2025-11-21 09:51:27.299000,2025-11-21 09:51:31.494002,199,0.07,19530742,19530940,LONG,0,1,100.0,96.0,25.0,-0.5,18.0375,100.0,26.625,61.50000000000001,1.0,17.375,SUCCESS,50.0,,29,9,,SUCCESS,3.6,False,100.0
FA_SD50_R03_MA3_RT50,50.0,15.0,3,0.5,1826,2025-11-21 09:51:31.494002,2025-11-21 09:54:13.689000,4842,2.7,19530940,19535781,SHORT,3,4,-443.0,-459.0,26.875,-29.9167,18.0375,100.0,26.625,61.50000000000001,1.0,17.375,FAILURE,38.5,"1553,2238",30,9,"-30.5,-60.0,-90.0",SUCCESS,45.1791,True,
FA_SD50_R03_MA3_RT50,50.0,15.0,3,0.5,1827,2025-11-21 09:54:13.689000,2025-11-21 09:54:29.031004,773,0.26,19535781,19536553,LONG,0,1,100.0,96.0,25.0,-2.25,16.675,90.80000000000001,30.25,53.80000000000001,1.0,17.5,SUCCESS,50.0,,31,9,,FAILURE,9.64,False,100.0
FA_SD50_R03_MA3_RT50,50.0,15.0,3,0.5,1828,2025-11-21 09:54:29.031004,2025-11-21 09:56:00.635000,3399,1.53,19536553,19539951,SHORT,1,2,260.0,252.0,32.5,-15.0,15.0875,76.2,30.25,53.80000000000001,1.0,15.25,SUCCESS,50.0,,32,9,-30.0,SUCCESS,55.34,False,258.0
FA_SD50_R03_MA3_RT50,50.0,15.0,3,0.5,1829,2025-11-21 09:56:00.635000,2025-11-21 09:56:26.497000,1402,0.43,19539951,19541352,LONG,3,4,-438.0,-454.0,0.5,-30.1667,13.9375,50.6,24.0,49.62500000000001,1.0,13.0,FAILURE,1.0,"437,601",33,9,"-30.0,-60.5,-90.5",SUCCESS,11.16,True,
FA_SD50_R03_MA3_RT50,50.0,15.0,3,0.5,1830,2025-11-21 09:56:26.497000,2025-11-21 09:56:34.658008,576,0.14,19541352,19541927,SHORT,0,1,100.0,96.0,25.0,-3.5,14.425,64.60000000000001,24.0,49.62500000000001,1.0,14.0,SUCCESS,50.0,,34,9,,FAILURE,8.78,False,100.0
FA_SD50_R03_MA3_RT50,50.0,15.0,3,0.5,1831,2025-11-21 09:56:34.658008,2025-11-21 09:57:02.619000,1115,0.47,19541927,19543041,LONG,0,1,100.0,96.0,25.0,-8.5,15.2,77.0,27.0,55.47500000000004,1.0,14.5,SUCCESS,50.0,,35,9,,SUCCESS,20.36,False,100.0
FA_SD50_R03_MA3_RT50,50.0,15.0,3,0.5,1832,2025-11-21 09:57:02.619000,2025-11-21 09:57:27.950000,806,0.42,19543041,19543846,SHORT,0,1,100.0,96.0,25.0,-7.75,16.4875,89.0,22.125,51.200000000000045,1.0,16.375,SUCCESS,50.0,,36,9,,SUCCESS,16.58,False,100.0
FA_SD50_R03_MA3_RT50,50.0,15.0,3,0.5,1833,2025-11-21 09:57:27.950000,2025-11-21 09:57:41.671000,354,0.23,19543846,19544199,LONG,0,1,103.0,99.0,25.75,-0.25,16.675,90.80000000000001,22.125,51.200000000000045,1.0,16.375,SUCCESS,51.5,,37,9,,SUCCESS,7.2718,False,103.0
FA_SD50_R03_MA3_RT50,50.0,15.0,3,0.5,1834,2025-11-21 09:57:41.671000,2025-11-21 09:59:45.191026,2322,2.06,19544199,19546520,SHORT,0,1,100.0,96.0,25.0,-8.75,17.275,95.80000000000001,22.125,51.200000000000045,1.0,16.875,SUCCESS,50.0,,38,9,,SUCCESS,45.16,False,100.0
FA_SD50_R03_MA3_RT50,50.0,15.0,3,0.5,1835,2025-11-21 09:59:45.191026,2025-11-21 10:00:02.065000,519,0.28,19546520,19547038,LONG,0,1,100.0,96.0,25.0,-7.75,16.7375,89.0,17.875,51.200000000000045,1.0,16.375,SUCCESS,50.0,,39,9,,SUCCESS,23.2,False,100.0
FA_SD50_R03_MA3_RT50,50.0,15.0,3,0.5,1836,2025-11-21 10:00:02.065000,2025-11-21 10:00:50.307000,1811,0.8,19547038,19548848,SHORT,1,2,265.0,257.0,33.125,-16.375,17.825,97.4,17.875,51.200000000000045,1.0,16.375,SUCCESS,50.5,,40,10,-31.5,SUCCESS,45.9901,False,263.0
FA_SD50_R03_MA3_RT50,50.0,15.0,3,0.5,1837,2025-11-21 10:00:50.307000,2025-11-21 10:01:11.416000,1763,0.35,19548848,19550610,LONG,3,4,-438.0,-454.0,5.0,-29.8333,18.225,97.4,17.875,53.900000000000034,1.0,15.0,FAILURE,10.0,"368,688",41,10,"-31.0,-60.0,-90.0",SUCCESS,12.84,True,
FA_SD50_R03_MA3_RT50,50.0,15.0,3,0.5,1838,2025-11-21 10:01:11.416000,2025-11-21 10:02:37.401000,4512,1.43,19550610,19555121,SHORT,0,1,100.0,96.0,25.0,-11.25,16.8375,87.60000000000001,17.875,79.00000000000001,1.0,13.625,SUCCESS,50.0,,42,10,,FAILURE,65.96,False,100.0
FA_SD50_R03_MA3_RT50,50.0,15.0,3,0.5,1839,2025-11-21 10:02:37.401000,2025-11-21 10:04:02.126000,4902,1.41,19555121,19560022,LONG,1,2,260.0,252.0,32.5,-22.25,12.75,33.800000000000004,15.375,55.150000000000055,1.0,12.625,SUCCESS,50.0,,43,10,-30.0,SUCCESS,68.86,False,258.0
FA_SD50_R03_MA3_RT50,50.0,15.0,3,0.5,1840,2025-11-21 10:04:02.126000,2025-11-21 10:05:16.289004,3989,1.24,19560022,19564010,SHORT,3,4,-439.0,-455.0,23.0,-29.9167,11.8625,28.8,14.125,35.050000000000026,1.0,11.875,FAILURE,46.0,"729,612",44,10,"-30.0,-60.5,-90.0",SUCCESS,29.5,True,
FA_SD50_R03_MA3_RT50,50.0,15.0,3,0.5,1841,2025-11-21 10:05:16.289004,2025-11-21 10:06:08.626044,2564,0.87,19564010,19566573,LONG,0,1,100.0,96.0,25.0,-10.75,15.4125,69.8,14.75,26.300000000000008,1.0,16.5,SUCCESS,50.0,,45,10,,FAILURE,40.56,False,100.0
FA_SD50_R03_MA3_RT50,50.0,15.0,3,0.5,1842,2025-11-21 10:06:08.626044,2025-11-21 10:07:23.894001,3444,1.25,19566573,19570016,SHORT,1,2,262.0,254.0,32.75,-15.0,15.175,66.2,15.0,31.575000000000003,1.0,14.875,SUCCESS,50.5,,46,10,-30.0,SUCCESS,55.8119,False,260.0
FA_SD50_R03_MA3_RT50,50.0,15.0,3,0.5,1843,2025-11-21 10:07:23.894001,2025-11-21 10:07:29.825007,288,0.1,19570016,19570303,LONG,0,1,100.0,96.0,25.0,-3.25,14.4,53.400000000000006,16.5,35.87500000000002,1.0,13.75,SUCCESS,50.0,,47,10,,SUCCESS,5.5,False,100.0
FA_SD50_R03_MA3_RT50,50.0,15.0,3,0.5,1844,2025-11-21 10:07:29.825007,2025-11-21 10:07:40.479000,278,0.18,19570303,19570580,SHORT,0,1,100.0,96.0,25.0,-1.25,14.6,57.6,15.0,35.87500000000002,1.0,13.75,SUCCESS,50.0,,48,10,,SUCCESS,5.84,False,100.0
FA_SD50_R03_MA3_RT50,50.0,15.0,3,0.5,1845,2025-11-21 10:07:40.479000,2025-11-21 10:08:27.074000,1869,0.78,19570580,19572448,LONG,3,4,-439.0,-455.0,13.75,-30.25,15.525,70.2,16.25,35.87500000000002,1.0,13.75,FAILURE,12.5,"802,647",49,10,"-30.0,-60.0,-90.5",SUCCESS,16.69,True,
FA_SD50_R03_MA3_RT50,50.0,15.0,3,0.5,1846,2025-11-21 10:08:27.074000,2025-11-21 10:10:10.596074,4538,1.73,19572448,19576985,SHORT,3,4,763.0,747.0,47.6875,-29.75,16.8,86.60000000000001,16.25,35.87500000000002,1.0,15.75,SUCCESS,50.0,"755,1519",50,10,"-30.0,-61.5,-90.0",FAILURE,77.92,True,757.0
FA_SD50_R03_MA3_RT50,50.0,15.0,3,0.5,1847,2025-11-21 10:10:10.596074,2025-11-21 10:10:38.159000,1228,0.46,19576985,19578212,LONG,0,1,100.0,96.0,25.0,-3.5,17.125,87.2,21.875,49.32500000000002,1.0,15.375,SUCCESS,50.0,,51,10,,SUCCESS,21.96,False,100.0
FA_SD50_R03_MA3_RT50,50.0,15.0,3,0.5,1848,2025-11-21 10:10:38.159000,2025-11-21 10:11:11.838000,1040,0.56,19578212,19579251,SHORT,0,1,101.0,97.0,25.25,-6.5,16.3875,77.4,21.875,49.32500000000002,1.0,14.75,SUCCESS,50.5,,52,10,,SUCCESS,20.4257,False,101.0
FA_SD50_R03_MA3_RT50,50.0,15.0,3,0.5,1849,2025-11-21 10:11:11.838000,2025-11-21 10:11:33.819001,869,0.37,19579251,19580119,LONG,0,1,100.0,96.0,25.0,-6.0,16.8625,83.60000000000001,26.25,49.32500000000002,1.0,15.75,SUCCESS,50.0,,53,10,,SUCCESS,15.12,False,100.0
FA_SD50_R03_MA3_RT50,50.0,15.0,3,0.5,1850,2025-11-21 10:11:33.819001,2025-11-21 10:11:48.467000,513,0.24,19580119,19580631,SHORT,0,1,106.0,102.0,26.5,-6.25,16.65,78.80000000000001,23.75,38.125000000000014,1.0,15.0,SUCCESS,53.0,,54,10,,SUCCESS,9.7736,False,106.0
FA_SD50_R03_MA3_RT50,50.0,15.0,3,0.5,1851,2025-11-21 10:11:48.467000,2025-11-21 10:12:00.750000,265,0.2,19580631,19580895,LONG,0,1,101.0,97.0,25.25,-0.25,16.725,80.0,23.75,38.125000000000014,1.0,15.5,SUCCESS,50.5,,55,10,,SUCCESS,6.1287,False,101.0
FA_SD50_R03_MA3_RT50,50.0,15.0,3,0.5,1852,2025-11-21 10:12:00.750000,2025-11-21 10:12:45.907000,1312,0.75,19580895,19582206,SHORT,0,1,100.0,96.0,25.0,-9.5,17.0125,85.4,23.75,38.125000000000014,1.0,15.625,SUCCESS,50.0,,56,10,,SUCCESS,27.46,False,100.0
FA_SD50_R03_MA3_RT50,50.0,15.0,3,0.5,1853,2025-11-21 10:12:45.907000,2025-11-21 10:12:52.358001,130,0.11,19582206,19582335,LONG,0,1,100.0,96.0,25.0,0.0,16.0625,69.2,23.75,38.125000000000014,1.0,15.625,SUCCESS,50.0,,57,10,,SUCCESS,3.26,False,100.0
FA_SD50_R03_MA3_RT50,50.0,15.0,3,0.5,1854,2025-11-21 10:12:52.358001,2025-11-21 10:13:04.178000,258,0.2,19582335,19582592,SHORT,0,1,100.0,96.0,25.0,0.0,16.425,75.9,23.625,34.300000000000004,1.0,16.125,SUCCESS,50.0,,58,10,,SUCCESS,5.5,False,100.0
FA_SD50_R03_MA3_RT50,50.0,15.0,3,0.5,1855,2025-11-21 10:13:04.178000,2025-11-21 10:15:20.820001,4980,2.28,19582592,19587571,LONG,1,2,260.0,252.0,32.5,-15.0,16.9875,85.0,23.625,34.300000000000004,1.0,16.75,SUCCESS,50.0,,59,10,-30.0,SUCCESS,86.42,False,258.0
FA_SD50_R03_MA3_RT50,50.0,15.0,3,0.5,1856,2025-11-21 10:15:20.820001,2025-11-21 10:15:41.666000,1077,0.35,19587571,19588647,SHORT,1,2,260.0,252.0,32.5,-15.0,17.2,87.5,24.0,33.175000000000004,1.0,16.75,SUCCESS,50.0,,60,10,-30.0,SUCCESS,16.62,False,258.0
FA_SD50_R03_MA3_RT50,50.0,15.0,3,0.5,1857,2025-11-21 10:15:41.666000,2025-11-21 10:17:33.952002,4354,1.87,19588647,19593000,LONG,3,4,-440.0,-456.0,20.0,-30.0,18.75,98.80000000000001,26.5,40.6,1.0,19.0,FAILURE,40.0,"212,1378",61,10,"-30.0,-60.0,-90.0",SUCCESS,37.19,True,
FA_SD50_R03_MA3_RT50,50.0,15.0,3,0.5,1858,2025-11-21 10:17:33.952002,2025-11-21 10:18:57.231031,3528,1.39,19593000,19596527,SHORT,3,4,-440.0,-456.0,6.75,-30.0,17.0625,80.7,23.625,40.6,1.0,17.625,FAILURE,13.5,"1204,882",62,10,"-30.0,-60.0,-90.0",FAILURE,27.08,True,
FA_SD50_R03_MA3_RT50,50.0,15.0,3,0.5,1859,2025-11-21 10:18:57.231031,2025-11-21 10:19:03.815000,459,0.11,19596527,19596985,LONG,0,1,100.0,96.0,25.0,-2.5,14.4625,35.2,19.875,40.6,1.0,14.125,SUCCESS,50.0,,63,10,,FAILURE,8.12,False,100.0
FA_SD50_R03_MA3_RT50,50.0,15.0,3,0.5,1860,2025-11-21 10:19:03.815000,2025-11-21 10:20:09.767021,2271,1.1,19596985,19599255,SHORT,1,2,260.0,252.0,32.5,-15.0,14.2,28.8,19.875,40.6,1.0,13.75,SUCCESS,50.0,,64,10,-30.0,SUCCESS,39.44,False,258.0
FA_SD50_R03_MA3_RT50,50.0,15.0,3,0.5,1861,2025-11-21 10:20:09.767021,2025-11-21 10:21:19.903000,2831,1.17,19599255,19602085,LONG,3,4,-439.0,-455.0,11.6667,-29.5833,15.7875,56.0,14.875,40.85000000000001,1.0,15.0,FAILURE,8.0,"426,1928",65,10,"-32.5,-60.0,-90.0",SUCCESS,23.0,True,
FA_SD50_R03_MA3_RT50,50.0,15.0,3,0.5,1862,2025-11-21 10:21:19.903000,2025-11-21 10:22:40.939027,4120,1.35,19602085,19606204,SHORT,3,4,-433.0,-449.0,32.25,-31.75,14.6875,37.0,15.25,46.00000000000003,1.0,13.875,FAILURE,49.5,"2230,1072",66,10,"-30.0,-60.0,-93.5",FAILURE,30.81,True,
FA_SD50_R03_MA3_RT50,50.0,15.0,3,0.5,1863,2025-11-21 10:22:40.939027,2025-11-21 10:22:45.861008,563,0.08,19606204,19606766,LONG,0,1,100.0,96.0,25.0,-4.75,16.05,59.300000000000004,16.625,62.650000000000006,1.0,14.75,SUCCESS,50.0,,67,10,,FAILURE,7.44,False,100.0
FA_SD50_R03_MA3_RT50,50.0,15.0,3,0.5,1864,2025-11-21 10:22:45.861008,2025-11-21 10:23:05.790213,1228,0.33,19606766,19607993,SHORT,0,1,100.0,96.0,25.0,-3.0,15.8125,55.2,17.75,62.650000000000006,1.0,14.75,SUCCESS,50.0,,68,10,,SUCCESS,17.74,False,100.0
FA_SD50_R03_MA3_RT50,50.0,15.0,3,0.5,1865,2025-11-21 10:23:05.790213,2025-11-21 10:23:26.052001,760,0.34,19607993,19608752,LONG,0,1,101.0,97.0,25.25,-2.25,16.475,67.8,14.625,62.650000000000006,1.0,16.0,SUCCESS,50.5,,69,10,,SUCCESS,16.7426,False,101.0
FA_SD50_R03_MA3_RT50,50.0,15.0,3,0.5,1866,2025-11-21 10:23:26.052001,2025-11-21 10:24:12.614012,2079,0.78,19608752,19610830,SHORT,1,2,260.0,252.0,32.5,-15.0,18.3875,96.4,16.0,62.650000000000006,1.0,18.625,SUCCESS,50.0,,70,10,-30.0,SUCCESS,34.36,False,258.0
FA_SD50_R03_MA3_RT50,50.0,15.0,3,0.5,1867,2025-11-21 10:24:12.614012,2025-11-21 10:24:29.407000,741,0.28,19610830,19611570,LONG,0,1,101.0,97.0,25.25,-14.75,18.2,94.60000000000001,16.0,52.375000000000014,1.0,18.875,SUCCESS,50.5,,71,10,,SUCCESS,13.396,False,101.0
FA_SD50_R03_MA3_RT50,50.0,15.0,3,0.5,1868,2025-11-21 10:24:29.407000,2025-11-21 10:25:04.638000,1571,0.59,19611570,19613140,SHORT,3,4,-452.0,-468.0,8.75,-30.0,18.3,95.9,16.0,52.375000000000014,1.0,19.5,FAILURE,4.5,"743,532",72,10,"-30.0,-60.0,-90.0",SUCCESS,11.9951,True,
FA_SD50_R03_MA3_RT50,50.0,15.0,3,0.5,1869,2025-11-21 10:25:04.638000,2025-11-21 10:25:11.319000,488,0.11,19613140,19613627,LONG,0,1,102.0,98.0,25.5,-1.0,17.875,91.10000000000001,17.75,55.07500000000001,1.0,18.75,SUCCESS,51.0,,73,10,,FAILURE,7.0196,False,102.0
FA_SD50_R03_MA3_RT50,50.0,15.0,3,0.5,1870,2025-11-21 10:25:11.319000,2025-11-21 10:25:33.597000,1364,0.37,19613627,19614990,SHORT,0,1,100.0,96.0,25.0,-2.75,17.2125,79.4,18.125,62.6,1.0,15.875,SUCCESS,50.0,,74,10,,SUCCESS,22.5,False,100.0
FA_SD50_R03_MA3_RT50,50.0,15.0,3,0.5,1871,2025-11-21 10:25:33.597000,2025-11-21 10:26:23.901000,1974,0.84,19614990,19616963,LONG,3,4,-443.0,-459.0,5.25,-29.9167,18.2125,93.60000000000001,14.5,55.07500000000001,1.0,16.875,FAILURE,1.5,"1246,502",75,10,"-30.0,-60.5,-90.0",SUCCESS,18.9104,True,
FA_SD50_R03_MA3_RT50,50.0,15.0,3,0.5,1872,2025-11-21 10:26:23.901000,2025-11-21 10:26:32.060000,502,0.14,19616963,19617464,SHORT,0,1,102.0,98.0,25.5,0.0,16.6625,64.2,14.375,51.550000000000004,1.0,16.25,SUCCESS,51.0,,76,10,,FAILURE,8.5294,False,102.0
FA_SD50_R03_MA3_RT50,50.0,15.0,3,0.5,1873,2025-11-21 10:26:32.060000,2025-11-21 10:27:15.051020,1478,0.72,19617464,19618941,LONG,0,1,100.0,96.0,25.0,-8.0,16.4,60.400000000000006,14.375,55.17500000000001,1.0,15.375,SUCCESS,50.0,,77,10,,SUCCESS,29.36,False,100.0
FA_SD50_R03_MA3_RT50,50.0,15.0,3,0.5,1874,2025-11-21 10:27:15.051020,2025-11-21 10:27:34.001000,442,0.32,19618941,19619382,SHORT,0,1,103.0,99.0,25.75,-6.25,16.65,64.5,14.375,55.17500000000001,1.0,16.375,SUCCESS,51.5,,78,10,,SUCCESS,10.7864,False,103.0
FA_SD50_R03_MA3_RT50,50.0,15.0,3,0.5,1875,2025-11-21 10:27:34.001000,2025-11-21 10:28:18.277000,1813,0.74,19619382,19621194,LONG,3,4,-436.0,-452.0,11.25,-30.6667,16.625,64.0,14.375,55.17500000000001,1.0,16.375,FAILURE,22.5,"811,298",79,10,"-30.5,-60.0,-91.5",SUCCESS,15.43,True,
FA_SD50_R03_MA3_RT50,50.0,15.0,3,0.5,1876,2025-11-21 10:28:18.277000,2025-11-21 10:30:04.615000,3736,1.77,19621194,19624929,SHORT,1,2,262.0,254.0,32.75,-19.5,16.975,73.0,15.25,63.7,1.0,16.75,SUCCESS,50.5,,80,10,-30.0,FAILURE,65.297,False,260.0
FA_SD50_R03_MA3_RT50,50.0,15.0,3,0.5,1877,2025-11-21 10:30:04.615000,2025-11-21 10:30:32.262000,1137,0.46,19624929,19626065,LONG,0,1,100.0,96.0,25.0,-5.5,15.2625,40.800000000000004,18.5,63.7,1.0,14.125,SUCCESS,50.0,,81,10,,SUCCESS,22.76,False,100.0
FA_SD50_R03_MA3_RT50,50.0,15.0,3,0.5,1878,2025-11-21 10:30:32.262000,2025-11-21 10:33:50.895000,6443,3.31,19626065,19632507,SHORT,2,3,480.0,468.0,40.0,-22.5,15.9125,51.1,16.625,63.7,1.0,14.375,SUCCESS,50.0,261,82,10,"-30.0,-60.0",SUCCESS,127.8,False,476.0
FA_SD50_R03_MA3_RT50,50.0,15.0,3,0.5,1879,2025-11-21 10:33:50.895000,2025-11-21 10:35:56.793001,6015,2.1,19632507,19638521,LONG,3,4,-440.0,-456.0,24.75,-30.0,17.4125,80.10000000000001,18.5,51.10000000000002,1.0,15.875,FAILURE,49.5,"2383,873",83,10,"-30.0,-60.0,-90.0",SUCCESS,45.28,True,
FA_SD50_R03_MA3_RT50,50.0,15.0,3,0.5,1880,2025-11-21 10:35:56.793001,2025-11-21 10:36:36.587000,2179,0.66,19638521,19640699,SHORT,0,1,100.0,96.0,25.0,-12.25,12.2625,7.800000000000001,18.25,47.925000000000004,1.0,12.0,SUCCESS,50.0,,84,10,,FAILURE,32.66,False,100.0
FA_SD50_R03_MA3_RT50,50.0,15.0,3,0.5,1881,2025-11-21 10:36:36.587000,2025-11-21 10:38:31.856000,5673,1.92,19640699,19646371,LONG,1,2,260.0,252.0,32.5,-17.25,11.8,5.6000000000000005,14.125,47.925000000000004,1.0,10.75,SUCCESS,50.0,,85,10,-30.0,SUCCESS,89.12,False,258.0
FA_SD50_R03_MA3_RT50,50.0,15.0,3,0.5,1882,2025-11-21 10:38:31.856000,2025-11-21 10:39:16.534000,1610,0.74,19646371,19647980,SHORT,0,1,101.0,97.0,25.25,-8.0,14.75,32.9,12.375,33.800000000000004,1.0,14.5,SUCCESS,50.5,,86,10,,SUCCESS,28.2277,False,101.0
FA_SD50_R03_MA3_RT50,50.0,15.0,3,0.5,1883,2025-11-21 10:39:16.534000,2025-11-21 10:41:17.967007,4702,2.02,19647980,19652681,LONG,1,2,260.0,252.0,32.5,-15.0,16.05,49.800000000000004,12.375,26.97500000000001,1.0,15.875,SUCCESS,50.0,,87,10,-30.0,SUCCESS,84.34,False,258.0
FA_SD50_R03_MA3_RT50,50.0,15.0,3,0.5,1884,2025-11-21 10:41:17.967007,2025-11-21 10:44:06.991000,5793,2.82,19652681,19658473,SHORT,3,4,-444.0,-460.0,24.25,-30.6667,15.6625,43.6,16.625,26.400000000000002,1.0,14.5,FAILURE,33.5,"3443,1793",88,10,"-30.0,-60.5,-91.5",SUCCESS,50.8812,True,
FA_SD50_R03_MA3_RT50,50.0,15.0,3,0.5,1885,2025-11-21 10:44:06.991000,2025-11-21 10:44:25.903031,1360,0.32,19658473,19659832,LONG,0,1,100.0,96.0,25.0,-3.75,16.475,57.300000000000004,19.5,28.600000000000012,1.0,16.625,SUCCESS,50.0,,89,10,,FAILURE,18.7,False,100.0
FA_SD50_R03_MA3_RT50,50.0,15.0,3,0.5,1886,2025-11-21 10:44:25.903031,2025-11-21 10:44:52.883015,1033,0.45,19659832,19660864,SHORT,0,1,100.0,96.0,25.0,-4.75,15.0625,33.2,21.5,36.62500000000001,1.0,14.75,SUCCESS,50.0,,90,10,,SUCCESS,16.62,False,100.0
FA_SD50_R03_MA3_RT50,50.0,15.0,3,0.5,1887,2025-11-21 10:44:52.883015,2025-11-21 10:45:37.907001,2024,0.75,19660864,19662887,LONG,1,2,260.0,252.0,32.5,-19.0,14.8375,31.0,18.5,36.62500000000001,1.0,14.75,SUCCESS,50.0,,91,10,-30.0,SUCCESS,36.1,False,258.0
FA_SD50_R03_MA3_RT50,50.0,15.0,3,0.5,1888,2025-11-21 10:45:37.907001,2025-11-21 10:46:07.027002,786,0.49,19662887,19663672,SHORT,0,1,100.0,96.0,25.0,-4.0,14.275,23.0,18.5,41.35000000000001,1.0,14.5,SUCCESS,50.0,,92,10,,SUCCESS,15.58,False,100.0
FA_SD50_R03_MA3_RT50,50.0,15.0,3,0.5,1889,2025-11-21 10:46:07.027002,2025-11-21 10:46:19.451002,387,0.21,19663672,19664058,LONG,0,1,100.0,96.0,25.0,-7.5,16.05,51.5,21.5,41.35000000000001,1.0,15.625,SUCCESS,50.0,,93,10,,SUCCESS,7.0,False,100.0
FA_SD50_R03_MA3_RT50,50.0,15.0,3,0.5,1890,2025-11-21 10:46:19.451002,2025-11-21 10:49:39.868003,5819,3.34,19664058,19669876,SHORT,3,4,-440.0,-456.0,23.0,-30.0,17.0125,72.4,23.375,41.35000000000001,1.0,15.75,FAILURE,46.0,"1919,2855",94,10,"-30.0,-60.0,-90.0",SUCCESS,54.2,True,
FA_SD50_R03_MA3_RT50,50.0,15.0,3,0.5,1891,2025-11-21 10:49:39.868003,2025-11-21 10:51:30.421000,3139,1.84,19669876,19673014,LONG,3,4,-431.0,-447.0,13.1667,-29.5833,18.125,91.80000000000001,15.625,34.000000000000014,1.0,17.75,FAILURE,7.5,"248,2229",95,10,"-34.0,-60.0,-90.5",FAILURE,29.88,True,
FA_SD50_R03_MA3_RT50,50.0,15.0,3,0.5,1892,2025-11-21 10:51:30.421000,2025-11-21 10:51:40.074000,433,0.16,19673014,19673446,SHORT,0,1,100.0,96.0,25.0,-2.25,18.475,95.60000000000001,22.0,33.025,1.0,18.125,SUCCESS,50.0,,96,10,,FAILURE,6.18,False,100.0
FA_SD50_R03_MA3_RT50,50.0,15.0,3,0.5,1893,2025-11-21 10:51:40.074000,2025-11-21 10:51:49.395001,351,0.16,19673446,19673796,LONG,0,1,101.0,97.0,25.25,-2.5,18.7625,98.0,24.25,34.60000000000002,1.0,19.0,SUCCESS,50.5,,97,10,,SUCCESS,5.8317,False,101.0
FA_SD50_R03_MA3_RT50,50.0,15.0,3,0.5,1894,2025-11-21 10:51:49.395001,2025-11-21 10:52:12.535000,654,0.39,19673796,19674449,SHORT,0,1,101.0,97.0,25.25,-5.25,18.675,96.80000000000001,24.25,33.025,1.0,19.0,SUCCESS,50.5,,98,10,,SUCCESS,13.2178,False,101.0
FA_SD50_R03_MA3_RT50,50.0,15.0,3,0.5,1895,2025-11-21 10:52:12.535000,2025-11-21 10:54:01.900000,2602,1.82,19674449,19677050,LONG,1,2,266.0,258.0,33.25,-15.0,18.825,98.2,24.25,33.025,1.0,19.5,SUCCESS,51.5,,99,10,-30.0,SUCCESS,54.8641,False,264.0
FA_SD50_R03_MA3_RT50,50.0,15.0,3,0.5,1896,2025-11-21 10:54:01.900000,2025-11-21 10:58:01.277000,6359,3.99,19677050,19683408,SHORT,3,4,764.0,748.0,47.75,-30.0,19.3875,99.80000000000001,22.0,31.475,1.0,20.125,SUCCESS,50.5,"564,321",100,10,"-30.0,-60.0,-90.0",SUCCESS,127.0,True,758.0
FA_SD50_R03_MA3_RT50,50.0,15.0,3,0.5,1897,2025-11-21 10:58:01.277000,2025-11-21 10:58:52.029000,1184,0.85,19683408,19684591,LONG,0,1,100.0,96.0,25.0,-9.75,18.75,92.4,25.625,63.7,1.0,18.0,SUCCESS,50.0,,101,10,,SUCCESS,25.34,False,100.0
FA_SD50_R03_MA3_RT50,50.0,15.0,3,0.5,1898,2025-11-21 10:58:52.029000,2025-11-21 10:59:09.217001,313,0.29,19684591,19684903,SHORT,0,1,100.0,96.0,25.0,-5.25,18.55,89.4,25.625,63.7,1.0,18.0,SUCCESS,50.0,,102,10,,SUCCESS,8.44,False,100.0
FA_SD50_R03_MA3_RT50,50.0,15.0,3,0.5,1899,2025-11-21 10:59:09.217001,2025-11-21 11:04:27.584000,7077,5.31,19684903,19691979,LONG,3,4,-439.0,-455.0,21.75,-29.5833,19.0625,94.80000000000001,25.625,63.7,1.0,19.25,FAILURE,43.5,"249,3214",103,10,"-30.5,-62.0,-90.0",SUCCESS,74.5622,True,
FA_SD50_R03_MA3_RT50,50.0,15.0,3,0.5,1900,2025-11-21 11:04:27.584000,2025-11-21 11:05:10.378002,1039,0.71,19691979,19693017,SHORT,0,1,101.0,97.0,25.25,-8.5,16.975,54.1,25.5,52.000000000000014,1.0,15.25,SUCCESS,50.5,,104,11,,FAILURE,16.7228,False,101.0
FA_SD50_R03_MA3_RT50,50.0,15.0,3,0.5,1901,2025-11-21 11:05:10.378002,2025-11-21 11:06:26.752002,2560,1.27,19693017,19695576,LONG,1,2,260.0,252.0,32.5,-15.0,16.525,42.800000000000004,23.375,45.80000000000001,1.0,15.25,SUCCESS,50.0,,105,11,-30.0,SUCCESS,37.8,False,258.0
FA_SD50_R03_MA3_RT50,50.0,15.0,3,0.5,1902,2025-11-21 11:06:26.752002,2025-11-21 11:08:05.772000,2270,1.65,19695576,19697845,SHORT,3,4,-441.0,-457.0,24.75,-29.75,14.85,18.8,19.75,39.525000000000006,1.0,15.5,FAILURE,49.5,"798,422",106,11,"-30.0,-61.5,-90.0",SUCCESS,21.2786,True,
FA_SD50_R03_MA3_RT50,50.0,15.0,3,0.5,1903,2025-11-21 11:08:05.772000,2025-11-21 11:10:12.281000,3332,2.11,19697845,19701176,LONG,1,2,260.0,252.0,32.5,-15.0,15.325,23.6,18.125,35.400000000000006,1.0,16.5,SUCCESS,50.0,,107,11,-30.0,FAILURE,60.14,False,258.0
FA_SD50_R03_MA3_RT50,50.0,15.0,3,0.5,1904,2025-11-21 11:10:12.281000,2025-11-21 11:11:34.756000,1830,1.37,19701176,19703005,SHORT,0,1,100.0,96.0,25.0,-12.0,16.2125,39.1,18.0,40.425000000000004,1.0,16.125,SUCCESS,50.0,,108,11,,SUCCESS,36.22,False,100.0
FA_SD50_R03_MA3_RT50,50.0,15.0,3,0.5,1905,2025-11-21 11:11:34.756000,2025-11-21 11:11:43.465002,184,0.15,19703005,19703188,LONG,0,1,100.0,96.0,25.0,-0.5,17.45,66.0,18.75,40.425000000000004,1.0,17.375,SUCCESS,50.0,,109,11,,SUCCESS,3.98,False,100.0
FA_SD50_R03_MA3_RT50,50.0,15.0,3,0.5,1906,2025-11-21 11:11:43.465002,2025-11-21 11:12:06.372000,414,0.38,19703188,19703601,SHORT,0,1,101.0,97.0,25.25,-3.25,17.45,66.0,18.75,40.425000000000004,1.0,17.375,SUCCESS,50.5,,110,11,,SUCCESS,8.6238,False,101.0
FA_SD50_R03_MA3_RT50,50.0,15.0,3,0.5,1907,2025-11-21 11:12:06.372000,2025-11-21 11:12:19.866003,255,0.22,19703601,19703855,LONG,0,1,100.0,96.0,25.0,-5.0,18.2125,78.0,19.0,40.425000000000004,1.0,18.0,SUCCESS,50.0,,111,11,,SUCCESS,5.72,False,100.0
FA_SD50_R03_MA3_RT50,50.0,15.0,3,0.5,1908,2025-11-21 11:12:19.866003,2025-11-21 11:12:46.030000,471,0.44,19703855,19704325,SHORT,0,1,100.0,96.0,25.0,-6.0,18.6875,88.4,18.5,40.425000000000004,1.0,18.0,SUCCESS,50.0,,112,11,,SUCCESS,9.98,False,100.0
FA_SD50_R03_MA3_RT50,50.0,15.0,3,0.5,1909,2025-11-21 11:12:46.030000,2025-11-21 11:13:02.373000,418,0.27,19704325,19704742,LONG,0,1,107.0,103.0,26.75,-6.25,19.05,92.80000000000001,19.0,40.425000000000004,1.0,18.625,SUCCESS,53.5,,113,11,,SUCCESS,6.9065,False,107.0
FA_SD50_R03_MA3_RT50,50.0,15.0,3,0.5,1910,2025-11-21 11:13:02.373000,2025-11-21 11:18:12.609000,6655,5.17,19704742,19711396,SHORT,2,3,486.0,474.0,40.5,-25.5,19.5875,98.0,19.0,40.425000000000004,1.0,19.375,SUCCESS,51.0,238,114,11,"-30.0,-60.0",SUCCESS,123.0,False,482.0
FA_SD50_R03_MA3_RT50,50.0,15.0,3,0.5,1911,2025-11-21 11:18:12.609000,2025-11-21 11:20:43.462001,3796,2.51,19711396,19715191,LONG,2,3,488.0,476.0,40.6667,-23.0,17.275,59.1,19.625,41.77500000000003,1.0,16.375,SUCCESS,51.0,330,115,11,"-30.0,-61.0",SUCCESS,71.0196,False,484.0
FA_SD50_R03_MA3_RT50,50.0,15.0,3,0.5,1912,2025-11-21 11:20:43.462001,2025-11-21 11:22:07.811000,2375,1.41,19715191,19717565,SHORT,3,4,-440.0,-456.0,13.0,-30.0,18.1875,74.4,22.5,43.12500000000002,1.0,17.0,FAILURE,11.0,"1181,468",116,11,"-30.0,-60.0,-90.0",SUCCESS,19.98,True,
FA_SD50_R03_MA3_RT50,50.0,15.0,3,0.5,1913,2025-11-21 11:22:07.811000,2025-11-21 11:24:39.359000,3619,2.53,19717565,19721183,LONG,1,2,260.0,252.0,32.5,-15.0,17.2125,60.2,22.5,43.12500000000002,1.0,17.0,SUCCESS,50.0,,117,11,-30.0,FAILURE,62.12,False,258.0
FA_SD50_R03_MA3_RT50,50.0,15.0,3,0.5,1914,2025-11-21 11:24:39.359000,2025-11-21 11:30:02.225000,7652,5.38,19721183,19728834,SHORT,3,4,-439.0,-455.0,22.5,-30.25,14.8125,17.400000000000002,18.125,43.10000000000002,1.0,15.0,FAILURE,36.0,"3898,1169",118,11,"-30.0,-60.0,-90.5",SUCCESS,56.55,True,
FA_SD50_R03_MA3_RT50,50.0,15.0,3,0.5,1915,2025-11-21 11:30:02.225000,2025-11-21 11:36:18.378000,10374,6.27,19728834,19739207,LONG,2,3,481.0,469.0,40.0833,-24.1667,13.175,4.6000000000000005,19.25,41.7,1.0,13.75,SUCCESS,50.0,739,119,11,"-30.5,-60.0",FAILURE,160.84,False,477.0
FA_SD50_R03_MA3_RT50,50.0,15.0,3,0.5,1916,2025-11-21 11:36:18.378000,2025-11-21 11:48:12.236002,14722,11.9,19739207,19753928,SHORT,3,4,-440.0,-456.0,34.0,-30.0,14.725,25.0,21.125,31.75000000000001,1.0,14.625,FAILURE,38.0,"7106,7194",120,11,"-30.0,-60.0,-90.0",SUCCESS,116.17,True,
FA_SD50_R03_MA3_RT50,50.0,15.0,3,0.5,1917,2025-11-21 11:48:12.236002,2025-11-21 11:53:02.433001,6605,4.84,19753928,19760532,LONG,2,3,483.0,471.0,40.25,-28.25,14.825,36.6,15.0,33.400000000000006,1.0,14.625,SUCCESS,50.0,156,121,11,"-30.0,-61.5",FAILURE,97.42,False,479.0
FA_SD50_R03_MA3_RT50,50.0,15.0,3,0.5,1918,2025-11-21 11:53:02.433001,2025-11-21 11:57:35.917001,7330,4.56,19760532,19767861,SHORT,3,4,-440.0,-456.0,22.0,-30.0,12.1125,5.2,17.5,38.750000000000014,1.0,12.5,FAILURE,29.0,"4227,1130",122,11,"-30.0,-60.0,-90.0",SUCCESS,46.9,True,
FA_SD50_R03_MA3_RT50,50.0,15.0,3,0.5,1919,2025-11-21 11:57:35.917001,2025-11-21 11:58:27.567000,1667,0.86,19767861,19769527,LONG,0,1,100.0,96.0,25.0,-5.0,10.6375,2.0,21.0,38.750000000000014,1.0,10.5,SUCCESS,50.0,,123,11,,FAILURE,18.72,False,100.0
FA_SD50_R03_MA3_RT50,50.0,15.0,3,0.5,1920,2025-11-21 11:58:27.567000,2025-11-21 12:01:49.766000,7070,3.37,19769527,19776596,SHORT,1,2,260.0,252.0,32.5,-22.25,10.5,1.8,21.0,38.750000000000014,1.0,10.5,SUCCESS,50.0,,124,11,-30.0,SUCCESS,80.46,False,258.0
FA_SD50_R03_MA3_RT50,50.0,15.0,3,0.5,1921,2025-11-21 12:01:49.766000,2025-11-21 12:04:34.944000,4104,2.75,19776596,19780699,LONG,1,2,262.0,254.0,32.75,-15.0,11.3125,11.8,18.0,35.075,1.0,11.5,SUCCESS,50.5,,125,12,-30.0,SUCCESS,57.099,False,260.0
FA_SD50_R03_MA3_RT50,50.0,15.0,3,0.5,1922,2025-11-21 12:04:34.944000,2025-11-21 12:19:22.556004,15611,14.79,19780699,19796309,SHORT,2,3,480.0,468.0,40.0,-22.75,12.2125,16.8,17.75,31.375000000000007,1.0,12.0,SUCCESS,50.0,881,126,12,"-30.0,-60.0",SUCCESS,224.5,False,476.0
FA_SD50_R03_MA3_RT50,50.0,15.0,3,0.5,1923,2025-11-21 12:19:22.556004,2025-11-21 12:23:19.625000,4955,3.95,19796309,19801263,LONG,1,2,260.0,252.0,32.5,-16.25,13.625,39.0,15.875,23.32500000000001,1.0,13.375,SUCCESS,50.0,,127,12,-30.0,SUCCESS,73.3,False,258.0
FA_SD50_R03_MA3_RT50,50.0,15.0,3,0.5,1924,2025-11-21 12:23:19.625000,2025-11-21 12:36:59.000000,13083,13.66,19801263,19814345,SHORT,3,4,-439.0,-455.0,36.8333,-29.9167,11.975,19.400000000000002,16.625,31.025000000000027,1.0,11.75,FAILURE,43.5,"861,7839",128,12,"-30.0,-60.5,-90.0",SUCCESS,95.16,True,
FA_SD50_R03_MA3_RT50,50.0,15.0,3,0.5,1925,2025-11-21 12:36:59.000000,2025-11-21 12:41:05.899005,5088,4.11,19814345,19819432,LONG,3,4,-438.0,-454.0,11.25,-30.1667,12.075,23.6,16.0,43.05000000000001,1.0,12.25,FAILURE,22.5,"281,3651",129,12,"-30.5,-60.0,-90.5",FAILURE,32.21,True,
FA_SD50_R03_MA3_RT50,50.0,15.0,3,0.5,1926,2025-11-21 12:41:05.899005,2025-11-21 12:45:26.327000,3379,4.34,19819432,19822810,SHORT,3,4,-436.0,-452.0,13.25,-30.0,11.8125,21.0,15.25,42.80000000000001,1.0,11.625,FAILURE,26.5,"776,1542",130,12,"-31.5,-60.0,-90.5",FAILURE,25.12,True,
FA_SD50_R03_MA3_RT50,50.0,15.0,3,0.5,1927,2025-11-21 12:45:26.327000,2025-11-21 12:51:02.276000,4284,5.6,19822810,19827093,LONG,3,4,-434.0,-450.0,23.125,-29.5,12.2,30.700000000000003,15.25,38.87500000000001,1.0,12.125,FAILURE,4.5,"558,350",131,12,"-30.5,-62.5,-90.0",FAILURE,32.62,True,
FA_SD50_R03_MA3_RT50,50.0,15.0,3,0.5,1928,2025-11-21 12:51:02.276000,2025-11-21 13:01:14.682006,9081,10.21,19827093,19836173,SHORT,2,3,480.0,468.0,40.0,-22.5,14.8375,80.80000000000001,17.125,40.3,1.0,14.25,SUCCESS,50.0,3968,132,12,"-30.0,-60.0",FAILURE,132.96,False,476.0
FA_SD50_R03_MA3_RT50,50.0,15.0,3,0.5,1929,2025-11-21 13:01:14.682006,2025-11-21 13:04:50.186000,4585,3.59,19836173,19840757,LONG,3,4,-460.0,-476.0,24.75,-30.0,12.525,38.7,20.75,41.25000000000001,1.0,12.25,FAILURE,49.5,"1114,415",133,13,"-30.0,-60.0,-90.0",SUCCESS,27.8976,True,
FA_SD50_R03_MA3_RT50,50.0,15.0,3,0.5,1930,2025-11-21 13:04:50.186000,2025-11-21 13:08:08.693000,5772,3.31,19840757,19846528,SHORT,0,1,100.0,96.0,25.0,-13.25,11.1125,12.100000000000001,20.75,46.400000000000006,1.0,10.875,SUCCESS,50.0,,134,13,,FAILURE,78.82,False,100.0
FA_SD50_R03_MA3_RT50,50.0,15.0,3,0.5,1931,2025-11-21 13:08:08.693000,2025-11-21 13:09:40.748000,1687,1.53,19846528,19848214,LONG,0,1,102.0,98.0,25.5,-6.0,11.7375,25.5,17.0,46.400000000000006,1.0,11.5,SUCCESS,51.0,,135,13,,SUCCESS,22.2941,False,102.0
FA_SD50_R03_MA3_RT50,50.0,15.0,3,0.5,1932,2025-11-21 13:09:40.748000,2025-11-21 13:10:07.564000,383,0.45,19848214,19848596,SHORT,0,1,101.0,97.0,25.25,-1.25,12.775,54.800000000000004,15.875,29.05,1.0,11.75,SUCCESS,50.5,,136,13,,SUCCESS,5.6535,False,101.0
FA_SD50_R03_MA3_RT50,50.0,15.0,3,0.5,1933,2025-11-21 13:10:07.564000,2025-11-21 13:30:25.727001,20302,20.3,19848596,19868897,LONG,3,4,761.0,745.0,47.5625,-30.25,13.325,70.2,15.875,29.05,1.0,12.0,SUCCESS,50.0,"4424,1485",137,13,"-30.0,-60.0,-90.5",SUCCESS,282.22,True,755.0
FA_SD50_R03_MA3_RT50,50.0,15.0,3,0.5,1934,2025-11-21 13:30:25.727001,2025-11-21 13:32:27.016000,2978,2.02,19868897,19871874,SHORT,3,4,-438.0,-454.0,2.625,-30.1667,17.2375,100.0,17.5,31.375000000000007,1.0,17.0,FAILURE,2.0,"1407,519",138,13,"-30.5,-60.0,-90.5",SUCCESS,19.05,True,
FA_SD50_R03_MA3_RT50,50.0,15.0,3,0.5,1935,2025-11-21 13:32:27.016000,2025-11-21 13:36:42.981000,4135,4.27,19871874,19876008,LONG,2,3,483.0,471.0,40.25,-22.5,13.2125,73.60000000000001,16.875,35.625000000000014,1.0,12.125,SUCCESS,50.5,458,139,13,"-30.0,-60.0",FAILURE,58.505,False,479.0
FA_SD50_R03_MA3_RT50,50.0,15.0,3,0.5,1936,2025-11-21 13:36:42.981000,2025-11-21 13:48:12.196031,10203,11.49,19876008,19886210,SHORT,3,4,-443.0,-459.0,16.625,-29.9167,12.25,46.7,23.125,39.900000000000006,1.0,13.25,FAILURE,18.0,"3910,3963",140,13,"-30.5,-60.0,-90.0",SUCCESS,66.3333,True,
FA_SD50_R03_MA3_RT50,50.0,15.0,3,0.5,1937,2025-11-21 13:48:12.196031,2025-11-21 13:48:13.571012,549,0.02,19886210,19886758,LONG,0,1,101.0,97.0,25.25,0.0,10.85,14.4,23.125,37.7,1.0,10.75,SUCCESS,50.5,,141,13,,FAILURE,9.2772,False,101.0
FA_SD50_R03_MA3_RT50,50.0,15.0,3,0.5,1938,2025-11-21 13:48:13.571012,2025-11-21 13:48:26.028009,1815,0.21,19886758,19888572,SHORT,3,4,-437.0,-453.0,4.75,-30.75,11.375,22.8,23.125,37.7,1.0,11.25,FAILURE,0.0,"1068,316",142,13,"-30.0,-60.0,-91.5",SUCCESS,14.05,True,
FA_SD50_R03_MA3_RT50,50.0,15.0,3,0.5,1939,2025-11-21 13:48:26.028009,2025-11-21 13:48:35.876001,903,0.16,19888572,19889474,LONG,0,1,101.0,97.0,25.25,-1.5,14.5125,94.4,22.5,44.500000000000014,1.0,13.875,SUCCESS,50.5,,143,13,,FAILURE,12.6436,False,101.0
FA_SD50_R03_MA3_RT50,50.0,15.0,3,0.5,1940,2025-11-21 13:48:35.876001,2025-11-21 13:48:43.827001,839,0.13,19889474,19890312,SHORT,0,1,100.0,96.0,25.0,-5.0,14.1625,92.2,22.5,44.500000000000014,1.0,12.25,SUCCESS,50.0,,144,13,,SUCCESS,10.62,False,100.0
FA_SD50_R03_MA3_RT50,50.0,15.0,3,0.5,1941,2025-11-21 13:48:43.827001,2025-11-21 13:48:48.471000,398,0.08,19890312,19890709,LONG,0,1,101.0,97.0,25.25,-0.25,14.575,94.80000000000001,22.5,44.500000000000014,1.0,13.5,SUCCESS,50.5,,145,13,,SUCCESS,5.5545,False,101.0
FA_SD50_R03_MA3_RT50,50.0,15.0,3,0.5,1942,2025-11-21 13:48:48.471000,2025-11-21 13:50:09.018000,4872,1.34,19890709,19895580,SHORT,3,4,-437.0,-453.0,18.875,-29.75,14.6625,95.0,21.375,40.90000000000002,1.0,14.375,FAILURE,32.0,"3154,193",146,13,"-30.5,-61.0,-90.0",SUCCESS,35.92,True,
FA_SD50_R03_MA3_RT50,50.0,15.0,3,0.5,1943,2025-11-21 13:50:09.018000,2025-11-21 13:52:30.461000,5733,2.36,19895580,19901312,LONG,3,4,-440.0,-456.0,15.25,-30.0,14.1875,90.4,20.5,53.800000000000004,1.0,13.625,FAILURE,10.0,"3310,1756",147,13,"-30.0,-60.0,-90.0",FAILURE,44.83,True,
FA_SD50_R03_MA3_RT50,50.0,15.0,3,0.5,1944,2025-11-21 13:52:30.461000,2025-11-21 13:54:33.709000,4089,2.05,19901312,19905400,SHORT,1,2,263.0,255.0,32.875,-15.25,14.2625,90.10000000000001,20.375,53.800000000000004,1.0,13.5,SUCCESS,50.5,,148,13,-30.5,FAILURE,57.396,False,261.0
FA_SD50_R03_MA3_RT50,50.0,15.0,3,0.5,1945,2025-11-21 13:54:33.709000,2025-11-21 13:55:43.084000,2364,1.16,19905400,19907763,LONG,1,2,264.0,256.0,33.0,-15.0,12.9125,61.1,19.625,31.300000000000026,1.0,12.25,SUCCESS,51.0,,149,13,-30.0,SUCCESS,29.5882,False,262.0
FA_SD50_R03_MA3_RT50,50.0,15.0,3,0.5,1946,2025-11-21 13:55:43.084000,2025-11-21 13:57:06.997000,1322,1.4,19907763,19909084,SHORT,0,1,102.0,98.0,25.5,-7.5,12.675,53.800000000000004,19.625,40.750000000000014,1.0,12.0,SUCCESS,51.0,,150,13,,SUCCESS,22.0,False,102.0
FA_SD50_R03_MA3_RT50,50.0,15.0,3,0.5,1947,2025-11-21 13:57:06.997000,2025-11-21 14:01:06.392004,4494,3.99,19909084,19913577,LONG,1,2,260.0,252.0,32.5,-22.25,14.6125,94.4,19.625,40.750000000000014,1.0,13.625,SUCCESS,50.0,,151,13,-30.0,SUCCESS,74.64,False,258.0
FA_SD50_R03_MA3_RT50,50.0,15.0,3,0.5,1948,2025-11-21 14:01:06.392004,2025-11-21 14:01:29.832000,357,0.39,19913577,19913933,SHORT,0,1,101.0,97.0,25.25,0.0,16.325,96.0,18.25,40.750000000000014,1.0,16.125,SUCCESS,50.5,,152,14,,SUCCESS,6.604,False,101.0
FA_SD50_R03_MA3_RT50,50.0,15.0,3,0.5,1949,2025-11-21 14:01:29.832000,2025-11-21 14:03:01.888000,1511,1.53,19913933,19915443,LONG,0,1,100.0,96.0,25.0,-6.75,16.6625,96.80000000000001,18.25,40.750000000000014,1.0,16.125,SUCCESS,50.0,,153,14,,SUCCESS,28.06,False,100.0
FA_SD50_R03_MA3_RT50,50.0,15.0,3,0.5,1950,2025-11-21 14:03:01.888000,2025-11-21 14:09:14.260000,7326,6.21,19915443,19922768,SHORT,3,4,-440.0,-456.0,14.25,-30.0,16.9,98.4,17.75,32.57500000000001,1.0,16.25,FAILURE,28.5,"2583,1045",154,14,"-30.0,-60.0,-90.0",SUCCESS,50.25,True,
FA_SD50_R03_MA3_RT50,50.0,15.0,3,0.5,1951,2025-11-21 14:09:14.260000,2025-11-21 14:20:43.091000,10651,11.48,19922768,19933418,LONG,2,3,480.0,468.0,40.0,-22.75,12.5,41.900000000000006,15.375,25.45000000000001,1.0,11.875,SUCCESS,50.0,508,155,14,"-30.0,-60.0",FAILURE,154.42,False,476.0
FA_SD50_R03_MA3_RT50,50.0,15.0,3,0.5,1952,2025-11-21 14:20:43.091000,2025-11-21 14:32:28.591000,9914,11.76,19933418,19943331,SHORT,1,2,260.0,252.0,32.5,-15.0,13.075,58.300000000000004,15.125,29.75,1.0,13.125,SUCCESS,50.0,,156,14,-30.0,SUCCESS,125.06,False,258.0
FA_SD50_R03_MA3_RT50,50.0,15.0,3,0.5,1953,2025-11-21 14:32:28.591000,2025-11-21 14:40:02.542002,7530,7.57,19943331,19950860,LONG,2,3,480.0,468.0,40.0,-22.5,11.025,11.700000000000001,17.125,29.75,1.0,10.875,SUCCESS,50.0,1204,157,14,"-30.0,-60.0",SUCCESS,94.76,False,476.0
FA_SD50_R03_MA3_RT50,50.0,15.0,3,0.5,1954,2025-11-21 14:40:02.542002,2025-11-21 14:40:57.997000,980,0.92,19950860,19951839,SHORT,0,1,100.0,96.0,25.0,-4.0,11.65,26.8,13.5,26.850000000000012,1.0,11.375,SUCCESS,50.0,,158,14,,SUCCESS,11.8,False,100.0
FA_SD50_R03_MA3_RT50,50.0,15.0,3,0.5,1955,2025-11-21 14:40:57.997000,2025-11-21 14:44:07.568001,2917,3.16,19951839,19954755,LONG,3,4,-439.0,-455.0,9.25,-30.25,11.8625,32.4,13.5,26.850000000000012,1.0,11.75,FAILURE,18.5,"1325,844",159,14,"-30.0,-60.0,-90.5",SUCCESS,20.02,True,
FA_SD50_R03_MA3_RT50,50.0,15.0,3,0.5,1956,2025-11-21 14:44:07.568001,2025-11-21 14:47:19.742000,3729,3.2,19954755,19958483,SHORT,0,1,100.0,96.0,25.0,-9.25,12.6375,55.0,13.5,39.5,1.0,12.875,SUCCESS,50.0,,160,14,,FAILURE,47.74,False,100.0
FA_SD50_R03_MA3_RT50,50.0,15.0,3,0.5,1957,2025-11-21 14:47:19.742000,2025-11-21 14:48:09.856000,925,0.84,19958483,19959407,LONG,0,1,100.0,96.0,25.0,-6.5,10.35,3.2,11.875,39.5,1.0,9.5,SUCCESS,50.0,,161,14,,SUCCESS,12.74,False,100.0
FA_SD50_R03_MA3_RT50,50.0,15.0,3,0.5,1958,2025-11-21 14:48:09.856000,2025-11-21 14:53:06.251000,3202,4.94,19959407,19962608,SHORT,1,2,266.0,258.0,33.25,-16.0,10.825,14.200000000000001,11.875,39.5,1.0,9.75,SUCCESS,50.5,,162,14,-32.0,SUCCESS,53.1188,False,264.0
FA_SD50_R03_MA3_RT50,50.0,15.0,3,0.5,1959,2025-11-21 14:53:06.251000,2025-11-21 14:54:11.561000,1691,1.09,19962608,19964298,LONG,3,4,-443.0,-459.0,1.0,-29.9167,13.9125,79.10000000000001,12.375,39.5,1.0,14.125,FAILURE,2.0,"725,414",163,14,"-30.0,-60.5,-90.0",SUCCESS,9.0896,True,
FA_SD50_R03_MA3_RT50,50.0,15.0,3,0.5,1960,2025-11-21 14:54:11.561000,2025-11-21 15:00:37.616002,5743,6.43,19964298,19970040,SHORT,3,4,-439.0,-455.0,14.0833,-29.9167,13.1375,66.3,13.875,39.675000000000004,1.0,14.125,FAILURE,2.0,"833,4457",164,14,"-30.0,-60.5,-90.0",FAILURE,41.48,True,
FA_SD50_R03_MA3_RT50,50.0,15.0,3,0.5,1961,2025-11-21 15:00:37.616002,2025-11-21 15:24:17.853000,14896,23.67,19970040,19984935,LONG,3,4,-438.0,-454.0,32.9167,-29.8333,13.3,69.0,15.875,36.75000000000001,1.0,13.25,FAILURE,35.5,"1878,12438",165,15,"-30.5,-60.5,-90.0",FAILURE,111.63,True,
FA_SD50_R03_MA3_RT50,50.0,15.0,3,0.5,1962,2025-11-21 15:24:17.853000,2025-11-21 15:28:20.068000,3483,4.04,19984935,19988417,SHORT,2,3,480.0,468.0,40.0,-22.5,12.3625,42.400000000000006,15.375,26.400000000000002,1.0,12.0,SUCCESS,50.0,245,166,15,"-30.0,-60.0",FAILURE,47.84,False,476.0
FA_SD50_R03_MA3_RT50,50.0,15.0,3,0.5,1963,2025-11-21 15:28:20.068000,2025-11-21 15:31:46.648002,4782,3.44,19988417,19993198,LONG,3,4,-439.0,-455.0,8.25,-29.9167,12.375,40.800000000000004,17.125,27.3,1.0,11.5,FAILURE,16.5,"211,2526",167,15,"-30.0,-60.5,-90.0",SUCCESS,29.98,True,
FA_SD50_R03_MA3_RT50,50.0,15.0,3,0.5,1964,2025-11-21 15:31:46.648002,2025-11-21 15:35:21.464000,4457,3.58,19993198,19997654,SHORT,3,4,-446.0,-462.0,8.25,-29.8333,11.6625,24.8,12.625,34.35000000000002,1.0,10.75,FAILURE,2.5,"1818,431",168,15,"-31.0,-60.0,-90.0",FAILURE,29.5743,True,
FA_SD50_R03_MA3_RT50,50.0,15.0,3,0.5,1965,2025-11-21 15:35:21.464000,2025-11-21 15:35:30.510000,546,0.15,19997654,19998199,LONG,0,1,101.0,97.0,25.25,-1.0,12.475,49.2,13.875,33.050000000000004,1.0,12.125,SUCCESS,50.5,,169,15,,FAILURE,5.7327,False,101.0
FA_SD50_R03_MA3_RT50,50.0,15.0,3,0.5,1966,2025-11-21 15:35:30.510000,2025-11-21 15:37:41.463000,3086,2.18,19998199,20001284,SHORT,1,2,264.0,256.0,33.0,-17.75,12.4875,49.5,13.875,33.050000000000004,1.0,12.375,SUCCESS,51.0,,170,15,-30.0,SUCCESS,39.0588,False,262.0
FA_SD50_R03_MA3_RT50,50.0,15.0,3,0.5,1967,2025-11-21 15:37:41.463000,2025-11-21 15:46:50.778000,8000,9.16,20001284,20009283,LONG,1,2,262.0,254.0,32.75,-20.25,11.6875,26.200000000000003,11.875,35.95,1.0,11.75,SUCCESS,50.0,,171,15,-31.0,SUCCESS,121.06,False,260.0
FA_SD50_R03_MA3_RT50,50.0,15.0,3,0.5,1968,2025-11-21 15:46:50.778000,2025-11-21 15:48:41.918000,1895,1.85,20009283,20011177,SHORT,0,1,100.0,96.0,25.0,-11.0,13.225,68.4,16.0,35.95,1.0,13.0,SUCCESS,50.0,,172,15,,SUCCESS,26.2,False,100.0
FA_SD50_R03_MA3_RT50,50.0,15.0,3,0.5,1969,2025-11-21 15:48:41.918000,2025-11-21 15:49:00.403000,294,0.31,20011177,20011470,LONG,0,1,103.0,99.0,25.75,-0.25,12.275,37.5,17.375,38.10000000000001,1.0,11.75,SUCCESS,51.5,,173,15,,SUCCESS,4.8835,False,103.0
FA_SD50_R03_MA3_RT50,50.0,15.0,3,0.5,1970,2025-11-21 15:49:00.403000,2025-11-21 15:50:00.006026,918,0.99,20011470,20012387,SHORT,0,1,101.0,97.0,25.25,-3.0,12.45,43.2,17.375,38.10000000000001,1.0,11.75,SUCCESS,50.5,,174,15,,SUCCESS,12.901,False,101.0
FA_SD50_R03_MA3_RT50,50.0,15.0,3,0.5,1971,2025-11-21 15:50:00.006026,2025-11-21 15:53:27.486000,5139,3.46,20012387,20017525,LONG,3,4,-436.0,-452.0,30.25,-29.6667,12.3875,41.0,17.375,38.10000000000001,1.0,12.25,FAILURE,44.5,"2088,2008",175,15,"-32.0,-60.0,-90.0",SUCCESS,44.05,True,
FA_SD50_R03_MA3_RT50,50.0,15.0,3,0.5,1972,2025-11-21 15:53:27.486000,2025-11-21 15:54:08.115018,1397,0.68,20017525,20018921,SHORT,0,1,100.0,96.0,25.0,-1.5,14.225,86.2,18.5,39.900000000000006,1.0,13.875,SUCCESS,50.0,,176,15,,FAILURE,13.86,False,100.0
FA_SD50_R03_MA3_RT50,50.0,15.0,3,0.5,1973,2025-11-21 15:54:08.115018,2025-11-21 16:05:15.228005,25231,11.12,20018921,20044151,LONG,2,3,480.0,468.0,40.0,-29.25,10.9875,11.4,18.5,39.900000000000006,1.0,10.25,SUCCESS,50.0,688,177,15,"-30.0,-60.0",SUCCESS,243.78,False,476.0
FA_SD50_R03_MA3_RT50,50.0,15.0,3,0.5,1974,2025-11-21 16:05:15.228005,2025-11-21 16:06:51.158005,688,1.6,20044151,20044838,SHORT,0,1,100.0,96.0,25.0,-2.75,9.7125,11.8,9.25,18.70000000000001,1.0,9.375,SUCCESS,50.0,,178,16,,SUCCESS,7.64,False,100.0
FA_SD50_R03_MA3_RT50,50.0,15.0,3,0.5,1976,2025-11-24 09:31:05.843004,2025-11-24 09:32:11.597019,3998,1.1,20053907,20057904,LONG,0,1,100.0,94.0,25.0,-10.75,13.2625,84.4,13.875,32.20000000000002,1.0,13.125,SUCCESS,50.0,,1,9,,SESSION_START,55.92,False,98.0
FA_SD50_R03_MA3_RT50,50.0,15.0,3,0.5,1977,2025-11-24 09:32:11.597019,2025-11-24 09:33:32.097034,4232,1.34,20057904,20062135,SHORT,3,4,-439.0,-455.0,1.0,-29.9167,11.9375,49.2,14.875,40.75,1.0,11.25,FAILURE,2.0,"348,1976",2,9,"-30.5,-60.0,-90.0",SUCCESS,27.34,True,
FA_SD50_R03_MA3_RT50,50.0,15.0,3,0.5,1978,2025-11-24 09:33:32.097034,2025-11-24 09:34:27.857000,2902,0.93,20062135,20065036,LONG,0,1,100.0,96.0,25.0,-10.75,9.1,11.200000000000001,14.875,40.75,1.0,9.0,SUCCESS,50.0,,3,9,,FAILURE,37.92,False,100.0
FA_SD50_R03_MA3_RT50,50.0,15.0,3,0.5,1979,2025-11-24 09:34:27.857000,2025-11-24 09:35:38.649000,4327,1.18,20065036,20069362,SHORT,3,4,-440.0,-456.0,5.5,-30.0,9.475,15.4,14.375,46.37500000000008,1.0,9.5,FAILURE,11.0,"1797,806",4,9,"-30.0,-60.0,-90.0",SUCCESS,25.12,True,
FA_SD50_R03_MA3_RT50,50.0,15.0,3,0.5,1980,2025-11-24 09:35:38.649000,2025-11-24 09:38:06.775000,6148,2.47,20069362,20075509,LONG,3,4,-443.0,-459.0,8.3333,-29.9167,7.925,8.4,14.375,55.82500000000007,1.0,8.0,FAILURE,1.0,"434,3440",5,9,"-30.5,-60.0,-90.0",FAILURE,44.4826,True,
FA_SD50_R03_MA3_RT50,50.0,15.0,3,0.5,1981,2025-11-24 09:38:06.775000,2025-11-24 09:39:40.184001,2996,1.56,20075509,20078504,SHORT,1,2,260.0,252.0,32.5,-19.0,10.8125,33.2,15.5,41.80000000000001,1.0,10.75,SUCCESS,50.0,,6,9,-30.0,FAILURE,45.5,False,258.0
FA_SD50_R03_MA3_RT50,50.0,15.0,3,0.5,1982,2025-11-24 09:39:40.184001,2025-11-24 09:40:03.425020,975,0.39,20078504,20079478,LONG,0,1,100.0,96.0,25.0,-1.5,12.7375,71.9,20.75,41.80000000000001,1.0,12.125,SUCCESS,50.0,,7,9,,SUCCESS,12.86,False,100.0
FA_SD50_R03_MA3_RT50,50.0,15.0,3,0.5,1983,2025-11-24 09:40:03.425020,2025-11-24 09:40:23.445002,855,0.33,20079478,20080332,SHORT,0,1,100.0,96.0,25.0,-1.0,12.3,57.300000000000004,20.75,41.80000000000001,1.0,11.625,SUCCESS,50.0,,8,9,,SUCCESS,14.3,False,100.0
FA_SD50_R03_MA3_RT50,50.0,15.0,3,0.5,1984,2025-11-24 09:40:23.445002,2025-11-24 09:42:01.511000,3941,1.63,20080332,20084272,LONG,1,2,260.0,252.0,32.5,-21.5,12.375,60.400000000000006,20.75,41.80000000000001,1.0,11.625,SUCCESS,50.0,,9,9,-30.0,SUCCESS,59.3,False,258.0
FA_SD50_R03_MA3_RT50,50.0,15.0,3,0.5,1985,2025-11-24 09:42:01.511000,2025-11-24 09:43:13.663002,2632,1.2,20084272,20086903,SHORT,1,2,260.0,252.0,32.5,-15.0,12.775,73.3,21.875,43.82500000000001,1.0,12.5,SUCCESS,50.0,,10,9,-30.0,SUCCESS,41.44,False,258.0
FA_SD50_R03_MA3_RT50,50.0,15.0,3,0.5,1986,2025-11-24 09:43:13.663002,2025-11-24 09:47:48.849007,8733,4.59,20086903,20095635,LONG,2,3,480.0,468.0,40.0,-22.5,15.05,94.2,20.375,32.72500000000001,1.0,15.125,SUCCESS,50.0,1941,11,9,"-30.0,-60.0",SUCCESS,157.52,False,476.0
FA_SD50_R03_MA3_RT50,50.0,15.0,3,0.5,1987,2025-11-24 09:47:48.849007,2025-11-24 09:49:15.464000,2510,1.44,20095635,20098144,SHORT,1,2,262.0,254.0,32.75,-15.0,16.5625,95.60000000000001,19.625,42.775,1.0,16.875,SUCCESS,50.5,,12,9,-30.0,SUCCESS,40.9802,False,260.0
FA_SD50_R03_MA3_RT50,50.0,15.0,3,0.5,1988,2025-11-24 09:49:15.464000,2025-11-24 09:50:08.645000,2042,0.89,20098144,20100185,LONG,3,4,-444.0,-460.0,0.75,-30.0,16.8125,94.60000000000001,16.875,43.500000000000014,1.0,16.375,FAILURE,1.5,"782,452",13,9,"-30.0,-60.0,-90.0",SUCCESS,15.8856,True,
FA_SD50_R03_MA3_RT50,50.0,15.0,3,0.5,1989,2025-11-24 09:50:08.645000,2025-11-24 09:52:06.892002,5202,1.97,20100185,20105386,SHORT,3,4,-437.0,-453.0,27.5833,-30.4167,15.15,85.2,16.875,50.82500000000001,1.0,14.0,FAILURE,35.0,"100,2274",14,9,"-30.5,-60.0,-91.0",FAILURE,43.04,True,
FA_SD50_R03_MA3_RT50,50.0,15.0,3,0.5,1990,2025-11-24 09:52:06.892002,2025-11-24 09:54:04.115001,3504,1.95,20105386,20108889,LONG,1,2,261.0,253.0,32.625,-15.25,14.5375,81.80000000000001,17.625,39.35000000000002,1.0,14.0,SUCCESS,50.0,,15,9,-30.5,FAILURE,61.32,False,259.0
FA_SD50_R03_MA3_RT50,50.0,15.0,3,0.5,1991,2025-11-24 09:54:04.115001,2025-11-24 09:54:40.181004,920,0.6,20108889,20109808,SHORT,0,1,100.0,96.0,25.0,-9.75,15.375,85.80000000000001,17.75,56.57500000000001,1.0,15.0,SUCCESS,50.0,,16,9,,SUCCESS,16.22,False,100.0
FA_SD50_R03_MA3_RT50,50.0,15.0,3,0.5,1992,2025-11-24 09:54:40.181004,2025-11-24 09:58:20.021025,5176,3.66,20109808,20114983,LONG,1,2,260.0,252.0,32.5,-15.0,15.25,83.60000000000001,20.75,56.57500000000001,1.0,14.625,SUCCESS,50.0,,17,9,-30.0,SUCCESS,99.14,False,258.0
FA_SD50_R03_MA3_RT50,50.0,15.0,3,0.5,1993,2025-11-24 09:58:20.021025,2025-11-24 09:58:56.417003,768,0.61,20114983,20115750,SHORT,0,1,100.0,96.0,25.0,-3.5,14.75,76.80000000000001,21.5,37.62500000000002,1.0,13.75,SUCCESS,50.0,,18,9,,SUCCESS,13.04,False,100.0
FA_SD50_R03_MA3_RT50,50.0,15.0,3,0.5,1994,2025-11-24 09:58:56.417003,2025-11-24 09:59:29.128003,572,0.55,20115750,20116321,LONG,0,1,100.0,96.0,25.0,-6.25,14.95,78.4,19.75,37.62500000000002,1.0,13.75,SUCCESS,50.0,,19,9,,SUCCESS,11.26,False,100.0
FA_SD50_R03_MA3_RT50,50.0,15.0,3,0.5,1995,2025-11-24 09:59:29.128003,2025-11-24 10:02:00.985006,5412,2.53,20116321,20121732,SHORT,3,4,-440.0,-456.0,18.75,-30.0,15.3625,85.0,19.75,37.62500000000002,1.0,14.625,FAILURE,37.5,"654,1447",20,9,"-30.0,-60.0,-90.0",SUCCESS,42.46,True,
FA_SD50_R03_MA3_RT50,50.0,15.0,3,0.5,1996,2025-11-24 10:02:00.985006,2025-11-24 10:03:41.232000,3617,1.67,20121732,20125348,LONG,0,1,100.0,96.0,25.0,-0.25,11.675,40.6,15.875,31.100000000000033,1.0,11.125,SUCCESS,50.0,,21,10,,FAILURE,46.92,False,100.0
FA_SD50_R03_MA3_RT50,50.0,15.0,3,0.5,1997,2025-11-24 10:03:41.232000,2025-11-24 10:08:05.232000,8367,4.4,20125348,20133714,SHORT,1,2,260.0,252.0,32.5,-15.75,10.0375,27.200000000000003,13.375,35.825000000000024,1.0,8.75,SUCCESS,50.0,,22,10,-30.0,SUCCESS,101.96,False,258.0
FA_SD50_R03_MA3_RT50,50.0,15.0,3,0.5,1998,2025-11-24 10:08:05.232000,2025-11-24 10:11:12.685000,4909,3.12,20133714,20138622,LONG,3,4,-439.0,-455.0,16.5,-30.25,12.2,51.2,12.375,34.225,1.0,12.25,FAILURE,33.0,"2240,559",23,10,"-30.0,-60.0,-90.5",SUCCESS,35.61,True,
FA_SD50_R03_MA3_RT50,50.0,15.0,3,0.5,1999,2025-11-24 10:11:12.685000,2025-11-24 10:14:15.115000,5758,3.04,20138622,20144379,SHORT,3,4,-438.0,-454.0,15.0,-30.5,13.6375,64.8,15.625,34.225,1.0,13.25,FAILURE,15.0,"1482,1516",24,10,"-30.0,-60.0,-91.0",FAILURE,42.88,True,
FA_SD50_R03_MA3_RT50,50.0,15.0,3,0.5,2000,2025-11-24 10:14:15.115000,2025-11-24 10:15:12.289000,2126,0.95,20144379,20146504,LONG,0,1,101.0,97.0,25.25,-10.25,13.7875,67.5,16.5,36.675000000000004,1.0,13.5,SUCCESS,50.5,,25,10,,FAILURE,25.3762,False,101.0
FA_SD50_R03_MA3_RT50,50.0,15.0,3,0.5,2001,2025-11-24 10:15:12.289000,2025-11-24 10:16:03.769000,1319,0.86,20146504,20147822,SHORT,0,1,101.0,97.0,25.25,-5.0,11.6875,46.800000000000004,15.125,37.12500000000001,1.0,11.125,SUCCESS,50.5,,26,10,,SUCCESS,15.9901,False,101.0
FA_SD50_R03_MA3_RT50,50.0,15.0,3,0.5,2002,2025-11-24 10:16:03.769000,2025-11-24 10:23:09.235003,9769,7.09,20147822,20157590,LONG,1,2,260.0,252.0,32.5,-18.5,12.1875,49.0,15.125,37.12500000000001,1.0,11.625,SUCCESS,50.0,,27,10,-30.0,SUCCESS,139.02,False,258.0
FA_SD50_R03_MA3_RT50,50.0,15.0,3,0.5,2003,2025-11-24 10:23:09.235003,2025-11-24 10:24:00.655000,1291,0.86,20157590,20158880,SHORT,0,1,100.0,96.0,25.0,-2.5,14.0,70.8,16.875,32.400000000000006,1.0,13.5,SUCCESS,50.0,,28,10,,SUCCESS,16.54,False,100.0
FA_SD50_R03_MA3_RT50,50.0,15.0,3,0.5,2004,2025-11-24 10:24:00.655000,2025-11-24 10:28:19.467031,8416,4.31,20158880,20167295,LONG,2,3,481.0,469.0,40.0833,-25.1667,13.975,69.8,16.875,32.400000000000006,1.0,12.625,SUCCESS,50.0,1514,29,10,"-30.0,-60.5",SUCCESS,110.94,False,477.0
FA_SD50_R03_MA3_RT50,50.0,15.0,3,0.5,2005,2025-11-24 10:28:19.467031,2025-11-24 10:30:08.391000,2397,1.82,20167295,20169691,SHORT,0,1,102.0,98.0,25.5,-5.5,12.25,37.800000000000004,16.875,30.425000000000004,1.0,13.0,SUCCESS,51.0,,30,10,,SUCCESS,31.1373,False,102.0
FA_SD50_R03_MA3_RT50,50.0,15.0,3,0.5,2006,2025-11-24 10:30:08.391000,2025-11-24 10:31:12.270000,1686,1.06,20169691,20171376,LONG,0,1,100.0,96.0,25.0,-10.25,11.4,28.0,18.125,30.425000000000004,1.0,10.625,SUCCESS,50.0,,31,10,,SUCCESS,22.18,False,100.0
FA_SD50_R03_MA3_RT50,50.0,15.0,3,0.5,2007,2025-11-24 10:31:12.270000,2025-11-24 10:39:49.110000,11842,8.61,20171376,20183217,SHORT,3,4,-440.0,-456.0,13.75,-30.0,11.7,30.3,22.0,32.1,1.0,11.25,FAILURE,27.5,"1844,5047",32,10,"-30.0,-60.0,-90.0",SUCCESS,68.67,True,
FA_SD50_R03_MA3_RT50,50.0,15.0,3,0.5,2008,2025-11-24 10:39:49.110000,2025-11-24 11:03:00.019001,26062,23.18,20183217,20209278,LONG,2,3,480.0,468.0,40.0,-22.5,9.6625,12.4,17.5,30.075000000000003,1.0,9.875,SUCCESS,50.0,17756,33,10,"-30.0,-60.0",FAILURE,246.2,False,476.0
FA_SD50_R03_MA3_RT50,50.0,15.0,3,0.5,2009,2025-11-24 11:03:00.019001,2025-11-24 11:12:33.398000,11400,9.56,20209278,20220677,SHORT,3,4,-440.0,-456.0,5.25,-30.0,8.725,16.6,12.125,20.200000000000006,1.0,8.75,FAILURE,3.5,"4268,3646",34,11,"-30.0,-60.0,-90.0",SUCCESS,44.56,True,
FA_SD50_R03_MA3_RT50,50.0,15.0,3,0.5,2010,2025-11-24 11:12:33.398000,2025-11-24 12:33:16.653027,63334,80.72,20220677,20284010,LONG,2,3,480.0,468.0,40.0,-27.0,6.4375,4.2,15.25,30.650000000000002,1.0,6.5,SUCCESS,50.0,15505,35,11,"-30.0,-60.0",FAILURE,563.92,False,476.0
FA_SD50_R03_MA3_RT50,50.0,15.0,3,0.5,2011,2025-11-24 12:33:16.653027,2025-11-24 13:12:45.168024,30390,39.48,20284010,20314399,SHORT,3,4,-440.0,-456.0,11.5,-30.0,7.4,35.7,9.5,15.475000000000003,1.0,7.5,FAILURE,23.0,"1953,22760",36,12,"-30.0,-60.0,-90.0",SUCCESS,110.64,True,
FA_SD50_R03_MA3_RT50,50.0,15.0,3,0.5,2012,2025-11-24 13:12:45.168024,2025-11-24 14:53:26.095000,61087,100.68,20314399,20375485,LONG,3,4,-440.0,-456.0,30.0,-30.0,5.9125,7.300000000000001,10.0,19.47500000000001,1.0,5.5,FAILURE,30.0,"8433,48433",37,13,"-30.0,-60.0,-90.0",FAILURE,214.73,True,
FA_SD50_R03_MA3_RT50,50.0,15.0,3,0.5,2013,2025-11-24 14:53:26.095000,2025-11-24 15:04:38.884000,10117,11.21,20375485,20385601,SHORT,3,4,-440.0,-456.0,6.75,-30.0,6.4,52.6,11.625,26.050000000000004,1.0,6.25,FAILURE,6.0,"1140,7006",38,14,"-30.0,-60.0,-90.0",FAILURE,37.75,True,
FA_SD50_R03_MA3_RT50,50.0,15.0,3,0.5,2014,2025-11-24 15:04:38.884000,2025-11-24 15:53:50.016047,40683,49.19,20385601,20426283,LONG,1,2,260.0,252.0,32.5,-15.0,5.7625,14.0,10.375,29.025000000000006,1.0,5.5,SUCCESS,50.0,,39,15,-30.0,FAILURE,301.24,False,258.0
FA_SD50_R03_MA3_RT50,50.0,15.0,3,0.5,2015,2025-11-24 15:53:50.016047,2025-11-24 15:57:23.178000,9714,3.55,20426283,20435996,SHORT,1,2,260.0,252.0,32.5,-15.0,7.125,89.7,16.125,23.1,1.0,6.75,SUCCESS,50.0,,40,15,-30.0,SUCCESS,72.52,False,258.0
FA_SD50_R03_MA3_RT50,50.0,15.0,3,0.5,2016,2025-11-24 15:57:23.178000,2025-11-24 16:12:35.335093,30040,15.2,20435996,20466035,LONG,1,2,260.0,252.0,32.5,-15.0,6.6,73.0,12.875,22.775,1.0,6.875,SUCCESS,50.0,,41,15,-30.0,SUCCESS,181.12,False,258.0
FA_SD50_R03_MA3_RT50,50.0,15.0,3,0.5,2018,2025-11-25 09:40:16.951020,2025-11-25 09:42:14.070000,6370,1.95,20495265,20501634,SHORT,0,1,101.0,95.0,25.25,-6.75,10.0,88.60000000000001,14.5,27.20000000000001,1.0,8.75,SUCCESS,50.5,,1,9,,SESSION_START,59.7327,False,99.0
FA_SD50_R03_MA3_RT50,50.0,15.0,3,0.5,2019,2025-11-25 09:42:14.070000,2025-11-25 09:43:21.072000,4699,1.12,20501634,20506332,LONG,3,4,-440.0,-456.0,4.5,-30.0,8.725,78.0,15.125,27.20000000000001,1.0,8.0,FAILURE,9.0,"751,1503",2,9,"-30.0,-60.0,-90.0",SUCCESS,21.62,True,
FA_SD50_R03_MA3_RT50,50.0,15.0,3,0.5,2020,2025-11-25 09:43:21.072000,2025-11-25 09:45:08.031000,6312,1.78,20506332,20512643,SHORT,1,2,260.0,252.0,32.5,-15.0,7.7125,65.60000000000001,15.125,33.925000000000004,1.0,6.75,SUCCESS,50.0,,3,9,-30.0,FAILURE,59.56,False,258.0
FA_SD50_R03_MA3_RT50,50.0,15.0,3,0.5,2021,2025-11-25 09:45:08.031000,2025-11-25 09:48:26.348000,13956,3.31,20512643,20526598,LONG,3,4,-440.0,-456.0,14.25,-30.0,8.8375,78.4,15.5,30.775000000000013,1.0,8.5,FAILURE,3.5,"3041,8029",4,9,"-30.0,-60.0,-90.0",SUCCESS,67.28,True,
FA_SD50_R03_MA3_RT50,50.0,15.0,3,0.5,2022,2025-11-25 09:48:26.348000,2025-11-25 09:49:26.672006,4512,1.01,20526598,20531109,SHORT,0,1,100.0,96.0,25.0,-7.5,8.8125,75.60000000000001,18.125,34.65000000000002,1.0,8.25,SUCCESS,50.0,,5,9,,FAILURE,43.12,False,100.0
FA_SD50_R03_MA3_RT50,50.0,15.0,3,0.5,2023,2025-11-25 09:49:26.672006,2025-11-25 09:51:00.814000,7776,1.57,20531109,20538884,LONG,2,3,483.0,471.0,40.25,-22.5,8.725,70.7,17.75,39.375000000000014,1.0,8.375,SUCCESS,50.5,632,6,9,"-30.0,-60.0",SUCCESS,75.5743,False,479.0
FA_SD50_R03_MA3_RT50,50.0,15.0,3,0.5,2024,2025-11-25 09:51:00.814000,2025-11-25 09:52:03.987037,4721,1.05,20538884,20543604,SHORT,3,4,-439.0,-455.0,3.0,-30.25,8.5,62.6,17.375,39.30000000000001,1.0,8.25,FAILURE,6.0,"1189,2504",7,9,"-30.0,-60.0,-90.5",SUCCESS,22.86,True,
FA_SD50_R03_MA3_RT50,50.0,15.0,3,0.5,2025,2025-11-25 09:52:03.987037,2025-11-25 09:54:01.417000,6570,1.96,20543604,20550173,LONG,0,1,100.0,96.0,25.0,-12.5,8.675,67.4,14.25,39.30000000000001,1.0,8.25,SUCCESS,50.0,,8,9,,FAILURE,67.66,False,100.0
FA_SD50_R03_MA3_RT50,50.0,15.0,3,0.5,2026,2025-11-25 09:54:01.417000,2025-11-25 09:57:26.041000,9041,3.41,20550173,20559213,SHORT,3,4,-439.0,-455.0,12.3333,-29.9167,9.5,82.60000000000001,14.5,37.05000000000002,1.0,9.125,FAILURE,4.0,"2135,5940",9,9,"-30.5,-60.0,-90.0",SUCCESS,57.89,True,
FA_SD50_R03_MA3_RT50,50.0,15.0,3,0.5,2027,2025-11-25 09:57:26.041000,2025-11-25 09:59:00.603000,3339,1.58,20559213,20562551,LONG,0,1,100.0,96.0,25.0,-3.75,10.7125,95.60000000000001,15.25,44.47500000000001,1.0,10.5,SUCCESS,50.0,,10,9,,FAILURE,40.48,False,100.0
FA_SD50_R03_MA3_RT50,50.0,15.0,3,0.5,2028,2025-11-25 09:59:00.603000,2025-11-25 10:00:21.723000,3835,1.35,20562551,20566385,SHORT,1,2,262.0,254.0,32.75,-15.0,9.9625,80.4,13.25,35.225000000000016,1.0,10.0,SUCCESS,50.5,,11,9,-30.0,SUCCESS,60.7624,False,260.0
FA_SD50_R03_MA3_RT50,50.0,15.0,3,0.5,2029,2025-11-25 10:00:21.723000,2025-11-25 10:02:25.406000,6677,2.06,20566385,20573061,LONG,3,4,-440.0,-456.0,21.5,-30.0,10.85,95.0,10.75,38.60000000000001,1.0,10.0,FAILURE,43.0,"2364,1058",12,10,"-30.0,-60.0,-90.0",SUCCESS,41.95,True,
FA_SD50_R03_MA3_RT50,50.0,15.0,3,0.5,2030,2025-11-25 10:02:25.406000,2025-11-25 10:02:44.642006,1380,0.32,20573061,20574440,SHORT,0,1,100.0,96.0,25.0,-1.75,11.5375,96.4,11.5,37.1,1.0,10.875,SUCCESS,50.0,,13,10,,FAILURE,15.84,False,100.0
FA_SD50_R03_MA3_RT50,50.0,15.0,3,0.5,2031,2025-11-25 10:02:44.642006,2025-11-25 10:04:17.213000,4955,1.54,20574440,20579394,LONG,3,4,-444.0,-460.0,7.25,-30.0,11.475,94.80000000000001,11.5,37.1,1.0,11.875,FAILURE,14.5,"1591,1144",14,10,"-30.0,-60.0,-90.0",SUCCESS,30.0746,True,
FA_SD50_R03_MA3_RT50,50.0,15.0,3,0.5,2032,2025-11-25 10:04:17.213000,2025-11-25 10:05:31.978037,3726,1.25,20579394,20583119,SHORT,3,4,-439.0,-455.0,8.0833,-29.9167,11.775,96.0,13.125,37.875000000000014,1.0,11.25,FAILURE,2.5,"230,2947",15,10,"-30.5,-60.0,-90.0",FAILURE,23.32,True,
FA_SD50_R03_MA3_RT50,50.0,15.0,3,0.5,2033,2025-11-25 10:05:31.978037,2025-11-25 10:05:48.205018,1504,0.27,20583119,20584622,LONG,0,1,100.0,96.0,25.0,-6.75,11.5125,91.7,14.125,33.37500000000002,1.0,10.875,SUCCESS,50.0,,16,10,,FAILURE,15.76,False,100.0
FA_SD50_R03_MA3_RT50,50.0,15.0,3,0.5,2034,2025-11-25 10:05:48.205018,2025-11-25 10:06:39.409002,2676,0.85,20584622,20587297,SHORT,0,1,100.0,96.0,25.0,-13.0,11.1625,83.80000000000001,14.125,33.37500000000002,1.0,10.25,SUCCESS,50.0,,17,10,,SUCCESS,31.26,False,100.0
FA_SD50_R03_MA3_RT50,50.0,15.0,3,0.5,2035,2025-11-25 10:06:39.409002,2025-11-25 10:06:53.615000,624,0.24,20587297,20587920,LONG,0,1,102.0,98.0,25.5,-1.75,11.4875,90.80000000000001,17.875,46.025000000000006,1.0,11.375,SUCCESS,51.0,,18,10,,SUCCESS,7.8627,False,102.0
FA_SD50_R03_MA3_RT50,50.0,15.0,3,0.5,2036,2025-11-25 10:06:53.615000,2025-11-25 10:08:25.336008,4105,1.53,20587920,20592024,SHORT,3,4,-440.0,-456.0,4.5,-30.0,11.625,92.80000000000001,17.875,46.025000000000006,1.0,11.375,FAILURE,9.0,"656,2686",19,10,"-30.0,-60.0,-90.0",SUCCESS,25.66,True,
FA_SD50_R03_MA3_RT50,50.0,15.0,3,0.5,2037,2025-11-25 10:08:25.336008,2025-11-25 10:11:15.062002,6569,2.83,20592024,20598592,LONG,3,4,-439.0,-455.0,18.875,-29.9167,11.725,92.0,17.875,48.650000000000006,1.0,11.5,FAILURE,23.0,"4499,584",20,10,"-30.5,-60.0,-90.0",FAILURE,42.0,True,
FA_SD50_R03_MA3_RT50,50.0,15.0,3,0.5,2038,2025-11-25 10:11:15.062002,2025-11-25 10:11:34.721134,1454,0.33,20598592,20600045,SHORT,0,1,100.0,96.0,25.0,-3.5,13.7125,100.0,20.125,46.175000000000004,1.0,12.75,SUCCESS,50.0,,21,10,,FAILURE,18.32,False,100.0
FA_SD50_R03_MA3_RT50,50.0,15.0,3,0.5,2039,2025-11-25 10:11:34.721134,2025-11-25 10:11:50.270000,697,0.26,20600045,20600741,LONG,0,1,103.0,99.0,25.75,-3.5,12.925,97.80000000000001,20.125,51.52500000000002,1.0,12.75,SUCCESS,51.5,,22,10,,SUCCESS,9.3689,False,103.0
FA_SD50_R03_MA3_RT50,50.0,15.0,3,0.5,2040,2025-11-25 10:11:50.270000,2025-11-25 10:23:04.188000,19146,11.23,20600741,20619886,SHORT,3,4,760.0,744.0,47.5,-30.0,13.6375,99.60000000000001,20.125,51.52500000000002,1.0,13.25,SUCCESS,50.0,"1243,184",23,10,"-30.0,-60.0,-90.0",SUCCESS,303.22,True,754.0
FA_SD50_R03_MA3_RT50,50.0,15.0,3,0.5,2041,2025-11-25 10:23:04.188000,2025-11-25 10:23:44.560012,1657,0.67,20619886,20621542,LONG,0,1,100.0,96.0,25.0,-7.25,15.5625,94.0,21.75,35.650000000000006,1.0,13.5,SUCCESS,50.0,,24,10,,SUCCESS,22.28,False,100.0
FA_SD50_R03_MA3_RT50,50.0,15.0,3,0.5,2042,2025-11-25 10:23:44.560012,2025-11-25 10:24:07.929000,1230,0.39,20621542,20622771,SHORT,0,1,100.0,96.0,25.0,-11.75,14.0625,86.2,22.5,35.650000000000006,1.0,12.625,SUCCESS,50.0,,25,10,,SUCCESS,15.5,False,100.0
FA_SD50_R03_MA3_RT50,50.0,15.0,3,0.5,2043,2025-11-25 10:24:07.929000,2025-11-25 10:25:23.253000,1594,1.26,20622771,20624364,LONG,0,1,100.0,96.0,25.0,-1.0,13.35,80.60000000000001,22.5,33.45,1.0,12.5,SUCCESS,50.0,,26,10,,SUCCESS,25.48,False,100.0
FA_SD50_R03_MA3_RT50,50.0,15.0,3,0.5,2044,2025-11-25 10:25:23.253000,2025-11-25 10:29:08.625001,5714,3.76,20624364,20630077,SHORT,3,4,-440.0,-456.0,27.75,-30.0,13.2,80.2,22.5,33.45,1.0,13.0,FAILURE,40.5,"4986,274",27,10,"-30.0,-60.0,-90.0",SUCCESS,39.98,True,
FA_SD50_R03_MA3_RT50,50.0,15.0,3,0.5,2045,2025-11-25 10:29:08.625001,2025-11-25 10:30:23.363000,2421,1.25,20630077,20632497,LONG,0,1,100.0,96.0,25.0,-11.0,12.9875,75.2,23.25,34.575,1.0,12.75,SUCCESS,50.0,,28,10,,FAILURE,27.84,False,100.0
FA_SD50_R03_MA3_RT50,50.0,15.0,3,0.5,2046,2025-11-25 10:30:23.363000,2025-11-25 10:35:12.393000,9088,4.82,20632497,20641584,SHORT,1,2,260.0,252.0,32.5,-15.0,10.725,46.2,23.25,35.625000000000014,1.0,10.0,SUCCESS,50.0,,29,10,-30.0,SUCCESS,102.08,False,258.0
FA_SD50_R03_MA3_RT50,50.0,15.0,3,0.5,2047,2025-11-25 10:35:12.393000,2025-11-25 10:38:10.587002,4606,2.97,20641584,20646189,LONG,1,2,260.0,252.0,32.5,-15.0,9.8625,37.4,22.875,44.625,1.0,9.375,SUCCESS,50.0,,30,10,-30.0,SUCCESS,61.32,False,258.0
FA_SD50_R03_MA3_RT50,50.0,15.0,3,0.5,2048,2025-11-25 10:38:10.587002,2025-11-25 10:40:15.516000,2063,2.08,20646189,20648251,SHORT,0,1,100.0,96.0,25.0,-0.75,12.875,74.2,10.75,44.575,1.0,12.625,SUCCESS,50.0,,31,10,,SUCCESS,28.82,False,100.0
FA_SD50_R03_MA3_RT50,50.0,15.0,3,0.5,2049,2025-11-25 10:40:15.516000,2025-11-25 10:41:00.392000,696,0.75,20648251,20648946,LONG,0,1,100.0,96.0,25.0,-2.75,13.6125,80.0,10.75,31.225000000000023,1.0,13.75,SUCCESS,50.0,,32,10,,SUCCESS,10.46,False,100.0
FA_SD50_R03_MA3_RT50,50.0,15.0,3,0.5,2050,2025-11-25 10:41:00.392000,2025-11-25 10:43:02.966000,2023,2.04,20648946,20650968,SHORT,0,1,100.0,96.0,25.0,-6.5,13.4,77.10000000000001,10.75,26.600000000000005,1.0,13.5,SUCCESS,50.0,,33,10,,SUCCESS,26.74,False,100.0
FA_SD50_R03_MA3_RT50,50.0,15.0,3,0.5,2051,2025-11-25 10:43:02.966000,2025-11-25 10:43:54.640000,687,0.86,20650968,20651654,LONG,0,1,100.0,96.0,25.0,0.0,13.9875,83.60000000000001,13.875,26.600000000000005,1.0,13.875,SUCCESS,50.0,,34,10,,SUCCESS,10.22,False,100.0
FA_SD50_R03_MA3_RT50,50.0,15.0,3,0.5,2052,2025-11-25 10:43:54.640000,2025-11-25 10:45:10.677021,3465,1.27,20651654,20655118,SHORT,3,4,-440.0,-456.0,0.25,-30.0,13.925,83.2,13.875,26.600000000000005,1.0,13.875,FAILURE,0.5,"637,1578",35,10,"-30.0,-60.0,-90.0",SUCCESS,16.77,True,
FA_SD50_R03_MA3_RT50,50.0,15.0,3,0.5,2053,2025-11-25 10:45:10.677021,2025-11-25 10:49:25.319002,7993,4.24,20655118,20663110,LONG,3,4,-440.0,-456.0,15.0,-30.0,9.975,27.6,13.875,26.600000000000005,1.0,9.625,FAILURE,30.0,"1014,852",36,10,"-30.0,-60.0,-90.0",FAILURE,39.53,True,
FA_SD50_R03_MA3_RT50,50.0,15.0,3,0.5,2054,2025-11-25 10:49:25.319002,2025-11-25 10:50:38.504000,2739,1.22,20663110,20665848,SHORT,0,1,100.0,96.0,25.0,-7.25,8.9125,13.600000000000001,14.0,23.325000000000003,1.0,8.75,SUCCESS,50.0,,37,10,,FAILURE,29.86,False,100.0
FA_SD50_R03_MA3_RT50,50.0,15.0,3,0.5,2055,2025-11-25 10:50:38.504000,2025-11-25 10:57:25.575000,8486,6.78,20665848,20674333,LONG,1,2,260.0,252.0,32.5,-15.0,10.15,29.200000000000003,14.125,27.10000000000006,1.0,9.125,SUCCESS,50.0,,38,10,-30.0,SUCCESS,120.06,False,258.0
FA_SD50_R03_MA3_RT50,50.0,15.0,3,0.5,2056,2025-11-25 10:57:25.575000,2025-11-25 11:03:10.978001,6589,5.76,20674333,20680921,SHORT,2,3,480.0,468.0,40.0,-22.5,12.5625,67.2,14.875,43.07500000000003,1.0,11.875,SUCCESS,50.0,471,39,10,"-30.0,-60.0",SUCCESS,88.98,False,476.0
FA_SD50_R03_MA3_RT50,50.0,15.0,3,0.5,2057,2025-11-25 11:03:10.978001,2025-11-25 11:04:18.990000,1091,1.13,20680921,20682011,LONG,0,1,100.0,96.0,25.0,-5.0,12.7875,67.8,13.875,30.22500000000001,1.0,11.875,SUCCESS,50.0,,40,11,,SUCCESS,14.82,False,100.0
FA_SD50_R03_MA3_RT50,50.0,15.0,3,0.5,2058,2025-11-25 11:04:18.990000,2025-11-25 11:05:59.349000,1992,1.67,20682011,20684002,SHORT,0,1,100.0,96.0,25.0,-14.25,13.2375,72.60000000000001,13.875,26.350000000000005,1.0,12.25,SUCCESS,50.0,,41,11,,SUCCESS,24.16,False,100.0
FA_SD50_R03_MA3_RT50,50.0,15.0,3,0.5,2059,2025-11-25 11:05:59.349000,2025-11-25 11:07:04.174000,1262,1.08,20684002,20685263,LONG,0,1,100.0,96.0,25.0,-7.25,12.8375,66.8,14.375,29.250000000000025,1.0,11.75,SUCCESS,50.0,,42,11,,SUCCESS,16.64,False,100.0
FA_SD50_R03_MA3_RT50,50.0,15.0,3,0.5,2060,2025-11-25 11:07:04.174000,2025-11-25 11:09:32.393000,2117,2.47,20685263,20687379,SHORT,0,1,100.0,96.0,25.0,-13.0,12.7375,65.2,14.375,29.250000000000025,1.0,11.5,SUCCESS,50.0,,43,11,,SUCCESS,26.32,False,100.0
FA_SD50_R03_MA3_RT50,50.0,15.0,3,0.5,2061,2025-11-25 11:09:32.393000,2025-11-25 11:12:33.049000,2743,3.01,20687379,20690121,LONG,0,1,100.0,96.0,25.0,-8.5,12.125,53.400000000000006,14.0,42.975,1.0,11.375,SUCCESS,50.0,,44,11,,SUCCESS,34.24,False,100.0
FA_SD50_R03_MA3_RT50,50.0,15.0,3,0.5,2062,2025-11-25 11:12:33.049000,2025-11-25 11:14:53.434000,1393,2.34,20690121,20691513,SHORT,0,1,100.0,96.0,25.0,-1.25,11.3,29.200000000000003,15.75,38.925000000000004,1.0,10.375,SUCCESS,50.0,,45,11,,SUCCESS,19.62,False,100.0
FA_SD50_R03_MA3_RT50,50.0,15.0,3,0.5,2063,2025-11-25 11:14:53.434000,2025-11-25 11:17:18.464000,2186,2.42,20691513,20693698,LONG,0,1,100.0,96.0,25.0,-9.5,11.4125,32.2,13.0,38.925000000000004,1.0,11.5,SUCCESS,50.0,,46,11,,SUCCESS,26.16,False,100.0
FA_SD50_R03_MA3_RT50,50.0,15.0,3,0.5,2064,2025-11-25 11:17:18.464000,2025-11-25 11:21:01.616000,3858,3.72,20693698,20697555,SHORT,3,4,-440.0,-456.0,9.5,-30.0,10.5125,17.400000000000002,17.0,38.925000000000004,1.0,10.125,FAILURE,19.0,"513,1902",47,11,"-30.0,-60.0,-90.0",SUCCESS,19.54,True,
FA_SD50_R03_MA3_RT50,50.0,15.0,3,0.5,2065,2025-11-25 11:21:01.616000,2025-11-25 11:22:21.858042,2330,1.34,20697555,20699884,LONG,0,1,100.0,96.0,25.0,-1.75,8.9375,8.4,15.25,38.925000000000004,1.0,8.75,SUCCESS,50.0,,48,11,,FAILURE,18.5,False,100.0
FA_SD50_R03_MA3_RT50,50.0,15.0,3,0.5,2066,2025-11-25 11:22:21.858042,2025-11-25 11:23:02.823001,816,0.68,20699884,20700699,SHORT,0,1,100.0,96.0,25.0,-0.25,7.725,2.2,16.375,42.975,1.0,7.5,SUCCESS,50.0,,49,11,,SUCCESS,7.96,False,100.0
FA_SD50_R03_MA3_RT50,50.0,15.0,3,0.5,2067,2025-11-25 11:23:02.823001,2025-11-25 11:41:53.118007,16163,18.84,20700699,20716861,LONG,2,3,480.0,468.0,40.0,-22.5,8.0625,4.4,17.875,42.975,1.0,7.875,SUCCESS,50.0,886,50,11,"-30.0,-60.0",SUCCESS,173.94,False,476.0
FA_SD50_R03_MA3_RT50,50.0,15.0,3,0.5,2068,2025-11-25 11:41:53.118007,2025-11-25 11:45:11.869001,3135,3.31,20716861,20719995,SHORT,0,1,100.0,96.0,25.0,-6.0,8.9875,13.4,12.0,22.000000000000007,1.0,9.25,SUCCESS,50.0,,51,11,,SUCCESS,29.0,False,100.0
FA_SD50_R03_MA3_RT50,50.0,15.0,3,0.5,2069,2025-11-25 11:45:11.869001,2025-11-25 11:52:00.008000,5850,6.8,20719995,20725844,LONG,1,2,260.0,252.0,32.5,-15.0,8.2625,7.2,13.125,22.000000000000007,1.0,7.625,SUCCESS,50.0,,52,11,-30.0,SUCCESS,59.16,False,258.0
FA_SD50_R03_MA3_RT50,50.0,15.0,3,0.5,2070,2025-11-25 11:52:00.008000,2025-11-25 12:05:07.969000,13021,13.13,20725844,20738864,SHORT,3,4,-440.0,-456.0,4.25,-30.0,9.3125,24.200000000000003,13.125,20.92500000000002,1.0,9.375,FAILURE,5.5,"3615,7782",53,11,"-30.0,-60.0,-90.0",SUCCESS,61.39,True,
FA_SD50_R03_MA3_RT50,50.0,15.0,3,0.5,2071,2025-11-25 12:05:07.969000,2025-11-25 12:19:06.695006,10550,13.98,20738864,20749413,LONG,0,1,100.0,96.0,25.0,-8.75,9.3375,31.8,12.75,24.100000000000033,1.0,9.125,SUCCESS,50.0,,54,12,,FAILURE,85.14,False,100.0
FA_SD50_R03_MA3_RT50,50.0,15.0,3,0.5,2072,2025-11-25 12:19:06.695006,2025-11-25 12:24:43.967007,7101,5.62,20749413,20756513,SHORT,3,4,-440.0,-456.0,1.0,-30.0,7.0125,6.800000000000001,10.375,17.275000000000006,1.0,7.0,FAILURE,2.0,"2891,2135",55,12,"-30.0,-60.0,-90.0",SUCCESS,24.39,True,
FA_SD50_R03_MA3_RT50,50.0,15.0,3,0.5,2073,2025-11-25 12:24:43.967007,2025-11-25 12:33:56.696000,8983,9.21,20756513,20765495,LONG,1,2,260.0,252.0,32.5,-16.25,6.25,2.4000000000000004,10.375,22.100000000000033,1.0,6.5,SUCCESS,50.0,,56,12,-30.0,FAILURE,70.52,False,258.0
FA_SD50_R03_MA3_RT50,50.0,15.0,3,0.5,2074,2025-11-25 12:33:56.696000,2025-11-25 12:48:07.156001,14434,14.17,20765495,20779928,SHORT,1,2,260.0,252.0,32.5,-20.25,5.7625,1.2000000000000002,11.0,39.650000000000006,1.0,5.5,SUCCESS,50.0,,57,12,-30.0,SUCCESS,105.76,False,258.0
FA_SD50_R03_MA3_RT50,50.0,15.0,3,0.5,2075,2025-11-25 12:48:07.156001,2025-11-25 12:51:09.184000,2258,3.03,20779928,20782185,LONG,0,1,100.0,96.0,25.0,-1.25,6.6,27.400000000000002,9.75,39.675000000000004,1.0,6.375,SUCCESS,50.0,,58,12,,SUCCESS,18.48,False,100.0
FA_SD50_R03_MA3_RT50,50.0,15.0,3,0.5,2076,2025-11-25 12:51:09.184000,2025-11-25 12:54:27.861000,1902,3.31,20782185,20784086,SHORT,0,1,100.0,96.0,25.0,-1.0,7.6375,37.4,11.625,35.425000000000004,1.0,8.0,SUCCESS,50.0,,59,12,,SUCCESS,16.5,False,100.0
FA_SD50_R03_MA3_RT50,50.0,15.0,3,0.5,2077,2025-11-25 12:54:27.861000,2025-11-25 13:47:24.756000,29938,52.95,20784086,20814023,LONG,2,3,480.0,468.0,40.0,-22.5,7.8375,39.6,14.375,35.425000000000004,1.0,8.0,SUCCESS,50.0,1317,60,12,"-30.0,-60.0",SUCCESS,273.98,False,476.0
FA_SD50_R03_MA3_RT50,50.0,15.0,3,0.5,2078,2025-11-25 13:47:24.756000,2025-11-25 14:04:11.737008,9584,16.78,20814023,20823606,SHORT,1,2,260.0,252.0,32.5,-15.0,7.0,35.9,13.0,21.575000000000003,1.0,6.625,SUCCESS,50.0,,61,13,-30.0,SUCCESS,69.1,False,258.0
FA_SD50_R03_MA3_RT50,50.0,15.0,3,0.5,2079,2025-11-25 14:04:11.737008,2025-11-25 14:19:04.812000,8946,14.88,20823606,20832551,LONG,3,4,-440.0,-456.0,19.25,-30.0,6.775,38.6,11.125,22.67500000000001,1.0,6.625,FAILURE,38.5,"1880,821",62,14,"-30.0,-60.0,-90.0",SUCCESS,33.84,True,
FA_SD50_R03_MA3_RT50,50.0,15.0,3,0.5,2080,2025-11-25 14:19:04.812000,2025-11-25 14:55:50.855000,23974,36.77,20832551,20856524,SHORT,3,4,-439.0,-455.0,35.0833,-29.9167,6.8125,41.6,9.875,22.275000000000006,1.0,6.375,FAILURE,40.0,"2639,20389",63,14,"-30.5,-60.0,-90.0",FAILURE,101.7,True,
FA_SD50_R03_MA3_RT50,50.0,15.0,3,0.5,2081,2025-11-25 14:55:50.855000,2025-11-25 15:01:18.950000,3570,5.47,20856524,20860093,LONG,0,1,100.0,96.0,25.0,-1.0,6.175,14.700000000000001,13.875,24.050000000000008,1.0,6.5,SUCCESS,50.0,,64,14,,FAILURE,26.66,False,100.0
FA_SD50_R03_MA3_RT50,50.0,15.0,3,0.5,2082,2025-11-25 15:01:18.950000,2025-11-25 15:35:36.485021,22972,34.29,20860093,20883064,SHORT,3,4,-440.0,-456.0,10.0,-30.0,5.7875,8.0,13.875,29.67500000000001,1.0,5.25,FAILURE,20.0,"3157,999",65,15,"-30.0,-60.0,-90.0",SUCCESS,79.22,True,
FA_SD50_R03_MA3_RT50,50.0,15.0,3,0.5,2083,2025-11-25 15:35:36.485021,2025-11-25 15:50:00.012088,12100,14.39,20883064,20895163,LONG,0,1,100.0,96.0,25.0,-13.0,4.6875,0.4,11.375,29.67500000000001,1.0,4.75,SUCCESS,50.0,,66,15,,FAILURE,76.72,False,100.0
FA_SD50_R03_MA3_RT50,50.0,15.0,3,0.5,2084,2025-11-25 15:50:00.012088,2025-11-25 15:59:48.899000,17438,9.81,20895163,20912600,SHORT,1,2,260.0,252.0,32.5,-19.75,5.5625,16.5,12.25,19.475000000000016,1.0,4.75,SUCCESS,50.0,,67,15,-30.0,SUCCESS,131.68,False,258.0
FA_SD50_R03_MA3_RT50,50.0,15.0,3,0.5,2086,2025-11-26 09:50:58.289062,2025-11-26 09:55:00.735000,7450,4.04,20967622,20975071,LONG,3,4,-440.0,-458.0,8.0,-30.0,8.9375,78.0,14.5,26.500000000000007,1.0,8.75,FAILURE,16.0,"1088,449",1,9,"-30.0,-60.0,-90.0",SESSION_START,37.48,True,
FA_SD50_R03_MA3_RT50,50.0,15.0,3,0.5,2087,2025-11-26 09:55:00.735000,2025-11-26 09:56:34.111004,3188,1.56,20975071,20978258,SHORT,0,1,100.0,96.0,25.0,-10.0,10.3125,89.80000000000001,16.375,30.775,1.0,10.125,SUCCESS,50.0,,2,9,,FAILURE,32.16,False,100.0
FA_SD50_R03_MA3_RT50,50.0,15.0,3,0.5,2088,2025-11-26 09:56:34.111004,2025-11-26 10:00:02.732000,7987,3.48,20978258,20986244,LONG,3,4,-438.0,-454.0,24.5,-29.8333,10.2625,87.2,14.625,24.125,1.0,10.75,FAILURE,49.0,"1002,2607",3,9,"-30.0,-61.0,-90.0",SUCCESS,39.89,True,
FA_SD50_R03_MA3_RT50,50.0,15.0,3,0.5,2089,2025-11-26 10:00:02.732000,2025-11-26 10:03:09.836009,8347,3.12,20986244,20994590,SHORT,3,4,-439.0,-455.0,13.5,-29.9167,8.875,66.10000000000001,15.875,26.700000000000006,1.0,8.125,FAILURE,27.0,"2468,1138",4,10,"-30.5,-60.0,-90.0",FAILURE,46.64,True,
FA_SD50_R03_MA3_RT50,50.0,15.0,3,0.5,2090,2025-11-26 10:03:09.836009,2025-11-26 10:09:07.702000,10818,5.96,20994590,21005407,LONG,3,4,760.0,744.0,47.5,-30.0,9.425,73.60000000000001,16.625,32.75000000000003,1.0,9.25,SUCCESS,50.0,"826,3515",5,10,"-30.0,-60.0,-90.0",FAILURE,112.86,True,754.0
FA_SD50_R03_MA3_RT50,50.0,15.0,3,0.5,2091,2025-11-26 10:09:07.702000,2025-11-26 10:10:45.744002,2796,1.63,21005407,21008202,SHORT,0,1,100.0,96.0,25.0,-0.25,9.0,56.800000000000004,15.375,28.825000000000003,1.0,8.5,SUCCESS,50.0,,6,10,,SUCCESS,26.94,False,100.0
FA_SD50_R03_MA3_RT50,50.0,15.0,3,0.5,2092,2025-11-26 10:10:45.744002,2025-11-26 10:24:53.166001,21054,14.12,21008202,21029255,LONG,3,4,-440.0,-456.0,16.5,-30.0,8.1125,38.0,12.125,25.125000000000007,1.0,7.625,FAILURE,18.0,"7168,11717",7,10,"-30.0,-60.0,-90.0",SUCCESS,111.27,True,
FA_SD50_R03_MA3_RT50,50.0,15.0,3,0.5,2093,2025-11-26 10:24:53.166001,2025-11-26 10:26:59.671000,3941,2.11,21029255,21033195,SHORT,3,4,-444.0,-460.0,4.5,-30.0,10.0875,68.5,17.0,25.475,1.0,10.375,FAILURE,9.0,"1531,1346",8,10,"-30.0,-60.0,-90.0",FAILURE,19.5572,True,
FA_SD50_R03_MA3_RT50,50.0,15.0,3,0.5,2094,2025-11-26 10:26:59.671000,2025-11-26 10:34:23.394000,8580,7.4,21033195,21041774,LONG,0,1,100.0,96.0,25.0,-13.25,9.6375,55.400000000000006,17.0,27.55,1.0,9.5,SUCCESS,50.0,,9,10,,FAILURE,86.76,False,100.0
FA_SD50_R03_MA3_RT50,50.0,15.0,3,0.5,2095,2025-11-26 10:34:23.394000,2025-11-26 10:47:33.290001,14501,13.16,21041774,21056274,SHORT,1,2,260.0,252.0,32.5,-21.5,8.75,22.900000000000002,12.75,21.1,1.0,8.75,SUCCESS,50.0,,10,10,-30.0,SUCCESS,142.66,False,258.0
FA_SD50_R03_MA3_RT50,50.0,15.0,3,0.5,2096,2025-11-26 10:47:33.290001,2025-11-26 10:48:42.137000,1361,1.15,21056274,21057634,LONG,0,1,100.0,96.0,25.0,-4.75,10.0625,71.9,12.5,27.725,1.0,10.25,SUCCESS,50.0,,11,10,,SUCCESS,12.86,False,100.0
FA_SD50_R03_MA3_RT50,50.0,15.0,3,0.5,2097,2025-11-26 10:48:42.137000,2025-11-26 11:00:01.145005,10057,11.32,21057634,21067690,SHORT,3,4,-440.0,-456.0,12.75,-30.0,9.875,66.8,12.5,27.725,1.0,10.0,FAILURE,25.5,"4679,1868",12,10,"-30.0,-60.0,-90.0",SUCCESS,42.27,True,
FA_SD50_R03_MA3_RT50,50.0,15.0,3,0.5,2098,2025-11-26 11:00:01.145005,2025-11-26 11:05:07.746000,6691,5.11,21067690,21074380,LONG,0,1,100.0,96.0,25.0,-9.25,6.4,0.0,13.5,27.650000000000002,1.0,5.75,SUCCESS,50.0,,13,11,,FAILURE,47.52,False,100.0
FA_SD50_R03_MA3_RT50,50.0,15.0,3,0.5,2099,2025-11-26 11:05:07.746000,2025-11-26 11:36:13.726001,29298,31.1,21074380,21103677,SHORT,3,4,-440.0,-456.0,11.0,-30.0,5.725,4.0,12.75,24.72500000000001,1.0,5.625,FAILURE,22.0,"2766,12783",14,11,"-30.0,-60.0,-90.0",SUCCESS,97.24,True,
FA_SD50_R03_MA3_RT50,50.0,15.0,3,0.5,2100,2025-11-26 11:36:13.726001,2025-11-26 11:43:05.523000,7274,6.86,21103677,21110950,LONG,0,1,100.0,96.0,25.0,-6.25,5.2625,12.200000000000001,12.5,24.92500000000002,1.0,5.25,SUCCESS,50.0,,15,11,,FAILURE,40.74,False,100.0
FA_SD50_R03_MA3_RT50,50.0,15.0,3,0.5,2101,2025-11-26 11:43:05.523000,2025-11-26 11:47:09.254007,4279,4.06,21110950,21115228,SHORT,0,1,100.0,96.0,25.0,-3.5,4.3625,1.9000000000000001,11.375,30.55000000000001,1.0,4.375,SUCCESS,50.0,,16,11,,SUCCESS,24.34,False,100.0
FA_SD50_R03_MA3_RT50,50.0,15.0,3,0.5,2102,2025-11-26 11:47:09.254007,2025-11-26 13:09:30.650000,55907,82.36,21115228,21171134,LONG,3,4,-444.0,-460.0,36.75,-30.0,4.85,14.0,11.375,30.55000000000001,1.0,4.75,FAILURE,43.5,"4088,38521",17,11,"-30.0,-60.0,-90.0",SUCCESS,197.6368,True,
FA_SD50_R03_MA3_RT50,50.0,15.0,3,0.5,2103,2025-11-26 13:09:30.650000,2025-11-26 13:23:00.302003,14830,13.49,21171134,21185963,SHORT,3,4,-440.0,-456.0,16.25,-30.0,9.025,94.80000000000001,12.75,28.20000000000001,1.0,8.75,FAILURE,32.5,"1175,10877",18,13,"-30.0,-60.0,-90.0",FAILURE,71.43,True,
FA_SD50_R03_MA3_RT50,50.0,15.0,3,0.5,2104,2025-11-26 13:23:00.302003,2025-11-26 13:44:22.470000,14139,21.37,21185963,21200101,LONG,3,4,-439.0,-455.0,12.75,-29.9167,7.7875,84.0,14.75,32.925000000000004,1.0,8.0,FAILURE,25.5,"1336,3083",19,13,"-30.0,-60.5,-90.0",FAILURE,56.69,True,
FA_SD50_R03_MA3_RT50,50.0,15.0,3,0.5,2105,2025-11-26 13:44:22.470000,2025-11-26 14:30:12.304000,28740,45.83,21200101,21228840,SHORT,3,4,-439.0,-455.0,22.0625,-29.9167,7.3625,83.60000000000001,14.875,25.900000000000027,1.0,6.875,FAILURE,21.5,"1404,7514",20,13,"-30.5,-60.0,-90.0",FAILURE,104.13,True,
FA_SD50_R03_MA3_RT50,50.0,15.0,3,0.5,2106,2025-11-26 14:30:12.304000,2025-11-26 15:59:57.305002,61836,89.75,21228840,21290675,LONG,3,4,-439.0,-455.0,28.5833,-29.9167,5.4875,21.400000000000002,13.625,34.55000000000001,1.0,5.25,FAILURE,27.0,"379,46193",21,14,"-30.5,-60.0,-90.0",FAILURE,204.58,True,
FA_SD50_R03_MA3_RT50,50.0,15.0,3,0.5,2108,2025-11-28 09:37:25.321002,2025-11-28 09:40:49.464000,2859,3.4,21320259,21323117,LONG,3,4,-439.0,-457.0,14.0,-29.9167,11.45,98.2,10.25,28.150000000000002,1.0,11.25,FAILURE,28.0,"489,838",1,9,"-30.5,-60.0,-90.0",SESSION_START,28.53,True,
FA_SD50_R03_MA3_RT50,50.0,15.0,3,0.5,2109,2025-11-28 09:40:49.464000,2025-11-28 09:41:05.691028,472,0.27,21323117,21323588,SHORT,0,1,100.0,96.0,25.0,-0.5,10.95,95.80000000000001,10.25,30.85000000000002,2.0,10.875,SUCCESS,50.0,,2,9,,FAILURE,8.48,False,100.0
FA_SD50_R03_MA3_RT50,50.0,15.0,3,0.5,2110,2025-11-28 09:41:05.691028,2025-11-28 09:42:25.515000,1016,1.33,21323588,21324603,LONG,0,1,100.0,96.0,25.0,-2.0,11.5375,98.2,10.75,45.02500000000003,1.0,11.375,SUCCESS,50.0,,3,9,,SUCCESS,22.78,False,100.0
FA_SD50_R03_MA3_RT50,50.0,15.0,3,0.5,2111,2025-11-28 09:42:25.515000,2025-11-28 10:50:38.520000,27366,68.22,21324603,21351968,SHORT,3,4,-440.0,-456.0,22.75,-30.0,11.9625,98.60000000000001,10.75,45.02500000000003,1.0,11.375,FAILURE,30.5,"2987,23437",4,9,"-30.0,-60.0,-90.0",SUCCESS,186.31,True,
FA_SD50_R03_MA3_RT50,50.0,15.0,3,0.5,2112,2025-11-28 10:50:38.520000,2025-11-28 11:07:31.997016,8873,16.89,21351968,21360840,LONG,0,1,100.0,96.0,25.0,-12.75,8.8875,71.0,10.625,26.375,1.0,8.875,SUCCESS,50.0,,5,10,,FAILURE,78.76,False,100.0
FA_SD50_R03_MA3_RT50,50.0,15.0,3,0.5,2113,2025-11-28 11:07:31.997016,2025-11-28 11:21:51.059006,5308,14.32,21360840,21366147,SHORT,0,1,100.0,96.0,25.0,-3.25,7.1,60.900000000000006,14.125,26.375,1.0,6.5,SUCCESS,50.0,,6,11,,SUCCESS,46.34,False,100.0
FA_SD50_R03_MA3_RT50,50.0,15.0,3,0.5,2114,2025-11-28 11:21:51.059006,2025-11-28 11:53:30.405004,15934,31.66,21366147,21382080,LONG,2,3,480.0,468.0,40.0,-25.5,7.0,59.1,9.625,19.0,1.0,6.75,SUCCESS,50.0,737,7,11,"-30.0,-60.0",SUCCESS,133.94,False,476.0
FA_SD50_R03_MA3_RT50,50.0,15.0,3,0.5,2115,2025-11-28 11:53:30.405004,2025-11-28 12:01:30.408000,3786,8.0,21382080,21385865,SHORT,0,1,100.0,96.0,25.0,-0.5,7.25,54.5,14.125,34.225,1.0,6.25,SUCCESS,50.0,,8,11,,SUCCESS,29.0,False,100.0
FA_SD50_R03_MA3_RT50,50.0,15.0,3,0.5,2116,2025-11-28 12:01:30.408000,2025-11-28 12:07:15.094000,2200,5.74,21385865,21388064,LONG,0,1,100.0,96.0,25.0,-2.5,6.2125,29.200000000000003,15.125,34.225,1.0,6.125,SUCCESS,50.0,,9,12,,SUCCESS,18.32,False,100.0
FA_SD50_R03_MA3_RT50,50.0,15.0,3,0.5,2117,2025-11-28 12:07:15.094000,2025-11-28 12:34:03.795003,9635,26.81,21388064,21397698,SHORT,0,1,100.0,96.0,25.0,-7.0,7.025,46.5,15.125,34.225,1.0,6.75,SUCCESS,50.0,,10,12,,SUCCESS,79.08,False,100.0
FA_SD50_R03_MA3_RT50,50.0,15.0,3,0.5,2118,2025-11-28 12:34:03.795003,2025-11-28 12:50:24.226000,8469,16.34,21397698,21406166,LONG,0,1,100.0,96.0,25.0,-13.75,7.7625,63.5,12.125,24.525000000000006,1.0,7.75,SUCCESS,50.0,,11,12,,SUCCESS,67.62,False,100.0
FA_SD50_R03_MA3_RT50,50.0,15.0,3,0.5,2119,2025-11-28 12:50:24.226000,2025-11-28 12:58:57.723000,8834,8.56,21406166,21414999,SHORT,3,4,-440.0,-456.0,11.75,-30.0,7.075,35.6,10.625,21.575000000000003,1.0,6.375,FAILURE,23.5,"2401,1416",12,12,"-30.0,-60.0,-90.0",SUCCESS,29.46,True,
FA_SD50_R03_MA3_RT50,50.0,15.0,3,0.5,2121,2025-12-01 09:35:03.534008,2025-12-01 09:40:33.394000,12934,5.5,21447190,21460123,LONG,3,4,-440.0,-458.0,24.5,-30.0,9.15,66.2,9.875,35.60000000000002,1.0,8.25,FAILURE,34.0,"9620,903",1,9,"-30.0,-60.0,-90.0",SESSION_START,62.07,True,
FA_SD50_R03_MA3_RT50,50.0,15.0,3,0.5,2122,2025-12-01 09:40:33.394000,2025-12-01 09:41:16.337000,2140,0.72,21460123,21462262,SHORT,0,1,100.0,96.0,25.0,-10.75,9.3875,78.80000000000001,12.875,31.075000000000003,1.0,9.125,SUCCESS,50.0,,2,9,,FAILURE,23.36,False,100.0
FA_SD50_R03_MA3_RT50,50.0,15.0,3,0.5,2123,2025-12-01 09:41:16.337000,2025-12-01 09:41:54.494002,1446,0.64,21462262,21463707,LONG,0,1,100.0,96.0,25.0,-2.75,10.05,91.0,12.875,31.050000000000004,1.0,10.125,SUCCESS,50.0,,3,9,,SUCCESS,17.62,False,100.0
FA_SD50_R03_MA3_RT50,50.0,15.0,3,0.5,2124,2025-12-01 09:41:54.494002,2025-12-01 09:43:19.295006,2662,1.41,21463707,21466368,SHORT,0,1,100.0,96.0,25.0,-11.25,10.7125,94.60000000000001,12.875,33.525,1.0,10.375,SUCCESS,50.0,,4,9,,SUCCESS,31.72,False,100.0
FA_SD50_R03_MA3_RT50,50.0,15.0,3,0.5,2125,2025-12-01 09:43:19.295006,2025-12-01 09:45:26.221000,4546,2.12,21466368,21470913,LONG,1,2,260.0,252.0,32.5,-15.0,10.1875,92.0,12.625,33.525,1.0,9.5,SUCCESS,50.0,,5,9,-30.0,SUCCESS,48.5,False,258.0
FA_SD50_R03_MA3_RT50,50.0,15.0,3,0.5,2126,2025-12-01 09:45:26.221000,2025-12-01 09:47:11.427028,4514,1.75,21470913,21475426,SHORT,3,4,-440.0,-456.0,9.5,-30.0,8.7,67.10000000000001,12.75,34.775,1.0,8.5,FAILURE,19.0,"803,2611",6,9,"-30.0,-60.0,-90.0",SUCCESS,21.8,True,
FA_SD50_R03_MA3_RT50,50.0,15.0,3,0.5,2127,2025-12-01 09:47:11.427028,2025-12-01 09:48:05.216000,2529,0.9,21475426,21477954,LONG,0,1,100.0,96.0,25.0,-7.25,8.65,66.2,15.5,35.025,1.0,8.125,SUCCESS,50.0,,7,9,,FAILURE,22.38,False,100.0
FA_SD50_R03_MA3_RT50,50.0,15.0,3,0.5,2128,2025-12-01 09:48:05.216000,2025-12-01 09:48:44.220000,1730,0.65,21477954,21479683,SHORT,0,1,100.0,96.0,25.0,-0.5,7.2,33.6,20.75,36.42500000000002,1.0,7.0,SUCCESS,50.0,,8,9,,SUCCESS,16.06,False,100.0
FA_SD50_R03_MA3_RT50,50.0,15.0,3,0.5,2129,2025-12-01 09:48:44.220000,2025-12-01 09:51:03.454011,4226,2.32,21479683,21483908,LONG,1,2,260.0,252.0,32.5,-15.0,7.475,45.1,20.75,36.42500000000002,1.0,7.5,SUCCESS,50.0,,9,9,-30.0,SUCCESS,43.94,False,258.0
FA_SD50_R03_MA3_RT50,50.0,15.0,3,0.5,2130,2025-12-01 09:51:03.454011,2025-12-01 09:52:25.297029,2641,1.36,21483908,21486548,SHORT,0,1,100.0,96.0,25.0,-1.0,9.5875,86.4,11.75,36.42500000000002,1.0,10.0,SUCCESS,50.0,,10,9,,SUCCESS,24.44,False,100.0
FA_SD50_R03_MA3_RT50,50.0,15.0,3,0.5,2131,2025-12-01 09:52:25.297029,2025-12-01 09:53:04.887001,1197,0.66,21486548,21487744,LONG,0,1,100.0,96.0,25.0,-1.5,10.0625,91.0,13.75,36.42500000000002,1.0,10.25,SUCCESS,50.0,,11,9,,SUCCESS,11.42,False,100.0
FA_SD50_R03_MA3_RT50,50.0,15.0,3,0.5,2132,2025-12-01 09:53:04.887001,2025-12-01 10:00:01.172012,12535,6.94,21487744,21500278,SHORT,3,4,-440.0,-456.0,19.75,-30.0,10.1625,91.4,13.75,36.42500000000002,1.0,10.25,FAILURE,39.5,"2129,1356",12,9,"-30.0,-60.0,-90.0",SUCCESS,60.55,True,
FA_SD50_R03_MA3_RT50,50.0,15.0,3,0.5,2133,2025-12-01 10:00:01.172012,2025-12-01 10:21:36.359039,33760,21.59,21500278,21534037,LONG,3,4,-439.0,-455.0,31.5625,-29.9167,9.85,85.5,15.75,28.625000000000007,1.0,8.375,FAILURE,18.0,"5259,4217",13,10,"-30.5,-60.0,-90.0",FAILURE,172.71,True,
FA_SD50_R03_MA3_RT50,50.0,15.0,3,0.5,2134,2025-12-01 10:21:36.359039,2025-12-01 10:34:01.596000,16987,12.42,21534037,21551023,SHORT,1,2,260.0,252.0,32.5,-15.0,9.725,75.3,14.875,30.87500000000002,1.0,9.25,SUCCESS,50.0,,14,10,-30.0,FAILURE,170.74,False,258.0
FA_SD50_R03_MA3_RT50,50.0,15.0,3,0.5,2135,2025-12-01 10:34:01.596000,2025-12-01 10:36:37.395005,6298,2.6,21551023,21557320,LONG,2,3,480.0,468.0,40.0,-22.5,9.1375,39.7,12.125,31.800000000000008,1.0,8.875,SUCCESS,50.0,2364,15,10,"-30.0,-60.0",SUCCESS,55.8,False,476.0
FA_SD50_R03_MA3_RT50,50.0,15.0,3,0.5,2136,2025-12-01 10:36:37.395005,2025-12-01 10:37:52.558031,2371,1.25,21557320,21559690,SHORT,0,1,100.0,96.0,25.0,-3.0,9.3,52.300000000000004,13.875,37.500000000000014,1.0,9.25,SUCCESS,50.0,,16,10,,SUCCESS,21.42,False,100.0
FA_SD50_R03_MA3_RT50,50.0,15.0,3,0.5,2137,2025-12-01 10:37:52.558031,2025-12-01 10:39:05.224000,1460,1.21,21559690,21561149,LONG,0,1,100.0,96.0,25.0,-2.25,9.2875,51.5,11.375,24.675000000000033,1.0,9.0,SUCCESS,50.0,,17,10,,SUCCESS,15.12,False,100.0
FA_SD50_R03_MA3_RT50,50.0,15.0,3,0.5,2138,2025-12-01 10:39:05.224000,2025-12-01 10:52:01.404008,17169,12.94,21561149,21578317,SHORT,3,4,-440.0,-456.0,28.75,-30.0,9.2375,48.1,11.375,24.675000000000033,1.0,8.25,FAILURE,27.5,"1454,13906",18,10,"-30.0,-60.0,-90.0",SUCCESS,79.63,True,
FA_SD50_R03_MA3_RT50,50.0,15.0,3,0.5,2139,2025-12-01 10:52:01.404008,2025-12-01 10:52:58.032000,2097,0.94,21578317,21580413,LONG,0,1,100.0,96.0,25.0,-1.75,7.975,9.600000000000001,10.125,23.225,1.0,7.5,SUCCESS,50.0,,19,10,,FAILURE,15.08,False,100.0
FA_SD50_R03_MA3_RT50,50.0,15.0,3,0.5,2140,2025-12-01 10:52:58.032000,2025-12-01 11:07:01.439000,15829,14.06,21580413,21596241,SHORT,1,2,260.0,252.0,32.5,-15.0,6.65,1.2000000000000002,10.125,23.225,1.0,6.375,SUCCESS,50.0,,20,10,-30.0,SUCCESS,123.98,False,258.0
FA_SD50_R03_MA3_RT50,50.0,15.0,3,0.5,2141,2025-12-01 11:07:01.439000,2025-12-01 11:15:43.394000,11789,8.7,21596241,21608029,LONG,3,4,-440.0,-456.0,15.25,-30.0,6.6875,8.3,10.875,22.325000000000003,1.0,6.375,FAILURE,2.5,"2444,8063",21,11,"-30.0,-60.0,-90.0",SUCCESS,47.98,True,
FA_SD50_R03_MA3_RT50,50.0,15.0,3,0.5,2142,2025-12-01 11:15:43.394000,2025-12-01 11:22:04.139000,6808,6.35,21608029,21614836,SHORT,3,4,-440.0,-456.0,7.5,-30.0,7.7625,27.0,11.625,29.850000000000012,1.0,7.875,FAILURE,15.0,"605,2098",22,11,"-30.0,-60.0,-90.0",FAILURE,29.91,True,
FA_SD50_R03_MA3_RT50,50.0,15.0,3,0.5,2143,2025-12-01 11:22:04.139000,2025-12-01 11:37:31.998003,12116,15.46,21614836,21626951,LONG,1,2,260.0,252.0,32.5,-15.0,8.525,41.6,10.625,35.925000000000004,1.0,7.5,SUCCESS,50.0,,23,11,-30.0,FAILURE,102.0,False,258.0
FA_SD50_R03_MA3_RT50,50.0,15.0,3,0.5,2144,2025-12-01 11:37:31.998003,2025-12-01 12:01:39.260003,20906,24.12,21626951,21647856,SHORT,3,4,-440.0,-456.0,17.25,-30.0,7.075,13.200000000000001,12.125,20.200000000000006,1.0,6.75,FAILURE,34.5,"5277,4494",24,11,"-30.0,-60.0,-90.0",SUCCESS,72.57,True,
FA_SD50_R03_MA3_RT50,50.0,15.0,3,0.5,2145,2025-12-01 12:01:39.260003,2025-12-01 12:44:48.767002,26481,43.16,21647856,21674336,LONG,2,3,480.0,468.0,40.0,-25.75,6.6375,21.200000000000003,11.375,23.375000000000007,1.0,6.75,SUCCESS,50.0,9231,25,12,"-30.0,-60.0",FAILURE,197.24,False,476.0
FA_SD50_R03_MA3_RT50,50.0,15.0,3,0.5,2146,2025-12-01 12:44:48.767002,2025-12-01 12:56:36.970001,8869,11.8,21674336,21683204,SHORT,1,2,260.0,252.0,32.5,-15.0,5.525,2.4000000000000004,13.5,24.22500000000001,1.0,4.875,SUCCESS,50.0,,26,12,-30.0,SUCCESS,57.92,False,258.0
FA_SD50_R03_MA3_RT50,50.0,15.0,3,0.5,2147,2025-12-01 12:56:36.970001,2025-12-01 13:13:07.197000,7570,16.5,21683204,21690773,LONG,0,1,100.0,96.0,25.0,-8.5,6.575,35.300000000000004,12.625,26.925000000000004,1.0,6.0,SUCCESS,50.0,,27,12,,SUCCESS,57.92,False,100.0
FA_SD50_R03_MA3_RT50,50.0,15.0,3,0.5,2148,2025-12-01 13:13:07.197000,2025-12-01 13:21:31.405000,3926,8.4,21690773,21694698,SHORT,0,1,100.0,96.0,25.0,-4.25,5.775,14.0,11.625,23.800000000000004,1.0,5.5,SUCCESS,50.0,,28,13,,SUCCESS,26.9,False,100.0
FA_SD50_R03_MA3_RT50,50.0,15.0,3,0.5,2149,2025-12-01 13:21:31.405000,2025-12-01 13:51:39.082000,11619,30.13,21694698,21706316,LONG,0,1,100.0,96.0,25.0,-0.75,6.0875,26.5,11.625,23.800000000000004,1.0,6.125,SUCCESS,50.0,,29,13,,SUCCESS,73.56,False,100.0
FA_SD50_R03_MA3_RT50,50.0,15.0,3,0.5,2150,2025-12-01 13:51:39.082000,2025-12-01 14:05:05.123000,8826,13.43,21706316,21715141,SHORT,0,1,100.0,96.0,25.0,-12.75,5.25,4.0,9.875,20.325000000000003,1.0,5.0,SUCCESS,50.0,,30,13,,SUCCESS,50.98,False,100.0
FA_SD50_R03_MA3_RT50,50.0,15.0,3,0.5,2151,2025-12-01 14:05:05.123000,2025-12-01 14:23:08.761000,14641,18.06,21715141,21729781,LONG,3,4,-440.0,-456.0,3.75,-30.0,5.3375,12.200000000000001,12.625,23.375,1.0,5.375,FAILURE,5.0,"5622,3585",31,14,"-30.0,-60.0,-90.0",SUCCESS,43.74,True,
FA_SD50_R03_MA3_RT50,50.0,15.0,3,0.5,2152,2025-12-01 14:23:08.761000,2025-12-01 14:32:00.638064,9175,8.86,21729781,21738955,SHORT,0,1,100.0,96.0,25.0,-10.75,5.75,32.1,13.75,30.6,1.0,5.625,SUCCESS,50.0,,32,14,,FAILURE,62.6,False,100.0
FA_SD50_R03_MA3_RT50,50.0,15.0,3,0.5,2153,2025-12-01 14:32:00.638064,2025-12-01 14:36:54.157001,7512,4.89,21738955,21746466,LONG,1,2,260.0,252.0,32.5,-15.5,6.6375,73.0,13.5,30.6,1.0,6.25,SUCCESS,50.0,,33,14,-30.0,SUCCESS,53.52,False,258.0
FA_SD50_R03_MA3_RT50,50.0,15.0,3,0.5,2154,2025-12-01 14:36:54.157001,2025-12-01 14:45:13.603000,7085,8.32,21746466,21753550,SHORT,0,1,100.0,96.0,25.0,-10.0,7.2125,90.0,12.375,30.6,1.0,7.5,SUCCESS,50.0,,34,14,,SUCCESS,52.2,False,100.0
FA_SD50_R03_MA3_RT50,50.0,15.0,3,0.5,2155,2025-12-01 14:45:13.603000,2025-12-01 15:10:36.028000,17898,25.37,21753550,21771447,LONG,0,1,100.0,96.0,25.0,-13.25,7.65,94.60000000000001,16.75,30.6,1.0,8.25,SUCCESS,50.0,,35,14,,SUCCESS,141.38,False,100.0
FA_SD50_R03_MA3_RT50,50.0,15.0,3,0.5,2156,2025-12-01 15:10:36.028000,2025-12-01 15:55:01.072003,33986,44.42,21771447,21805432,SHORT,1,2,260.0,252.0,32.5,-15.0,7.075,77.60000000000001,13.875,20.700000000000003,1.0,7.125,SUCCESS,50.0,,36,15,-30.0,SUCCESS,235.32,False,258.0
FA_SD50_R03_MA3_RT50,50.0,15.0,3,0.5,2157,2025-12-01 15:55:01.072003,2025-12-01 15:59:59.430004,15048,4.97,21805432,21820479,LONG,1,2,260.0,252.0,32.5,-15.0,6.1625,43.300000000000004,12.375,19.950000000000003,1.0,5.5,SUCCESS,50.0,,37,15,-30.0,SUCCESS,78.76,False,258.0
FA_SD50_R03_MA3_RT50,50.0,15.0,3,0.5,2159,2025-12-02 09:35:22.496000,2025-12-02 09:36:23.666000,3421,1.02,21845204,21848624,LONG,0,1,100.0,94.0,25.0,-10.75,6.5375,49.400000000000006,11.25,27.575000000000017,1.0,6.25,SUCCESS,50.0,,1,9,,SESSION_START,23.58,False,98.0
FA_SD50_R03_MA3_RT50,50.0,15.0,3,0.5,2160,2025-12-02 09:36:23.666000,2025-12-02 10:00:42.450148,46707,24.31,21848624,21895330,SHORT,3,4,-440.0,-456.0,28.25,-30.0,6.075,28.8,9.625,27.575000000000017,1.0,6.25,FAILURE,11.5,"2198,6716",2,9,"-30.0,-60.0,-90.0",SUCCESS,211.48,True,
FA_SD50_R03_MA3_RT50,50.0,15.0,3,0.5,2161,2025-12-02 10:00:42.450148,2025-12-02 10:01:54.985000,4195,1.21,21895330,21899524,LONG,0,1,100.0,96.0,25.0,-7.0,7.7,65.5,12.375,23.75000000000001,1.0,8.0,SUCCESS,50.0,,3,10,,FAILURE,33.88,False,100.0
FA_SD50_R03_MA3_RT50,50.0,15.0,3,0.5,2162,2025-12-02 10:01:54.985000,2025-12-02 10:11:05.735000,14369,9.18,21899524,21913892,SHORT,0,1,100.0,96.0,25.0,-12.0,5.7375,16.2,12.375,23.75000000000001,1.0,5.0,SUCCESS,50.0,,4,10,,SUCCESS,116.64,False,100.0
FA_SD50_R03_MA3_RT50,50.0,15.0,3,0.5,2163,2025-12-02 10:11:05.735000,2025-12-02 10:15:04.072026,6209,3.97,21913892,21920100,LONG,0,1,100.0,96.0,25.0,-14.25,7.3375,63.900000000000006,11.625,23.60000000000001,1.0,7.0,SUCCESS,50.0,,5,10,,SUCCESS,51.28,False,100.0
FA_SD50_R03_MA3_RT50,50.0,15.0,3,0.5,2164,2025-12-02 10:15:04.072026,2025-12-02 10:19:17.905000,4252,4.23,21920100,21924351,SHORT,0,1,100.0,96.0,25.0,-1.75,6.9875,53.5,14.875,29.150000000000002,1.0,6.375,SUCCESS,50.0,,6,10,,SUCCESS,36.88,False,100.0
FA_SD50_R03_MA3_RT50,50.0,15.0,3,0.5,2165,2025-12-02 10:19:17.905000,2025-12-02 10:25:04.703000,6436,5.78,21924351,21930786,LONG,0,1,101.0,97.0,25.25,-12.0,7.55,62.6,14.25,28.775,1.0,7.25,SUCCESS,50.5,,7,10,,SUCCESS,53.0792,False,101.0
FA_SD50_R03_MA3_RT50,50.0,15.0,3,0.5,2166,2025-12-02 10:25:04.703000,2025-12-02 10:27:00.020003,2444,1.92,21930786,21933229,SHORT,0,1,100.0,96.0,25.0,-4.25,7.1375,52.0,12.875,23.35000000000001,1.0,6.625,SUCCESS,50.0,,8,10,,SUCCESS,18.68,False,100.0
FA_SD50_R03_MA3_RT50,50.0,15.0,3,0.5,2167,2025-12-02 10:27:00.020003,2025-12-02 10:29:00.360000,4144,2.01,21933229,21937372,LONG,3,4,-440.0,-456.0,6.75,-30.0,7.1875,53.2,16.125,29.22500000000001,1.0,7.0,FAILURE,13.5,"1259,866",9,10,"-30.0,-60.0,-90.0",SUCCESS,15.44,True,
FA_SD50_R03_MA3_RT50,50.0,15.0,3,0.5,2168,2025-12-02 10:29:00.360000,2025-12-02 10:30:09.691008,3604,1.16,21937372,21940975,SHORT,0,1,100.0,96.0,25.0,-13.75,7.575,58.400000000000006,14.875,33.87500000000001,1.0,6.75,SUCCESS,50.0,,10,10,,FAILURE,27.16,False,100.0
FA_SD50_R03_MA3_RT50,50.0,15.0,3,0.5,2169,2025-12-02 10:30:09.691008,2025-12-02 10:30:35.320000,1905,0.43,21940975,21942879,LONG,0,1,100.0,96.0,25.0,-3.25,7.175,49.1,12.25,37.550000000000004,1.0,7.0,SUCCESS,50.0,,11,10,,SUCCESS,15.56,False,100.0
FA_SD50_R03_MA3_RT50,50.0,15.0,3,0.5,2170,2025-12-02 10:30:35.320000,2025-12-02 10:33:59.576000,6753,3.4,21942879,21949631,SHORT,0,1,100.0,96.0,25.0,-13.0,7.375,53.800000000000004,12.25,37.550000000000004,1.0,7.0,SUCCESS,50.0,,12,10,,SUCCESS,57.44,False,100.0
FA_SD50_R03_MA3_RT50,50.0,15.0,3,0.5,2171,2025-12-02 10:33:59.576000,2025-12-02 10:37:22.007000,6027,3.37,21949631,21955657,LONG,0,1,100.0,96.0,25.0,-12.0,9.2375,90.2,9.0,37.550000000000004,1.0,9.75,SUCCESS,50.0,,13,10,,SUCCESS,53.76,False,100.0
FA_SD50_R03_MA3_RT50,50.0,15.0,3,0.5,2172,2025-12-02 10:37:22.007000,2025-12-02 10:42:07.256000,6922,4.75,21955657,21962578,SHORT,3,4,-440.0,-456.0,15.5,-30.0,8.975,82.80000000000001,14.25,24.87500000000002,1.0,8.25,FAILURE,31.0,"1631,1012",14,10,"-30.0,-60.0,-90.0",SUCCESS,28.94,True,
FA_SD50_R03_MA3_RT50,50.0,15.0,3,0.5,2173,2025-12-02 10:42:07.256000,2025-12-02 10:48:00.466005,6783,5.89,21962578,21969360,LONG,0,1,100.0,96.0,25.0,-9.25,6.9125,26.900000000000002,13.0,19.35,1.0,6.625,SUCCESS,50.0,,15,10,,FAILURE,51.98,False,100.0
FA_SD50_R03_MA3_RT50,50.0,15.0,3,0.5,2174,2025-12-02 10:48:00.466005,2025-12-02 11:05:58.871003,24661,17.97,21969360,21994020,SHORT,1,2,260.0,252.0,32.5,-19.5,6.35,15.0,13.125,20.575000000000003,1.0,6.125,SUCCESS,50.0,,16,10,-30.0,SUCCESS,185.56,False,258.0
FA_SD50_R03_MA3_RT50,50.0,15.0,3,0.5,2175,2025-12-02 11:05:58.871003,2025-12-02 11:12:17.776010,12327,6.32,21994020,22006346,LONG,3,4,-440.0,-456.0,17.75,-30.0,7.375,47.300000000000004,10.125,20.625000000000007,1.0,7.0,FAILURE,20.5,"6456,3097",17,11,"-30.0,-60.0,-90.0",SUCCESS,53.13,True,
FA_SD50_R03_MA3_RT50,50.0,15.0,3,0.5,2176,2025-12-02 11:12:17.776010,2025-12-02 11:13:10.413013,2757,0.88,22006346,22009102,SHORT,0,1,100.0,96.0,25.0,-3.0,9.5625,98.60000000000001,13.75,27.225000000000023,1.0,9.375,SUCCESS,50.0,,18,11,,FAILURE,20.9,False,100.0
FA_SD50_R03_MA3_RT50,50.0,15.0,3,0.5,2177,2025-12-02 11:13:10.413013,2025-12-02 11:22:36.161000,17253,9.43,22009102,22026354,LONG,3,4,-440.0,-456.0,18.25,-30.0,7.5625,53.5,13.75,29.92500000000002,1.0,7.25,FAILURE,21.5,"12216,1387",19,11,"-30.0,-60.0,-90.0",SUCCESS,80.42,True,
FA_SD50_R03_MA3_RT50,50.0,15.0,3,0.5,2178,2025-12-02 11:22:36.161000,2025-12-02 11:24:18.209002,3964,1.7,22026354,22030317,SHORT,0,1,100.0,96.0,25.0,-10.5,9.7,95.0,12.625,22.525000000000006,1.0,9.5,SUCCESS,50.0,,20,11,,FAILURE,36.7,False,100.0
FA_SD50_R03_MA3_RT50,50.0,15.0,3,0.5,2179,2025-12-02 11:24:18.209002,2025-12-02 11:32:02.044000,16490,7.73,22030317,22046806,LONG,3,4,-440.0,-456.0,20.25,-30.0,8.7625,78.5,12.375,24.775000000000006,1.0,8.625,FAILURE,32.5,"8975,2276",21,11,"-30.0,-60.0,-90.0",SUCCESS,80.52,True,
FA_SD50_R03_MA3_RT50,50.0,15.0,3,0.5,2180,2025-12-02 11:32:02.044000,2025-12-02 11:35:52.093000,7247,3.83,22046806,22054052,SHORT,3,4,-438.0,-454.0,3.5,-30.1667,8.2125,57.2,17.5,27.925000000000033,1.0,7.875,FAILURE,7.0,"1053,2642",22,11,"-30.5,-60.0,-90.5",FAILURE,35.92,True,
FA_SD50_R03_MA3_RT50,50.0,15.0,3,0.5,2181,2025-12-02 11:35:52.093000,2025-12-02 11:37:33.867001,3355,1.7,22054052,22057406,LONG,0,1,100.0,96.0,25.0,-5.0,8.85,74.2,13.75,23.950000000000003,1.0,8.0,SUCCESS,50.0,,23,11,,FAILURE,31.66,False,100.0
FA_SD50_R03_MA3_RT50,50.0,15.0,3,0.5,2182,2025-12-02 11:37:33.867001,2025-12-02 12:01:45.599000,28170,24.2,22057406,22085575,SHORT,3,4,-440.0,-456.0,30.25,-30.0,8.625,62.900000000000006,11.0,22.6,1.0,8.0,FAILURE,30.5,"1366,23103",24,11,"-30.0,-60.0,-90.0",SUCCESS,127.26,True,
FA_SD50_R03_MA3_RT50,50.0,15.0,3,0.5,2183,2025-12-02 12:01:45.599000,2025-12-02 12:16:28.893000,11884,14.72,22085575,22097458,LONG,1,2,260.0,252.0,32.5,-20.75,6.3,10.8,17.0,30.225,1.0,6.125,SUCCESS,50.0,,25,12,-30.0,FAILURE,98.08,False,258.0
FA_SD50_R03_MA3_RT50,50.0,15.0,3,0.5,2184,2025-12-02 12:16:28.893000,2025-12-02 12:32:00.864000,13830,15.53,22097458,22111287,SHORT,3,4,-440.0,-456.0,9.25,-30.0,7.1875,16.6,15.5,30.000000000000004,1.0,7.375,FAILURE,18.5,"1109,8004",26,12,"-30.0,-60.0,-90.0",SUCCESS,49.41,True,
FA_SD50_R03_MA3_RT50,50.0,15.0,3,0.5,2185,2025-12-02 12:32:00.864000,2025-12-02 12:53:01.847030,14304,21.02,22111287,22125590,LONG,3,4,-440.0,-456.0,9.75,-30.0,5.6,0.6000000000000001,12.0,29.075000000000003,1.0,5.75,FAILURE,8.5,"560,10804",27,12,"-30.0,-60.0,-90.0",FAILURE,53.19,True,
FA_SD50_R03_MA3_RT50,50.0,15.0,3,0.5,2186,2025-12-02 12:53:01.847030,2025-12-02 12:56:11.230000,4241,3.16,22125590,22129830,SHORT,0,1,101.0,97.0,25.25,-2.25,6.9625,22.700000000000003,14.375,29.150000000000002,1.0,6.625,SUCCESS,50.5,,28,12,,FAILURE,29.3168,False,101.0
FA_SD50_R03_MA3_RT50,50.0,15.0,3,0.5,2187,2025-12-02 12:56:11.230000,2025-12-02 13:06:56.281000,12454,10.75,22129830,22142283,LONG,3,4,768.0,752.0,48.0,-30.0,6.875,23.200000000000003,14.375,31.77500000000002,1.0,6.875,SUCCESS,51.0,"2905,690",29,12,"-30.0,-60.0,-90.0",SUCCESS,95.6078,True,762.0
FA_SD50_R03_MA3_RT50,50.0,15.0,3,0.5,2188,2025-12-02 13:06:56.281000,2025-12-02 13:11:00.118009,2859,4.06,22142283,22145141,SHORT,0,1,100.0,96.0,25.0,-10.0,8.2125,60.2,14.375,35.825,1.0,7.375,SUCCESS,50.0,,30,13,,SUCCESS,24.4,False,100.0
FA_SD50_R03_MA3_RT50,50.0,15.0,3,0.5,2189,2025-12-02 13:11:00.118009,2025-12-02 13:20:44.075006,5879,9.73,22145141,22151019,LONG,0,1,100.0,96.0,25.0,-4.0,7.8875,51.400000000000006,14.375,39.32500000000001,1.0,8.0,SUCCESS,50.0,,31,13,,SUCCESS,52.76,False,100.0
FA_SD50_R03_MA3_RT50,50.0,15.0,3,0.5,2190,2025-12-02 13:20:44.075006,2025-12-02 13:35:24.747000,9781,14.68,22151019,22160799,SHORT,1,2,260.0,252.0,32.5,-15.0,7.825,49.7,9.25,36.050000000000004,1.0,8.125,SUCCESS,50.0,,32,13,-30.0,SUCCESS,79.88,False,258.0
FA_SD50_R03_MA3_RT50,50.0,15.0,3,0.5,2191,2025-12-02 13:35:24.747000,2025-12-02 13:51:57.664000,9961,16.55,22160799,22170759,LONG,0,1,100.0,96.0,25.0,-13.25,7.9125,57.7,9.0,33.050000000000004,1.0,7.375,SUCCESS,50.0,,33,13,,SUCCESS,83.6,False,100.0
FA_SD50_R03_MA3_RT50,50.0,15.0,3,0.5,2192,2025-12-02 13:51:57.664000,2025-12-02 14:51:02.678000,33847,59.08,22170759,22204605,SHORT,3,4,-439.0,-455.0,20.0833,-29.9167,7.7875,53.300000000000004,17.25,23.775,1.0,7.875,FAILURE,20.0,"7720,25083",34,13,"-30.0,-60.5,-90.0",SUCCESS,128.94,True,
FA_SD50_R03_MA3_RT50,50.0,15.0,3,0.5,2193,2025-12-02 14:51:02.678000,2025-12-02 15:31:04.955001,20749,40.04,22204605,22225353,LONG,0,1,100.0,96.0,25.0,-3.25,7.3125,52.6,11.875,28.475000000000016,1.0,7.0,SUCCESS,50.0,,35,14,,FAILURE,141.94,False,100.0
FA_SD50_R03_MA3_RT50,50.0,15.0,3,0.5,2194,2025-12-02 15:31:04.955001,2025-12-02 15:38:56.495000,4502,7.86,22225353,22229854,SHORT,0,1,100.0,96.0,25.0,-3.5,5.8125,8.4,9.125,18.400000000000013,1.0,5.5,SUCCESS,50.0,,36,15,,SUCCESS,26.86,False,100.0
FA_SD50_R03_MA3_RT50,50.0,15.0,3,0.5,2196,2025-12-03 09:53:10.193153,2025-12-03 09:55:20.875000,4795,2.18,22307513,22312307,SHORT,3,4,-437.0,-455.0,15.25,-29.75,13.6,83.0,17.625,26.200000000000003,1.0,13.5,FAILURE,30.5,"802,698",1,9,"-31.5,-60.0,-90.0",SESSION_START,31.95,True,
FA_SD50_R03_MA3_RT50,50.0,15.0,3,0.5,2197,2025-12-03 09:55:20.875000,2025-12-03 10:00:07.039100,4726,4.77,22312307,22317032,LONG,1,2,262.0,254.0,32.75,-15.0,11.65,65.60000000000001,16.375,29.475000000000016,1.0,10.625,SUCCESS,50.5,,2,9,-30.0,FAILURE,84.3267,False,260.0
FA_SD50_R03_MA3_RT50,50.0,15.0,3,0.5,2198,2025-12-03 10:00:07.039100,2025-12-03 10:03:14.368011,7893,3.12,22317032,22324924,SHORT,3,4,-440.0,-456.0,18.5,-30.0,14.2,91.4,15.375,29.475000000000016,1.0,12.125,FAILURE,37.0,"1809,1109",3,10,"-30.0,-60.0,-90.0",SUCCESS,50.19,True,
FA_SD50_R03_MA3_RT50,50.0,15.0,3,0.5,2199,2025-12-03 10:03:14.368011,2025-12-03 10:09:58.219007,10825,6.73,22324924,22335748,LONG,3,4,-440.0,-456.0,11.5,-30.0,6.85,43.5,17.25,36.900000000000006,1.0,6.375,FAILURE,8.0,"4667,1334",4,10,"-30.0,-60.0,-90.0",FAILURE,56.03,True,
FA_SD50_R03_MA3_RT50,50.0,15.0,3,0.5,2200,2025-12-03 10:09:58.219007,2025-12-03 10:33:16.387003,36804,23.3,22335748,22372551,SHORT,3,4,-444.0,-460.0,35.5,-30.0,9.55,51.400000000000006,13.375,35.85,1.0,9.75,FAILURE,44.5,"9707,22181",5,10,"-30.0,-60.0,-90.0",FAILURE,181.1393,True,
FA_SD50_R03_MA3_RT50,50.0,15.0,3,0.5,2201,2025-12-03 10:33:16.387003,2025-12-03 10:35:12.458001,6776,1.93,22372551,22379326,LONG,1,2,260.0,252.0,32.5,-15.0,10.9125,50.6,14.625,24.950000000000006,1.0,10.75,SUCCESS,50.0,,6,10,-30.0,FAILURE,67.56,False,258.0
FA_SD50_R03_MA3_RT50,50.0,15.0,3,0.5,2202,2025-12-03 10:35:12.458001,2025-12-03 10:36:16.598000,2527,1.07,22379326,22381852,SHORT,0,1,100.0,96.0,25.0,-1.25,9.425,31.0,13.0,24.625,1.0,9.375,SUCCESS,50.0,,7,10,,SUCCESS,23.3,False,100.0
FA_SD50_R03_MA3_RT50,50.0,15.0,3,0.5,2203,2025-12-03 10:36:16.598000,2025-12-03 10:36:37.314000,616,0.35,22381852,22382467,LONG,0,1,101.0,97.0,25.25,0.0,8.175,11.4,14.375,24.625,1.0,8.0,SUCCESS,50.5,,8,10,,SUCCESS,6.7822,False,101.0
FA_SD50_R03_MA3_RT50,50.0,15.0,3,0.5,2204,2025-12-03 10:36:37.314000,2025-12-03 10:38:49.157000,3911,2.2,22382467,22386377,SHORT,0,1,100.0,96.0,25.0,-6.25,8.4,15.5,14.375,24.625,1.0,8.125,SUCCESS,50.0,,9,10,,SUCCESS,38.5,False,100.0
FA_SD50_R03_MA3_RT50,50.0,15.0,3,0.5,2205,2025-12-03 10:38:49.157000,2025-12-03 10:43:33.832002,6157,4.74,22386377,22392533,LONG,1,2,260.0,252.0,32.5,-15.0,8.85,23.400000000000002,10.5,20.275,1.0,8.75,SUCCESS,50.0,,10,10,-30.0,SUCCESS,62.98,False,258.0
FA_SD50_R03_MA3_RT50,50.0,15.0,3,0.5,2206,2025-12-03 10:43:33.832002,2025-12-03 10:53:34.573017,9127,10.01,22392533,22401659,SHORT,0,1,100.0,96.0,25.0,-9.5,8.6375,18.8,13.375,25.75,1.0,7.375,SUCCESS,50.0,,11,10,,SUCCESS,86.46,False,100.0
FA_SD50_R03_MA3_RT50,50.0,15.0,3,0.5,2207,2025-12-03 10:53:34.573017,2025-12-03 11:04:39.254011,9681,11.08,22401659,22411339,LONG,1,2,260.0,252.0,32.5,-15.0,8.8125,32.5,10.0,25.875,1.0,8.625,SUCCESS,50.0,,12,10,-30.0,SUCCESS,91.44,False,258.0
FA_SD50_R03_MA3_RT50,50.0,15.0,3,0.5,2208,2025-12-03 11:04:39.254011,2025-12-03 11:07:00.688000,1969,2.36,22411339,22413307,SHORT,0,1,100.0,96.0,25.0,-3.25,7.7125,4.6000000000000005,11.125,18.0,1.0,7.25,SUCCESS,50.0,,13,11,,SUCCESS,16.02,False,100.0
FA_SD50_R03_MA3_RT50,50.0,15.0,3,0.5,2209,2025-12-03 11:07:00.688000,2025-12-03 11:33:18.260000,24616,26.29,22413307,22437922,LONG,3,4,760.0,744.0,47.5,-30.0,7.9625,7.4,11.125,18.0,1.0,7.375,SUCCESS,50.0,"920,2632",14,11,"-30.0,-60.0,-90.0",SUCCESS,223.4,True,754.0
FA_SD50_R03_MA3_RT50,50.0,15.0,3,0.5,2210,2025-12-03 11:33:18.260000,2025-12-03 11:54:53.260000,18282,21.58,22437922,22456203,SHORT,1,2,260.0,252.0,32.5,-18.0,7.1125,3.2,13.5,23.875000000000007,1.0,7.125,SUCCESS,50.0,,15,11,-30.0,SUCCESS,136.34,False,258.0
FA_SD50_R03_MA3_RT50,50.0,15.0,3,0.5,2211,2025-12-03 11:54:53.260000,2025-12-03 12:05:03.606041,11442,10.17,22456203,22467644,LONG,2,3,481.0,469.0,40.0833,-25.9167,7.2125,12.4,13.75,23.550000000000022,1.0,6.75,SUCCESS,50.0,2231,16,11,"-30.0,-60.5",SUCCESS,92.6,False,477.0
FA_SD50_R03_MA3_RT50,50.0,15.0,3,0.5,2212,2025-12-03 12:05:03.606041,2025-12-03 12:06:29.743039,1284,1.44,22467644,22468927,SHORT,0,1,100.0,96.0,25.0,-1.75,7.675,20.200000000000003,13.125,30.125000000000007,1.0,7.5,SUCCESS,50.0,,17,12,,SUCCESS,10.24,False,100.0
FA_SD50_R03_MA3_RT50,50.0,15.0,3,0.5,2213,2025-12-03 12:06:29.743039,2025-12-03 12:13:40.553043,5564,7.18,22468927,22474490,LONG,1,2,260.0,252.0,32.5,-15.0,7.45,18.6,13.75,30.125000000000007,1.0,7.5,SUCCESS,50.0,,18,12,-30.0,SUCCESS,46.76,False,258.0
FA_SD50_R03_MA3_RT50,50.0,15.0,3,0.5,2214,2025-12-03 12:13:40.553043,2025-12-03 13:41:34.554000,46578,87.9,22474490,22521067,SHORT,3,4,-440.0,-456.0,12.75,-30.0,8.9,75.2,11.875,24.725000000000016,1.0,8.625,FAILURE,21.0,"2124,38681",19,12,"-30.0,-60.0,-90.0",SUCCESS,153.75,True,
FA_SD50_R03_MA3_RT50,50.0,15.0,3,0.5,2215,2025-12-03 13:41:34.554000,2025-12-03 14:55:44.396003,32935,74.16,22521067,22554001,LONG,1,2,260.0,252.0,32.5,-16.25,5.525,5.800000000000001,9.375,17.525,1.0,5.875,SUCCESS,50.0,,20,13,-30.0,FAILURE,181.0,False,258.0
FA_SD50_R03_MA3_RT50,50.0,15.0,3,0.5,2216,2025-12-03 14:55:44.396003,2025-12-03 15:54:50.038001,32452,59.09,22554001,22586452,SHORT,0,1,100.0,96.0,25.0,-14.25,4.1875,0.4,9.5,15.72500000000001,1.0,4.0,SUCCESS,50.0,,21,14,,SUCCESS,174.88,False,100.0
FA_SD50_R03_MA3_RT50,50.0,15.0,3,0.5,2218,2025-12-04 09:31:01.905000,2025-12-04 09:33:40.403000,8152,2.64,22610238,22618389,SHORT,1,2,260.0,250.0,32.5,-15.0,8.25,96.80000000000001,9.25,30.500000000000004,1.0,8.0,SUCCESS,50.0,,1,9,-30.0,SESSION_START,77.44,False,256.0
FA_SD50_R03_MA3_RT50,50.0,15.0,3,0.5,2219,2025-12-04 09:33:40.403000,2025-12-04 09:34:13.040001,3273,0.54,22618389,22621661,LONG,3,4,-439.0,-455.0,4.5,-30.25,8.4625,92.0,11.5,32.525,1.0,8.75,FAILURE,9.0,"813,1369",2,9,"-30.0,-60.0,-90.5",SUCCESS,14.21,True,
FA_SD50_R03_MA3_RT50,50.0,15.0,3,0.5,2220,2025-12-04 09:34:13.040001,2025-12-04 09:34:46.279000,2661,0.55,22621661,22624321,SHORT,0,1,100.0,96.0,25.0,-5.0,8.6375,93.4,12.0,35.05000000000003,1.0,8.0,SUCCESS,50.0,,3,9,,FAILURE,28.28,False,100.0
FA_SD50_R03_MA3_RT50,50.0,15.0,3,0.5,2221,2025-12-04 09:34:46.279000,2025-12-04 09:35:15.414000,2406,0.49,22624321,22626726,LONG,0,1,101.0,97.0,25.25,-11.25,9.075,97.2,12.75,42.92500000000002,1.0,8.75,SUCCESS,50.5,,4,9,,SUCCESS,24.4653,False,101.0
FA_SD50_R03_MA3_RT50,50.0,15.0,3,0.5,2222,2025-12-04 09:35:15.414000,2025-12-04 09:40:12.048000,12941,4.94,22626726,22639666,SHORT,3,4,-440.0,-456.0,21.0,-30.0,9.425,97.0,13.125,42.92500000000002,1.0,9.125,FAILURE,6.5,"1285,1814",5,9,"-30.0,-60.0,-90.0",SUCCESS,78.9,True,
FA_SD50_R03_MA3_RT50,50.0,15.0,3,0.5,2223,2025-12-04 09:40:12.048000,2025-12-04 09:42:21.384002,4803,2.16,22639666,22644468,LONG,3,4,-440.0,-456.0,5.75,-30.0,11.8,98.60000000000001,14.875,38.575,1.0,11.5,FAILURE,11.0,"1321,1470",6,9,"-30.0,-60.0,-90.0",FAILURE,28.97,True,
FA_SD50_R03_MA3_RT50,50.0,15.0,3,0.5,2224,2025-12-04 09:42:21.384002,2025-12-04 09:52:30.265009,15849,10.15,22644468,22660316,SHORT,1,2,260.0,252.0,32.5,-17.25,11.475,96.2,12.125,30.0,1.0,11.125,SUCCESS,50.0,,7,9,-30.0,FAILURE,197.08,False,258.0
FA_SD50_R03_MA3_RT50,50.0,15.0,3,0.5,2225,2025-12-04 09:52:30.265009,2025-12-04 09:52:49.143009,618,0.31,22660316,22660933,LONG,0,1,100.0,96.0,25.0,-0.75,11.7625,94.2,11.5,20.450000000000003,1.0,11.5,SUCCESS,50.0,,8,9,,SUCCESS,7.24,False,100.0
FA_SD50_R03_MA3_RT50,50.0,15.0,3,0.5,2226,2025-12-04 09:52:49.143009,2025-12-04 09:57:42.543000,5436,4.89,22660933,22666368,SHORT,1,2,260.0,252.0,32.5,-15.0,11.8375,95.60000000000001,12.25,21.125,1.0,11.5,SUCCESS,50.0,,9,9,-30.0,SUCCESS,68.08,False,258.0
FA_SD50_R03_MA3_RT50,50.0,15.0,3,0.5,2227,2025-12-04 09:57:42.543000,2025-12-04 10:09:02.048001,14657,11.33,22666368,22681024,LONG,1,2,260.0,252.0,32.5,-15.0,10.475,73.60000000000001,12.25,22.500000000000004,1.0,10.75,SUCCESS,50.0,,10,9,-30.0,SUCCESS,160.6,False,258.0
FA_SD50_R03_MA3_RT50,50.0,15.0,3,0.5,2228,2025-12-04 10:09:02.048001,2025-12-04 10:10:23.128000,1891,1.35,22681024,22682914,SHORT,0,1,101.0,97.0,25.25,-4.75,8.8,50.400000000000006,14.5,27.750000000000004,1.0,9.0,SUCCESS,50.5,,11,10,,SUCCESS,16.6436,False,101.0
FA_SD50_R03_MA3_RT50,50.0,15.0,3,0.5,2229,2025-12-04 10:10:23.128000,2025-12-04 10:17:35.931000,8817,7.21,22682914,22691730,LONG,1,2,260.0,252.0,32.5,-15.0,9.3375,60.800000000000004,16.125,30.075000000000003,1.0,9.625,SUCCESS,50.0,,12,10,-30.0,SUCCESS,80.32,False,258.0
FA_SD50_R03_MA3_RT50,50.0,15.0,3,0.5,2230,2025-12-04 10:17:35.931000,2025-12-04 10:24:16.616000,7515,6.68,22691730,22699244,SHORT,0,1,100.0,96.0,25.0,-10.5,8.15,33.0,18.5,36.35,1.0,8.0,SUCCESS,50.0,,13,10,,SUCCESS,65.9,False,100.0
FA_SD50_R03_MA3_RT50,50.0,15.0,3,0.5,2231,2025-12-04 10:24:16.616000,2025-12-04 10:29:00.004051,10223,4.72,22699244,22709466,LONG,2,3,480.0,468.0,40.0,-26.5,8.0625,27.200000000000003,16.5,34.45,1.0,7.625,SUCCESS,50.0,592,14,10,"-30.0,-60.0",SUCCESS,88.24,False,476.0
FA_SD50_R03_MA3_RT50,50.0,15.0,3,0.5,2232,2025-12-04 10:29:00.004051,2025-12-04 10:42:25.446000,16439,13.42,22709466,22725904,SHORT,3,4,-440.0,-456.0,8.0,-30.0,8.625,38.1,11.875,29.275000000000006,1.0,7.75,FAILURE,16.0,"4035,5286",15,10,"-30.0,-60.0,-90.0",SUCCESS,66.48,True,
FA_SD50_R03_MA3_RT50,50.0,15.0,3,0.5,2233,2025-12-04 10:42:25.446000,2025-12-04 10:49:07.938001,9302,6.71,22725904,22735205,LONG,3,4,-440.0,-456.0,6.5,-30.0,5.9875,5.0,14.125,28.5,1.0,5.5,FAILURE,4.5,"4623,1146",16,10,"-30.0,-60.0,-90.0",FAILURE,35.19,True,
FA_SD50_R03_MA3_RT50,50.0,15.0,3,0.5,2234,2025-12-04 10:49:07.938001,2025-12-04 11:00:51.109000,13459,11.72,22735205,22748663,SHORT,0,1,100.0,96.0,25.0,-12.0,6.8125,12.200000000000001,14.25,28.525,1.0,6.125,SUCCESS,50.0,,17,10,,FAILURE,115.72,False,100.0
FA_SD50_R03_MA3_RT50,50.0,15.0,3,0.5,2235,2025-12-04 11:00:51.109000,2025-12-04 11:05:12.194001,7140,4.35,22748663,22755802,LONG,3,4,-440.0,-456.0,9.25,-30.0,8.475,44.7,12.625,22.1,1.0,8.125,FAILURE,18.5,"1518,1546",18,11,"-30.0,-60.0,-90.0",SUCCESS,26.76,True,
FA_SD50_R03_MA3_RT50,50.0,15.0,3,0.5,2236,2025-12-04 11:05:12.194001,2025-12-04 11:17:17.242005,15698,12.08,22755802,22771499,SHORT,3,4,-440.0,-456.0,7.0,-30.0,6.7625,11.8,10.25,23.325000000000003,1.0,7.125,FAILURE,14.0,"1566,7736",19,11,"-30.0,-60.0,-90.0",FAILURE,62.94,True,
FA_SD50_R03_MA3_RT50,50.0,15.0,3,0.5,2237,2025-12-04 11:17:17.242005,2025-12-04 11:21:46.808023,5219,4.49,22771499,22776717,LONG,0,1,100.0,96.0,25.0,-9.75,8.2625,58.0,15.375,29.575000000000003,1.0,8.25,SUCCESS,50.0,,20,11,,FAILURE,35.6,False,100.0
FA_SD50_R03_MA3_RT50,50.0,15.0,3,0.5,2238,2025-12-04 11:21:46.808023,2025-12-04 11:56:47.140003,34103,35.01,22776717,22810819,SHORT,3,4,-440.0,-456.0,22.5,-30.0,5.75,0.6000000000000001,12.75,29.575000000000003,1.0,5.75,FAILURE,45.0,"1501,2883",21,11,"-30.0,-60.0,-90.0",SUCCESS,122.41,True,
FA_SD50_R03_MA3_RT50,50.0,15.0,3,0.5,2239,2025-12-04 11:56:47.140003,2025-12-04 12:33:00.733000,27808,36.23,22810819,22838626,LONG,3,4,-439.0,-455.0,16.25,-29.9167,5.35,4.4,8.125,24.400000000000006,1.0,5.25,FAILURE,32.5,"2065,15324",22,11,"-30.0,-60.5,-90.0",FAILURE,95.39,True,
FA_SD50_R03_MA3_RT50,50.0,15.0,3,0.5,2240,2025-12-04 12:33:00.733000,2025-12-04 14:19:08.281018,60161,106.13,22838626,22898786,SHORT,3,4,760.0,744.0,47.5,-30.0,6.9125,58.800000000000004,13.125,26.575000000000003,1.0,6.75,SUCCESS,50.0,"1293,32062",23,12,"-30.0,-60.0,-90.0",FAILURE,381.04,True,754.0
FA_SD50_R03_MA3_RT50,50.0,15.0,3,0.5,2241,2025-12-04 14:19:08.281018,2025-12-04 14:21:07.027001,5269,1.98,22898786,22904054,LONG,3,4,-440.0,-456.0,1.25,-30.0,5.6375,30.8,8.875,15.125000000000002,1.0,5.5,FAILURE,2.5,"1732,904",24,14,"-30.0,-60.0,-90.0",SUCCESS,16.61,True,
FA_SD50_R03_MA3_RT50,50.0,15.0,3,0.5,2242,2025-12-04 14:21:07.027001,2025-12-04 14:33:09.590004,17175,12.04,22904054,22921228,SHORT,3,4,-439.0,-455.0,23.25,-29.9167,6.525,77.4,9.25,19.450000000000017,1.0,6.75,FAILURE,46.5,"3343,5491",25,14,"-30.5,-60.0,-90.0",FAILURE,69.28,True,
FA_SD50_R03_MA3_RT50,50.0,15.0,3,0.5,2243,2025-12-04 14:33:09.590004,2025-12-04 14:35:34.904001,2924,2.42,22921228,22924151,LONG,0,1,100.0,96.0,25.0,-5.5,6.9375,88.4,13.5,30.35,1.0,7.125,SUCCESS,50.0,,26,14,,FAILURE,19.14,False,100.0
FA_SD50_R03_MA3_RT50,50.0,15.0,3,0.5,2244,2025-12-04 14:35:34.904001,2025-12-04 15:05:15.650000,24046,29.68,22924151,22948196,SHORT,1,2,260.0,252.0,32.5,-17.0,6.325,69.2,13.5,30.35,1.0,6.125,SUCCESS,50.0,,27,14,-30.0,SUCCESS,179.32,False,258.0
FA_SD50_R03_MA3_RT50,50.0,15.0,3,0.5,2245,2025-12-04 15:05:15.650000,2025-12-04 15:13:02.557008,6884,7.78,22948196,22955079,LONG,0,1,100.0,96.0,25.0,-10.25,6.625,71.4,11.25,22.300000000000008,1.0,6.125,SUCCESS,50.0,,28,15,,SUCCESS,49.88,False,100.0
FA_SD50_R03_MA3_RT50,50.0,15.0,3,0.5,2246,2025-12-04 15:13:02.557008,2025-12-04 15:29:47.377002,10313,16.75,22955079,22965391,SHORT,0,1,100.0,96.0,25.0,-6.75,6.4625,64.5,12.75,22.100000000000005,1.0,6.875,SUCCESS,50.0,,29,15,,SUCCESS,75.62,False,100.0
FA_SD50_R03_MA3_RT50,50.0,15.0,3,0.5,2247,2025-12-04 15:29:47.377002,2025-12-04 15:50:00.004030,10406,20.21,22965391,22975796,LONG,0,1,100.0,96.0,25.0,-1.5,5.9625,36.5,12.0,25.900000000000002,1.0,5.625,SUCCESS,50.0,,30,15,,SUCCESS,73.34,False,100.0
FA_SD50_R03_MA3_RT50,50.0,15.0,3,0.5,2249,2025-12-05 09:30:33.455000,2025-12-05 09:31:15.638011,4186,0.7,23005744,23009929,LONG,0,1,100.0,94.0,25.0,-5.0,8.5125,98.0,10.375,28.550000000000015,1.0,6.0,SUCCESS,50.0,,1,9,,SESSION_START,39.54,False,98.0
FA_SD50_R03_MA3_RT50,50.0,15.0,3,0.5,2250,2025-12-05 09:31:15.638011,2025-12-05 09:39:57.737009,19145,8.7,23009929,23029073,SHORT,1,2,260.0,252.0,32.5,-15.0,6.65,72.2,10.375,40.275000000000034,1.0,6.0,SUCCESS,50.0,,2,9,-30.0,SUCCESS,194.82,False,258.0
FA_SD50_R03_MA3_RT50,50.0,15.0,3,0.5,2251,2025-12-05 09:39:57.737009,2025-12-05 09:41:48.861000,5330,1.85,23029073,23034402,LONG,3,4,-440.0,-456.0,11.0,-30.0,8.7125,96.2,9.0,22.05000000000001,1.0,9.0,FAILURE,22.0,"633,2897",3,9,"-30.0,-60.0,-90.0",SUCCESS,27.95,True,
FA_SD50_R03_MA3_RT50,50.0,15.0,3,0.5,2252,2025-12-05 09:41:48.861000,2025-12-05 09:46:02.567000,7513,4.23,23034402,23041914,SHORT,3,4,-439.0,-455.0,7.8333,-29.9167,9.7625,100.0,11.0,33.55,1.0,9.75,FAILURE,13.0,"2057,3839",4,9,"-30.5,-60.0,-90.0",FAILURE,45.38,True,
FA_SD50_R03_MA3_RT50,50.0,15.0,3,0.5,2253,2025-12-05 09:46:02.567000,2025-12-05 09:50:00.036000,4869,3.96,23041914,23046782,LONG,0,1,100.0,96.0,25.0,-7.5,10.6625,95.80000000000001,14.625,34.35000000000001,1.0,10.25,SUCCESS,50.0,,5,9,,FAILURE,54.68,False,100.0
FA_SD50_R03_MA3_RT50,50.0,15.0,3,0.5,2254,2025-12-05 09:50:00.036000,2025-12-05 10:00:00.693029,15426,10.01,23046782,23062207,SHORT,3,4,-440.0,-456.0,14.0,-30.0,9.55,89.80000000000001,15.125,33.900000000000006,1.0,8.5,FAILURE,28.0,"2462,1671",6,9,"-30.0,-60.0,-90.0",SUCCESS,69.65,True,
FA_SD50_R03_MA3_RT50,50.0,15.0,3,0.5,2255,2025-12-05 10:00:00.693029,2025-12-05 10:06:05.607000,10872,6.08,23062207,23073078,LONG,2,3,480.0,468.0,40.0,-24.75,9.5125,89.60000000000001,12.875,27.250000000000004,1.0,8.625,SUCCESS,50.0,800,7,10,"-30.0,-60.0",FAILURE,115.76,False,476.0
FA_SD50_R03_MA3_RT50,50.0,15.0,3,0.5,2256,2025-12-05 10:06:05.607000,2025-12-05 10:45:21.452004,43316,39.26,23073078,23116393,SHORT,2,3,480.0,468.0,40.0,-23.0,5.875,21.400000000000002,12.875,36.025000000000006,1.0,5.5,SUCCESS,50.0,2441,8,10,"-30.0,-60.0",SUCCESS,308.48,False,476.0
FA_SD50_R03_MA3_RT50,50.0,15.0,3,0.5,2257,2025-12-05 10:45:21.452004,2025-12-05 10:48:41.982027,4846,3.34,23116393,23121238,LONG,0,1,100.0,96.0,25.0,-11.25,5.8125,27.1,12.875,28.050000000000004,1.0,5.75,SUCCESS,50.0,,9,10,,SUCCESS,32.4,False,100.0
FA_SD50_R03_MA3_RT50,50.0,15.0,3,0.5,2258,2025-12-05 10:48:41.982027,2025-12-05 10:50:13.812000,1980,1.53,23121238,23123217,SHORT,0,1,100.0,96.0,25.0,-2.5,5.725,23.5,15.375,31.050000000000004,1.0,5.0,SUCCESS,50.0,,10,10,,SUCCESS,11.96,False,100.0
FA_SD50_R03_MA3_RT50,50.0,15.0,3,0.5,2259,2025-12-05 10:50:13.812000,2025-12-05 10:55:25.724000,11903,5.2,23123217,23135119,LONG,3,4,-440.0,-456.0,7.25,-30.0,6.05,32.800000000000004,15.375,31.050000000000004,1.0,5.375,FAILURE,14.5,"2898,937",11,10,"-30.0,-60.0,-90.0",SUCCESS,41.78,True,
FA_SD50_R03_MA3_RT50,50.0,15.0,3,0.5,2260,2025-12-05 10:55:25.724000,2025-12-05 10:56:45.200000,3484,1.32,23135119,23138602,SHORT,0,1,100.0,96.0,25.0,-9.25,6.45,49.1,14.125,29.875,1.0,6.5,SUCCESS,50.0,,12,10,,FAILURE,26.16,False,100.0
FA_SD50_R03_MA3_RT50,50.0,15.0,3,0.5,2261,2025-12-05 10:56:45.200000,2025-12-05 11:00:06.078011,9114,3.35,23138602,23147715,LONG,0,1,100.0,96.0,25.0,-13.75,6.75,56.1,14.125,31.275000000000006,1.0,7.0,SUCCESS,50.0,,13,10,,SUCCESS,66.48,False,100.0
FA_SD50_R03_MA3_RT50,50.0,15.0,3,0.5,2262,2025-12-05 11:00:06.078011,2025-12-05 11:07:35.106000,9893,7.48,23147715,23157607,SHORT,0,1,100.0,96.0,25.0,-12.0,7.2375,65.7,16.875,31.500000000000004,1.0,6.875,SUCCESS,50.0,,14,11,,SUCCESS,86.82,False,100.0
FA_SD50_R03_MA3_RT50,50.0,15.0,3,0.5,2263,2025-12-05 11:07:35.106000,2025-12-05 11:31:04.927005,31829,23.5,23157607,23189435,LONG,3,4,-440.0,-456.0,33.5,-30.0,8.5625,78.0,14.375,31.25,1.0,8.125,FAILURE,26.5,"4987,7443",15,11,"-30.0,-60.0,-90.0",SUCCESS,133.61,True,
FA_SD50_R03_MA3_RT50,50.0,15.0,3,0.5,2264,2025-12-05 11:31:04.927005,2025-12-05 11:32:12.136000,3295,1.12,23189435,23192729,SHORT,0,1,100.0,96.0,25.0,-6.0,7.5875,73.8,13.75,32.75,1.0,7.0,SUCCESS,50.0,,16,11,,FAILURE,24.64,False,100.0
FA_SD50_R03_MA3_RT50,50.0,15.0,3,0.5,2265,2025-12-05 11:32:12.136000,2025-12-05 11:33:16.096002,2198,1.07,23192729,23194926,LONG,0,1,100.0,96.0,25.0,-3.75,7.025,63.6,13.75,32.75,1.0,6.5,SUCCESS,50.0,,17,11,,SUCCESS,17.9,False,100.0
FA_SD50_R03_MA3_RT50,50.0,15.0,3,0.5,2266,2025-12-05 11:33:16.096002,2025-12-05 11:53:51.018000,21790,20.58,23194926,23216715,SHORT,3,4,-440.0,-456.0,16.5,-30.0,7.4375,75.8,13.75,35.90000000000001,1.0,7.0,FAILURE,28.0,"12027,2105",18,11,"-30.0,-60.0,-90.0",SUCCESS,92.02,True,
FA_SD50_R03_MA3_RT50,50.0,15.0,3,0.5,2267,2025-12-05 11:53:51.018000,2025-12-05 11:58:30.949000,4647,4.67,23216715,23221361,LONG,0,1,100.0,96.0,25.0,-3.25,6.9375,45.800000000000004,17.875,28.32500000000001,1.0,7.0,SUCCESS,50.0,,19,11,,FAILURE,30.48,False,100.0
FA_SD50_R03_MA3_RT50,50.0,15.0,3,0.5,2268,2025-12-05 11:58:30.949000,2025-12-05 11:59:54.350000,2347,1.39,23221361,23223707,SHORT,0,1,100.0,96.0,25.0,-6.5,4.9375,0.2,17.875,28.32500000000001,1.0,4.875,SUCCESS,50.0,,20,11,,SUCCESS,13.94,False,100.0
FA_SD50_R03_MA3_RT50,50.0,15.0,3,0.5,2269,2025-12-05 11:59:54.350000,2025-12-05 12:35:01.675001,23414,35.12,23223707,23247120,LONG,3,4,-440.0,-456.0,15.75,-30.0,5.125,2.4000000000000004,19.75,37.62500000000003,1.0,5.0,FAILURE,16.5,"8509,10178",21,11,"-30.0,-60.0,-90.0",SUCCESS,100.69,True,
FA_SD50_R03_MA3_RT50,50.0,15.0,3,0.5,2270,2025-12-05 12:35:01.675001,2025-12-05 12:52:04.634001,13355,17.05,23247120,23260474,SHORT,3,4,-440.0,-456.0,15.25,-30.0,7.3875,44.800000000000004,11.625,29.075000000000003,1.0,7.125,FAILURE,30.5,"5778,2611",22,12,"-30.0,-60.0,-90.0",FAILURE,46.02,True,
FA_SD50_R03_MA3_RT50,50.0,15.0,3,0.5,2271,2025-12-05 12:52:04.634001,2025-12-05 13:31:03.908007,23194,38.99,23260474,23283667,LONG,2,3,480.0,468.0,40.0,-22.5,6.375,11.600000000000001,10.75,18.425000000000004,1.0,6.5,SUCCESS,50.0,4167,23,12,"-30.0,-60.0",FAILURE,145.16,False,476.0
FA_SD50_R03_MA3_RT50,50.0,15.0,3,0.5,2272,2025-12-05 13:31:03.908007,2025-12-05 13:42:32.507000,7588,11.48,23283667,23291254,SHORT,0,1,100.0,96.0,25.0,-3.5,5.0375,1.8,14.0,27.950000000000003,1.0,4.5,SUCCESS,50.0,,24,13,,SUCCESS,43.58,False,100.0
FA_SD50_R03_MA3_RT50,50.0,15.0,3,0.5,2273,2025-12-05 13:42:32.507000,2025-12-05 15:51:47.623000,66076,129.25,23291254,23357329,LONG,3,4,-440.0,-456.0,21.25,-30.0,6.0,27.8,13.75,27.725,1.0,5.375,FAILURE,27.5,"51501,3796",25,13,"-30.0,-60.0,-90.0",SUCCESS,205.52,True,
FA_SD50_R03_MA3_RT50,50.0,15.0,3,0.5,2274,2025-12-05 15:51:47.623000,2025-12-05 15:59:04.008000,10043,7.27,23357329,23367371,SHORT,3,4,-440.0,-456.0,2.25,-30.0,6.55,83.60000000000001,10.5,18.350000000000005,1.0,6.625,FAILURE,4.5,"778,7412",26,15,"-30.0,-60.0,-90.0",FAILURE,33.36,True,
FA_SD50_R03_MA3_RT50,50.0,15.0,3,0.5,2276,2025-12-08 09:31:13.182001,2025-12-08 09:40:05.202054,18178,8.87,23386625,23404802,LONG,3,4,-440.0,-458.0,27.25,-30.0,8.525,97.60000000000001,12.625,39.250000000000014,1.0,8.75,FAILURE,39.5,"11099,4746",1,9,"-30.0,-60.0,-90.0",SESSION_START,91.55,True,
FA_SD50_R03_MA3_RT50,50.0,15.0,3,0.5,2277,2025-12-08 09:40:05.202054,2025-12-08 09:48:19.140000,13812,8.23,23404802,23418613,SHORT,1,2,260.0,252.0,32.5,-17.0,8.4,88.4,13.375,32.025,1.0,8.375,SUCCESS,50.0,,2,9,-30.0,FAILURE,142.76,False,258.0
FA_SD50_R03_MA3_RT50,50.0,15.0,3,0.5,2278,2025-12-08 09:48:19.140000,2025-12-08 10:22:57.793031,41848,34.64,23418613,23460460,LONG,3,4,-440.0,-456.0,30.0,-30.0,9.275,94.80000000000001,12.25,29.650000000000006,1.0,9.25,FAILURE,30.0,"1734,31047",3,9,"-30.0,-60.0,-90.0",SUCCESS,196.85,True,
FA_SD50_R03_MA3_RT50,50.0,15.0,3,0.5,2279,2025-12-08 10:22:57.793031,2025-12-08 10:25:12.541000,4650,2.25,23460460,23465109,SHORT,0,1,100.0,96.0,25.0,-8.0,6.9875,37.0,14.0,26.775,1.0,6.75,SUCCESS,50.0,,4,10,,FAILURE,32.78,False,100.0
FA_SD50_R03_MA3_RT50,50.0,15.0,3,0.5,2280,2025-12-08 10:25:12.541000,2025-12-08 10:33:44.002001,12514,8.52,23465109,23477622,LONG,2,3,480.0,468.0,40.0,-22.5,6.25,25.0,14.0,26.775,1.0,5.875,SUCCESS,50.0,1223,5,10,"-30.0,-60.0",SUCCESS,102.3,False,476.0
FA_SD50_R03_MA3_RT50,50.0,15.0,3,0.5,2281,2025-12-08 10:33:44.002001,2025-12-08 10:43:12.757000,7383,9.48,23477622,23485004,SHORT,0,1,100.0,96.0,25.0,-7.75,8.125,57.5,13.25,29.55,1.0,7.375,SUCCESS,50.0,,6,10,,SUCCESS,64.58,False,100.0
FA_SD50_R03_MA3_RT50,50.0,15.0,3,0.5,2282,2025-12-08 10:43:12.757000,2025-12-08 11:01:27.508000,17469,18.25,23485004,23502472,LONG,3,4,-440.0,-456.0,11.75,-30.0,7.3875,36.5,12.5,29.55,1.0,6.875,FAILURE,23.5,"4423,6201",7,10,"-30.0,-60.0,-90.0",SUCCESS,72.06,True,
FA_SD50_R03_MA3_RT50,50.0,15.0,3,0.5,2283,2025-12-08 11:01:27.508000,2025-12-08 12:02:28.036004,51256,61.01,23502472,23553727,SHORT,2,3,480.0,468.0,40.0,-22.5,7.1625,20.6,13.75,27.275000000000013,1.0,7.375,SUCCESS,50.0,17529,8,11,"-30.0,-60.0",FAILURE,376.24,False,476.0
FA_SD50_R03_MA3_RT50,50.0,15.0,3,0.5,2284,2025-12-08 12:02:28.036004,2025-12-08 12:07:44.076000,6326,5.27,23553727,23560052,LONG,0,1,100.0,96.0,25.0,-14.0,6.225,3.0,11.0,19.875000000000007,1.0,6.125,SUCCESS,50.0,,9,12,,SUCCESS,42.76,False,100.0
FA_SD50_R03_MA3_RT50,50.0,15.0,3,0.5,2285,2025-12-08 12:07:44.076000,2025-12-08 12:14:08.613041,4513,6.41,23560052,23564564,SHORT,0,1,100.0,96.0,25.0,-6.0,7.0375,37.4,11.125,21.85,1.0,7.125,SUCCESS,50.0,,10,12,,SUCCESS,30.62,False,100.0
FA_SD50_R03_MA3_RT50,50.0,15.0,3,0.5,2286,2025-12-08 12:14:08.613041,2025-12-08 12:49:39.524005,20980,35.52,23564564,23585543,LONG,1,2,260.0,252.0,32.5,-15.0,6.5875,19.200000000000003,11.625,23.100000000000005,1.0,6.625,SUCCESS,50.0,,11,12,-30.0,SUCCESS,140.64,False,258.0
FA_SD50_R03_MA3_RT50,50.0,15.0,3,0.5,2287,2025-12-08 12:49:39.524005,2025-12-08 13:00:27.012000,16144,10.79,23585543,23601686,SHORT,3,4,-440.0,-456.0,6.75,-30.0,5.0,0.0,15.125,31.100000000000005,1.0,5.125,FAILURE,13.5,"1720,1603",12,12,"-30.0,-60.0,-90.0",SUCCESS,52.5,True,
FA_SD50_R03_MA3_RT50,50.0,15.0,3,0.5,2288,2025-12-08 13:00:27.012000,2025-12-08 13:28:40.591006,22011,28.23,23601686,23623696,LONG,3,4,-440.0,-456.0,15.75,-30.0,7.2375,64.2,18.375,35.02500000000001,1.0,7.0,FAILURE,10.5,"3339,17129",13,13,"-30.0,-60.0,-90.0",FAILURE,84.05,True,
FA_SD50_R03_MA3_RT50,50.0,15.0,3,0.5,2289,2025-12-08 13:28:40.591006,2025-12-08 13:34:13.423000,6644,5.55,23623696,23630339,SHORT,0,1,100.0,96.0,25.0,-6.0,6.1,18.1,11.0,20.725,1.0,6.0,SUCCESS,50.0,,14,13,,FAILURE,47.74,False,100.0
FA_SD50_R03_MA3_RT50,50.0,15.0,3,0.5,2290,2025-12-08 13:34:13.423000,2025-12-08 13:38:59.002000,5005,4.76,23630339,23635343,LONG,0,1,100.0,96.0,25.0,-13.75,6.7375,50.6,11.75,22.975,1.0,7.0,SUCCESS,50.0,,15,13,,SUCCESS,34.18,False,100.0
FA_SD50_R03_MA3_RT50,50.0,15.0,3,0.5,2291,2025-12-08 13:38:59.002000,2025-12-08 13:42:56.270003,2301,3.95,23635343,23637643,SHORT,0,1,100.0,96.0,25.0,-0.75,6.15,21.3,11.75,26.500000000000004,1.0,5.5,SUCCESS,50.0,,16,13,,SUCCESS,16.78,False,100.0
FA_SD50_R03_MA3_RT50,50.0,15.0,3,0.5,2292,2025-12-08 13:42:56.270003,2025-12-08 13:58:38.698002,10721,15.71,23637643,23648363,LONG,3,4,-440.0,-456.0,18.5,-30.0,6.7125,53.6,11.75,26.500000000000004,1.0,6.5,FAILURE,37.0,"623,2838",17,13,"-30.0,-60.0,-90.0",SUCCESS,39.21,True,
FA_SD50_R03_MA3_RT50,50.0,15.0,3,0.5,2293,2025-12-08 13:58:38.698002,2025-12-08 14:35:53.585000,22177,37.25,23648363,23670539,SHORT,3,4,-440.0,-456.0,13.0,-30.0,6.975,69.8,15.375,29.125,1.0,7.25,FAILURE,2.5,"2251,18157",18,13,"-30.0,-60.0,-90.0",FAILURE,81.78,True,
FA_SD50_R03_MA3_RT50,50.0,15.0,3,0.5,2294,2025-12-08 14:35:53.585000,2025-12-08 15:59:09.665000,49216,83.27,23670539,23719754,LONG,2,3,480.0,468.0,40.0,-22.5,5.8875,15.0,14.25,21.07500000000001,1.0,5.625,SUCCESS,50.0,9615,19,14,"-30.0,-60.0",FAILURE,302.54,False,476.0
FA_SD50_R03_MA3_RT50,50.0,15.0,3,0.5,2296,2025-12-09 09:31:31.899015,2025-12-09 09:37:46.028000,15238,6.24,23743231,23758468,SHORT,3,4,-440.0,-458.0,16.0,-30.0,9.025,96.80000000000001,11.0,39.5,1.0,9.875,FAILURE,17.0,"5602,7707",1,9,"-30.0,-60.0,-90.0",SESSION_START,77.97,True,
FA_SD50_R03_MA3_RT50,50.0,15.0,3,0.5,2297,2025-12-09 09:37:46.028000,2025-12-09 09:39:05.428006,3217,1.32,23758468,23761684,LONG,0,1,100.0,96.0,25.0,-7.25,8.375,83.80000000000001,13.875,39.25,1.0,8.5,SUCCESS,50.0,,2,9,,FAILURE,25.94,False,100.0
FA_SD50_R03_MA3_RT50,50.0,15.0,3,0.5,2298,2025-12-09 09:39:05.428006,2025-12-09 09:40:53.160000,4441,1.8,23761684,23766124,SHORT,0,1,100.0,96.0,25.0,-10.0,7.15,71.60000000000001,13.875,36.325,1.0,6.5,SUCCESS,50.0,,3,9,,SUCCESS,39.36,False,100.0
FA_SD50_R03_MA3_RT50,50.0,15.0,3,0.5,2299,2025-12-09 09:40:53.160000,2025-12-09 10:02:33.251000,25630,21.67,23766124,23791753,LONG,1,2,260.0,252.0,32.5,-15.0,8.2125,82.80000000000001,13.875,33.525000000000006,1.0,7.0,SUCCESS,50.0,,4,9,-30.0,SUCCESS,277.86,False,258.0
FA_SD50_R03_MA3_RT50,50.0,15.0,3,0.5,2300,2025-12-09 10:02:33.251000,2025-12-09 10:08:56.636000,10043,6.39,23791753,23801795,SHORT,1,2,260.0,252.0,32.5,-19.0,9.2875,77.2,13.125,24.45000000000001,1.0,7.375,SUCCESS,50.0,,5,10,-30.0,SUCCESS,81.5,False,258.0
FA_SD50_R03_MA3_RT50,50.0,15.0,3,0.5,2301,2025-12-09 10:08:56.636000,2025-12-09 10:10:39.736000,1871,1.72,23801795,23803665,LONG,0,1,100.0,96.0,25.0,-0.25,7.75,58.2,17.0,30.8,1.0,7.75,SUCCESS,50.0,,6,10,,SUCCESS,16.72,False,100.0
FA_SD50_R03_MA3_RT50,50.0,15.0,3,0.5,2302,2025-12-09 10:10:39.736000,2025-12-09 11:01:25.911000,48381,50.77,23803665,23852045,SHORT,3,4,-439.0,-455.0,23.0833,-29.9167,7.85,58.7,18.625,30.8,1.0,7.5,FAILURE,38.5,"12668,17455",7,10,"-30.0,-60.5,-90.0",SUCCESS,171.26,True,
FA_SD50_R03_MA3_RT50,50.0,15.0,3,0.5,2303,2025-12-09 11:01:25.911000,2025-12-09 12:03:05.807001,49086,61.66,23852045,23901130,LONG,1,2,260.0,252.0,32.5,-17.75,5.1625,9.0,11.75,25.92500000000002,1.0,5.375,SUCCESS,50.0,,8,11,-30.0,FAILURE,265.42,False,258.0
FA_SD50_R03_MA3_RT50,50.0,15.0,3,0.5,2304,2025-12-09 12:03:05.807001,2025-12-09 12:23:15.348000,12054,20.16,23901130,23913183,SHORT,0,1,100.0,96.0,25.0,-14.5,4.7875,23.900000000000002,11.875,27.650000000000002,1.0,4.625,SUCCESS,50.0,,9,12,,SUCCESS,65.44,False,100.0
FA_SD50_R03_MA3_RT50,50.0,15.0,3,0.5,2305,2025-12-09 12:23:15.348000,2025-12-09 12:59:34.027000,21010,36.31,23913183,23934192,LONG,0,1,100.0,96.0,25.0,-4.25,5.0625,44.5,12.625,29.05,1.0,5.0,SUCCESS,50.0,,10,12,,SUCCESS,119.04,False,100.0
FA_SD50_R03_MA3_RT50,50.0,15.0,3,0.5,2306,2025-12-09 12:59:34.027000,2025-12-09 13:45:07.106000,22894,45.55,23934192,23957085,SHORT,0,1,101.0,97.0,25.25,-13.75,5.15,52.5,13.625,21.425000000000004,1.0,5.25,SUCCESS,50.5,,11,12,,SUCCESS,124.6238,False,101.0
FA_SD50_R03_MA3_RT50,50.0,15.0,3,0.5,2307,2025-12-09 13:45:07.106000,2025-12-09 13:51:15.274001,5039,6.14,23957085,23962123,LONG,0,1,100.0,96.0,25.0,-2.5,5.05,64.5,12.25,20.5,1.0,4.625,SUCCESS,50.0,,12,13,,SUCCESS,28.22,False,100.0
FA_SD50_R03_MA3_RT50,50.0,15.0,3,0.5,2308,2025-12-09 13:51:15.274001,2025-12-09 14:44:21.235000,28065,53.1,23962123,23990187,SHORT,1,2,260.0,252.0,32.5,-15.0,4.6625,34.300000000000004,11.75,23.275,1.0,4.625,SUCCESS,50.0,,13,13,-30.0,SUCCESS,151.4,False,258.0
FA_SD50_R03_MA3_RT50,50.0,15.0,3,0.5,2309,2025-12-09 14:44:21.235000,2025-12-09 15:50:00.039077,26420,65.65,23990187,24016606,LONG,0,1,100.0,96.0,25.0,-10.25,5.05,77.9,10.25,23.650000000000002,1.0,4.875,SUCCESS,50.0,,14,14,,SUCCESS,139.2,False,100.0
FA_SD50_R03_MA3_RT50,50.0,15.0,3,0.5,2310,2025-12-09 15:50:00.039077,2025-12-09 15:54:40.029011,4918,4.67,24016606,24021523,SHORT,0,1,100.0,96.0,25.0,-3.75,5.2,87.80000000000001,10.5,15.775,1.0,4.375,SUCCESS,50.0,,15,15,,SUCCESS,32.08,False,100.0
FA_SD50_R03_MA3_RT50,50.0,15.0,3,0.5,2312,2025-12-10 09:35:35.004000,2025-12-10 09:36:15.868000,2455,0.68,24054031,24056485,SHORT,0,1,100.0,94.0,25.0,-3.0,7.9625,89.60000000000001,14.75,27.475,1.0,7.375,SUCCESS,50.0,,1,9,,SESSION_START,19.66,False,98.0
FA_SD50_R03_MA3_RT50,50.0,15.0,3,0.5,2313,2025-12-10 09:36:15.868000,2025-12-10 09:37:04.028000,2655,0.8,24056485,24059139,LONG,0,1,100.0,96.0,25.0,-5.25,7.1125,86.4,14.75,27.475,1.0,6.875,SUCCESS,50.0,,2,9,,SUCCESS,22.7,False,100.0
FA_SD50_R03_MA3_RT50,50.0,15.0,3,0.5,2314,2025-12-10 09:37:04.028000,2025-12-10 09:43:13.000001,12849,6.15,24059139,24071987,SHORT,3,4,-440.0,-456.0,16.25,-30.0,7.1375,86.4,14.125,30.67500000000002,1.0,6.75,FAILURE,3.5,"664,908",3,9,"-30.0,-60.0,-90.0",SUCCESS,61.46,True,
FA_SD50_R03_MA3_RT50,50.0,15.0,3,0.5,2315,2025-12-10 09:43:13.000001,2025-12-10 09:47:32.246000,6284,4.32,24071987,24078270,LONG,0,1,100.0,96.0,25.0,-12.75,8.925,96.4,13.75,30.67500000000002,1.0,8.5,SUCCESS,50.0,,4,9,,FAILURE,61.8,False,100.0
FA_SD50_R03_MA3_RT50,50.0,15.0,3,0.5,2316,2025-12-10 09:47:32.246000,2025-12-10 09:49:22.063043,2370,1.83,24078270,24080639,SHORT,0,1,100.0,96.0,25.0,0.0,7.625,76.80000000000001,14.5,30.67500000000002,1.0,7.25,SUCCESS,50.0,,5,9,,SUCCESS,23.0,False,100.0
FA_SD50_R03_MA3_RT50,50.0,15.0,3,0.5,2317,2025-12-10 09:49:22.063043,2025-12-10 09:55:43.144000,9692,6.35,24080639,24090330,LONG,3,4,-440.0,-456.0,15.0,-30.0,7.375,71.8,14.25,28.65000000000002,1.0,7.0,FAILURE,15.0,"4352,3675",6,9,"-30.0,-60.0,-90.0",SUCCESS,45.2,True,
FA_SD50_R03_MA3_RT50,50.0,15.0,3,0.5,2318,2025-12-10 09:55:43.144000,2025-12-10 10:06:20.406003,15123,10.62,24090330,24105452,SHORT,3,4,-439.0,-455.0,9.75,-30.25,7.675,71.60000000000001,14.0,22.625,1.0,7.625,FAILURE,19.5,"2517,9055",7,9,"-30.0,-60.0,-90.5",FAILURE,69.8,True,
FA_SD50_R03_MA3_RT50,50.0,15.0,3,0.5,2319,2025-12-10 10:06:20.406003,2025-12-10 10:35:22.922046,24936,29.04,24105452,24130387,LONG,3,4,-440.0,-456.0,16.75,-30.0,7.8875,66.8,11.625,24.40000000000002,1.0,7.875,FAILURE,18.5,"20481,1063",8,10,"-30.0,-60.0,-90.0",FAILURE,105.0,True,
FA_SD50_R03_MA3_RT50,50.0,15.0,3,0.5,2320,2025-12-10 10:35:22.922046,2025-12-10 10:38:15.294000,4511,2.87,24130387,24134897,SHORT,0,1,100.0,96.0,25.0,-7.5,6.5875,28.8,12.25,22.17500000000001,1.0,6.0,SUCCESS,50.0,,9,10,,FAILURE,34.16,False,100.0
FA_SD50_R03_MA3_RT50,50.0,15.0,3,0.5,2321,2025-12-10 10:38:15.294000,2025-12-10 10:42:31.328000,6595,4.27,24134897,24141491,LONG,0,1,100.0,96.0,25.0,-8.0,7.0375,33.300000000000004,13.75,28.675000000000004,1.0,6.5,SUCCESS,50.0,,10,10,,SUCCESS,49.6,False,100.0
FA_SD50_R03_MA3_RT50,50.0,15.0,3,0.5,2322,2025-12-10 10:42:31.328000,2025-12-10 10:54:50.888000,13592,12.33,24141491,24155082,SHORT,1,2,260.0,252.0,32.5,-22.25,6.0125,17.6,11.625,28.400000000000002,1.0,6.125,SUCCESS,50.0,,11,10,-30.0,SUCCESS,97.02,False,258.0
FA_SD50_R03_MA3_RT50,50.0,15.0,3,0.5,2323,2025-12-10 10:54:50.888000,2025-12-10 11:11:57.589000,23221,17.11,24155082,24178302,LONG,2,3,480.0,468.0,40.0,-28.5,7.2125,35.0,11.625,35.55,1.0,7.25,SUCCESS,50.0,10847,12,10,"-30.0,-60.0",SUCCESS,167.72,False,476.0
FA_SD50_R03_MA3_RT50,50.0,15.0,3,0.5,2324,2025-12-10 11:11:57.589000,2025-12-10 11:27:00.927003,14716,15.06,24178302,24193017,SHORT,3,4,-439.0,-455.0,3.0,-29.9167,6.95,34.0,12.25,27.450000000000006,1.0,7.0,FAILURE,6.0,"3700,2358",13,11,"-30.0,-60.5,-90.0",SUCCESS,49.9,True,
FA_SD50_R03_MA3_RT50,50.0,15.0,3,0.5,2325,2025-12-10 11:27:00.927003,2025-12-10 12:55:01.740000,47348,88.01,24193017,24240364,LONG,2,3,480.0,468.0,40.0,-22.5,5.8625,8.4,14.625,34.07500000000001,1.0,5.75,SUCCESS,50.0,3136,14,11,"-30.0,-60.0",FAILURE,313.78,False,476.0
FA_SD50_R03_MA3_RT50,50.0,15.0,3,0.5,2326,2025-12-10 12:55:01.740000,2025-12-10 13:04:54.068001,6905,9.87,24240364,24247268,SHORT,0,1,100.0,96.0,25.0,-10.0,5.7,16.2,11.625,27.625,1.0,5.5,SUCCESS,50.0,,15,12,,SUCCESS,44.66,False,100.0
FA_SD50_R03_MA3_RT50,50.0,15.0,3,0.5,2327,2025-12-10 13:04:54.068001,2025-12-10 13:28:06.772000,10307,23.21,24247268,24257574,LONG,3,4,-440.0,-456.0,16.5,-30.0,5.1875,4.4,12.625,27.5,1.0,5.25,FAILURE,33.0,"2173,1075",16,13,"-30.0,-60.0,-90.0",SUCCESS,35.25,True,
FA_SD50_R03_MA3_RT50,50.0,15.0,3,0.5,2328,2025-12-10 13:28:06.772000,2025-12-10 14:00:11.880000,15017,32.09,24257574,24272590,SHORT,3,4,-450.0,-466.0,13.25,-30.5,6.4625,72.7,11.75,27.875000000000007,1.0,6.125,FAILURE,4.5,"2602,9966",17,13,"-30.0,-60.0,-91.0",FAILURE,61.6798,True,
FA_SD50_R03_MA3_RT50,50.0,15.0,3,0.5,2329,2025-12-10 14:00:11.880000,2025-12-10 14:00:29.453000,709,0.29,24272590,24273298,LONG,0,1,100.0,96.0,25.0,-8.25,10.1125,100.0,10.375,25.175000000000004,1.0,8.5,SUCCESS,50.0,,18,14,,FAILURE,23.34,False,100.0
FA_SD50_R03_MA3_RT50,50.0,15.0,3,0.5,2330,2025-12-10 14:00:29.453000,2025-12-10 14:00:47.035002,1903,0.29,24273298,24275200,SHORT,3,4,-440.0,-456.0,5.5,-30.0,11.8875,100.0,10.375,25.175000000000004,1.0,8.75,FAILURE,11.0,"598,949",19,14,"-30.0,-60.0,-90.0",SUCCESS,19.41,True,
FA_SD50_R03_MA3_RT50,50.0,15.0,3,0.5,2331,2025-12-10 14:00:47.035002,2025-12-10 14:01:06.581003,1194,0.33,24275200,24276393,LONG,3,4,-444.0,-460.0,2.0,-30.0,13.875,100.0,11.375,30.050000000000047,1.0,12.75,FAILURE,4.0,"356,583",20,14,"-30.0,-60.0,-90.0",FAILURE,14.2537,True,
FA_SD50_R03_MA3_RT50,50.0,15.0,3,0.5,2332,2025-12-10 14:01:06.581003,2025-12-10 14:02:57.124000,3182,1.84,24276393,24279574,SHORT,1,2,266.0,258.0,33.25,-18.0,16.05,100.0,11.375,28.450000000000024,1.0,14.375,SUCCESS,51.5,,21,14,-30.0,FAILURE,59.4272,False,264.0
FA_SD50_R03_MA3_RT50,50.0,15.0,3,0.5,2333,2025-12-10 14:02:57.124000,2025-12-10 14:05:33.617000,4497,2.61,24279574,24284070,LONG,0,1,100.0,96.0,25.0,-12.75,15.7125,99.0,11.125,28.450000000000024,1.0,14.25,SUCCESS,50.0,,22,14,,SUCCESS,60.7,False,100.0
FA_SD50_R03_MA3_RT50,50.0,15.0,3,0.5,2334,2025-12-10 14:05:33.617000,2025-12-10 14:07:07.512000,3212,1.56,24284070,24287281,SHORT,3,4,-440.0,-456.0,13.25,-30.0,13.125,92.2,17.25,32.95000000000002,1.0,11.875,FAILURE,26.5,"491,568",23,14,"-30.0,-60.0,-90.0",SUCCESS,19.22,True,
FA_SD50_R03_MA3_RT50,50.0,15.0,3,0.5,2335,2025-12-10 14:07:07.512000,2025-12-10 14:24:06.295000,24972,16.98,24287281,24312252,LONG,3,4,-440.0,-456.0,29.25,-30.0,12.525,90.60000000000001,16.625,32.95000000000002,1.0,12.0,FAILURE,38.0,"8131,13060",24,14,"-30.0,-60.0,-90.0",FAILURE,143.17,True,
FA_SD50_R03_MA3_RT50,50.0,15.0,3,0.5,2336,2025-12-10 14:24:06.295000,2025-12-10 14:27:47.982000,4295,3.69,24312252,24316546,SHORT,0,1,100.0,96.0,25.0,-8.25,10.5125,79.60000000000001,17.0,31.750000000000007,1.0,10.375,SUCCESS,50.0,,25,14,,FAILURE,48.08,False,100.0
FA_SD50_R03_MA3_RT50,50.0,15.0,3,0.5,2337,2025-12-10 14:27:47.982000,2025-12-10 14:30:05.772000,3633,2.3,24316546,24320178,LONG,1,2,260.0,252.0,32.5,-15.0,9.775,71.60000000000001,16.75,28.325000000000003,1.0,9.5,SUCCESS,50.0,,26,14,-30.0,SUCCESS,36.36,False,258.0
FA_SD50_R03_MA3_RT50,50.0,15.0,3,0.5,2338,2025-12-10 14:30:05.772000,2025-12-10 14:33:12.912000,5990,3.12,24320178,24326167,SHORT,3,4,-439.0,-455.0,24.875,-29.9167,9.5,68.4,17.375,32.675000000000004,1.0,9.625,FAILURE,34.5,"3580,1305",27,14,"-30.5,-60.0,-90.0",SUCCESS,33.85,True,
FA_SD50_R03_MA3_RT50,50.0,15.0,3,0.5,2339,2025-12-10 14:33:12.912000,2025-12-10 14:34:11.439054,2436,0.98,24326167,24328602,LONG,0,1,100.0,96.0,25.0,-8.25,10.975,79.7,15.0,33.8,1.0,9.875,SUCCESS,50.0,,28,14,,FAILURE,25.5,False,100.0
FA_SD50_R03_MA3_RT50,50.0,15.0,3,0.5,2340,2025-12-10 14:34:11.439054,2025-12-10 14:36:10.074001,7834,1.98,24328602,24336435,SHORT,2,3,480.0,468.0,40.0,-22.5,9.275,59.300000000000004,9.5,33.8,1.0,9.125,SUCCESS,50.0,1618,29,14,"-30.0,-60.0",SUCCESS,98.92,False,476.0
FA_SD50_R03_MA3_RT50,50.0,15.0,3,0.5,2341,2025-12-10 14:36:10.074001,2025-12-10 14:36:13.117000,721,0.05,24336435,24337155,LONG,0,1,103.0,99.0,25.75,-4.0,12.0375,89.0,11.875,40.250000000000014,1.0,9.75,SUCCESS,51.5,,30,14,,SUCCESS,14.1068,False,103.0
FA_SD50_R03_MA3_RT50,50.0,15.0,3,0.5,2342,2025-12-10 14:36:13.117000,2025-12-10 14:36:22.027004,970,0.15,24337155,24338124,SHORT,0,1,100.0,96.0,25.0,-12.5,12.975,91.80000000000001,15.375,40.250000000000014,1.0,11.25,SUCCESS,50.0,,31,14,,SUCCESS,15.38,False,100.0
FA_SD50_R03_MA3_RT50,50.0,15.0,3,0.5,2343,2025-12-10 14:36:22.027004,2025-12-10 14:39:44.307003,6807,3.37,24338124,24344930,LONG,2,3,480.0,468.0,40.0,-22.5,13.35,92.2,14.25,40.250000000000014,1.0,11.25,SUCCESS,50.0,243,32,14,"-30.0,-60.0",SUCCESS,116.94,False,476.0
FA_SD50_R03_MA3_RT50,50.0,15.0,3,0.5,2344,2025-12-10 14:39:44.307003,2025-12-10 14:40:07.133001,787,0.38,24344930,24345716,SHORT,0,1,100.0,96.0,25.0,-3.75,14.6625,92.2,20.0,47.225,1.0,13.0,SUCCESS,50.0,,33,14,,SUCCESS,12.98,False,100.0
FA_SD50_R03_MA3_RT50,50.0,15.0,3,0.5,2345,2025-12-10 14:40:07.133001,2025-12-10 14:40:52.184000,3647,0.75,24345716,24349362,LONG,3,4,-450.0,-466.0,26.4167,-29.8333,14.85,93.0,20.0,47.225,1.0,13.0,FAILURE,22.5,"204,3156",34,14,"-31.0,-60.0,-90.0",SUCCESS,35.3153,True,
FA_SD50_R03_MA3_RT50,50.0,15.0,3,0.5,2346,2025-12-10 14:40:52.184000,2025-12-10 14:41:04.676000,1339,0.21,24349362,24350700,SHORT,0,1,100.0,96.0,25.0,-0.5,16.05,98.80000000000001,21.125,47.275000000000006,1.0,14.875,SUCCESS,50.0,,35,14,,FAILURE,23.12,False,100.0
FA_SD50_R03_MA3_RT50,50.0,15.0,3,0.5,2347,2025-12-10 14:41:04.676000,2025-12-10 14:43:03.763002,5698,1.98,24350700,24356397,LONG,2,3,483.0,471.0,40.25,-22.5,15.7625,96.0,21.125,47.275000000000006,1.0,14.375,SUCCESS,50.5,2057,36,14,"-30.0,-60.0",SUCCESS,93.9109,False,479.0
FA_SD50_R03_MA3_RT50,50.0,15.0,3,0.5,2348,2025-12-10 14:43:03.763002,2025-12-10 14:43:57.249001,1514,0.89,24356397,24357910,SHORT,0,1,100.0,96.0,25.0,-8.75,15.475,91.60000000000001,13.875,44.87500000000001,1.0,15.0,SUCCESS,50.0,,37,14,,SUCCESS,26.84,False,100.0
FA_SD50_R03_MA3_RT50,50.0,15.0,3,0.5,2349,2025-12-10 14:43:57.249001,2025-12-10 14:44:48.569007,1686,0.86,24357910,24359595,LONG,1,2,260.0,252.0,32.5,-15.0,15.4375,91.4,12.25,44.87500000000001,1.0,15.25,SUCCESS,50.0,,38,14,-30.0,SUCCESS,28.26,False,258.0
FA_SD50_R03_MA3_RT50,50.0,15.0,3,0.5,2350,2025-12-10 14:44:48.569007,2025-12-10 14:46:39.732000,3536,1.85,24359595,24363130,SHORT,3,4,-436.0,-452.0,11.5,-30.3333,14.9875,85.4,12.25,40.22500000000001,1.0,14.625,FAILURE,23.0,"408,961",39,14,"-30.5,-60.5,-91.0",SUCCESS,26.26,True,
FA_SD50_R03_MA3_RT50,50.0,15.0,3,0.5,2351,2025-12-10 14:46:39.732000,2025-12-10 14:51:15.861009,8503,4.6,24363130,24371632,LONG,2,3,481.0,469.0,40.0833,-22.75,14.1125,75.0,12.25,40.375000000000014,1.0,13.5,SUCCESS,50.0,3070,40,14,"-30.0,-60.5",FAILURE,114.02,False,477.0
FA_SD50_R03_MA3_RT50,50.0,15.0,3,0.5,2352,2025-12-10 14:51:15.861009,2025-12-10 14:54:08.784000,5323,2.88,24371632,24376954,SHORT,3,4,-439.0,-455.0,21.0,-29.9167,12.4,62.2,19.5,37.55000000000001,1.0,12.5,FAILURE,42.0,"1855,344",41,14,"-30.0,-60.5,-90.0",SUCCESS,29.61,True,
FA_SD50_R03_MA3_RT50,50.0,15.0,3,0.5,2353,2025-12-10 14:54:08.784000,2025-12-10 14:58:15.072027,8450,4.1,24376954,24385403,LONG,1,2,260.0,252.0,32.5,-15.0,9.0375,19.8,19.5,37.55000000000001,1.0,9.0,SUCCESS,50.0,,42,14,-30.0,FAILURE,96.0,False,258.0
FA_SD50_R03_MA3_RT50,50.0,15.0,3,0.5,2354,2025-12-10 14:58:15.072027,2025-12-10 15:01:00.098000,5567,2.75,24385403,24390969,SHORT,1,2,260.0,252.0,32.5,-15.0,9.575,23.8,14.375,37.12500000000001,1.0,10.0,SUCCESS,50.0,,43,14,-30.0,SUCCESS,60.08,False,258.0
FA_SD50_R03_MA3_RT50,50.0,15.0,3,0.5,2355,2025-12-10 15:01:00.098000,2025-12-10 15:03:04.631000,2972,2.08,24390969,24393940,LONG,0,1,100.0,96.0,25.0,-9.25,9.975,32.0,15.5,40.925000000000004,1.0,10.75,SUCCESS,50.0,,44,15,,SUCCESS,40.98,False,100.0
FA_SD50_R03_MA3_RT50,50.0,15.0,3,0.5,2356,2025-12-10 15:03:04.631000,2025-12-10 15:59:40.354000,57988,56.6,24393940,24451927,SHORT,3,4,764.0,748.0,47.75,-30.0,10.9,46.400000000000006,15.5,40.925000000000004,1.0,10.875,SUCCESS,50.5,"10597,10033",45,15,"-30.0,-60.0,-90.0",SUCCESS,514.703,True,758.0
FA_SD50_R03_MA3_RT50,50.0,15.0,3,0.5,2358,2025-12-11 09:30:54.837000,2025-12-11 09:34:42.898002,14078,3.8,24471542,24485619,SHORT,1,2,260.0,250.0,32.5,-18.25,8.2625,35.2,15.0,29.950000000000028,1.0,8.0,SUCCESS,50.0,,1,9,-30.0,SESSION_START,136.12,False,256.0
FA_SD50_R03_MA3_RT50,50.0,15.0,3,0.5,2359,2025-12-11 09:34:42.898002,2025-12-11 09:35:32.295003,2966,0.82,24485619,24488584,LONG,0,1,100.0,96.0,25.0,-4.75,8.8375,54.0,19.0,43.22500000000001,1.0,8.25,SUCCESS,50.0,,2,9,,SUCCESS,29.04,False,100.0
FA_SD50_R03_MA3_RT50,50.0,15.0,3,0.5,2360,2025-12-11 09:35:32.295003,2025-12-11 09:40:42.564000,14389,5.17,24488584,24502972,SHORT,2,3,481.0,469.0,40.0833,-22.75,7.8875,28.8,19.25,43.22500000000001,1.0,7.75,SUCCESS,50.0,5541,3,9,"-30.0,-60.5",SUCCESS,136.72,False,477.0
FA_SD50_R03_MA3_RT50,50.0,15.0,3,0.5,2361,2025-12-11 09:40:42.564000,2025-12-11 09:42:35.007004,4569,1.87,24502972,24507540,LONG,0,1,100.0,96.0,25.0,-12.25,9.775,83.9,17.125,32.500000000000014,1.0,9.5,SUCCESS,50.0,,4,9,,SUCCESS,44.64,False,100.0
FA_SD50_R03_MA3_RT50,50.0,15.0,3,0.5,2362,2025-12-11 09:42:35.007004,2025-12-11 09:45:28.577002,5573,2.89,24507540,24513112,SHORT,0,1,100.0,96.0,25.0,-12.0,9.225,69.7,16.75,30.025000000000013,1.0,9.125,SUCCESS,50.0,,5,9,,SUCCESS,61.22,False,100.0
FA_SD50_R03_MA3_RT50,50.0,15.0,3,0.5,2363,2025-12-11 09:45:28.577002,2025-12-11 09:48:53.344010,9768,3.41,24513112,24522879,LONG,3,4,-439.0,-455.0,6.25,-30.25,10.2125,91.2,14.875,39.3,1.0,9.125,FAILURE,10.5,"4741,2790",6,9,"-30.0,-60.0,-90.5",SUCCESS,49.42,True,
FA_SD50_R03_MA3_RT50,50.0,15.0,3,0.5,2364,2025-12-11 09:48:53.344010,2025-12-11 09:49:13.945002,1560,0.34,24522879,24524438,SHORT,0,1,100.0,96.0,25.0,-1.0,7.55,25.200000000000003,14.125,30.050000000000015,1.0,7.25,SUCCESS,50.0,,7,9,,FAILURE,12.34,False,100.0
FA_SD50_R03_MA3_RT50,50.0,15.0,3,0.5,2365,2025-12-11 09:49:13.945002,2025-12-11 09:53:35.834000,16353,4.36,24524438,24540790,LONG,3,4,-439.0,-455.0,24.0833,-29.9167,7.1875,20.0,14.125,30.050000000000015,1.0,6.875,FAILURE,18.5,"2666,9539",8,9,"-30.5,-60.0,-90.0",SUCCESS,74.52,True,
FA_SD50_R03_MA3_RT50,50.0,15.0,3,0.5,2366,2025-12-11 09:53:35.834000,2025-12-11 09:56:26.436000,9310,2.84,24540790,24550099,SHORT,1,2,262.0,254.0,32.75,-15.0,9.4125,83.80000000000001,16.625,29.1,1.0,9.75,SUCCESS,50.5,,9,9,-30.0,FAILURE,82.1881,False,260.0
FA_SD50_R03_MA3_RT50,50.0,15.0,3,0.5,2367,2025-12-11 09:56:26.436000,2025-12-11 10:03:05.163000,19643,6.65,24550099,24569741,LONG,1,2,260.0,252.0,32.5,-20.25,7.75,40.2,10.625,26.400000000000006,1.0,7.375,SUCCESS,50.0,,10,9,-30.0,SUCCESS,195.2,False,258.0
FA_SD50_R03_MA3_RT50,50.0,15.0,3,0.5,2368,2025-12-11 10:03:05.163000,2025-12-11 10:07:10.435000,9857,4.09,24569741,24579597,SHORT,3,4,-440.0,-456.0,6.25,-30.0,8.475,54.0,13.0,22.82500000000001,1.0,8.5,FAILURE,4.5,"4085,2256",11,10,"-30.0,-60.0,-90.0",SUCCESS,45.59,True,
FA_SD50_R03_MA3_RT50,50.0,15.0,3,0.5,2369,2025-12-11 10:07:10.435000,2025-12-11 10:08:06.916001,2476,0.94,24579597,24582072,LONG,0,1,100.0,96.0,25.0,-6.25,7.1875,13.3,13.375,25.425000000000004,1.0,7.0,SUCCESS,50.0,,12,10,,FAILURE,20.7,False,100.0
FA_SD50_R03_MA3_RT50,50.0,15.0,3,0.5,2370,2025-12-11 10:08:06.916001,2025-12-11 10:17:56.800026,19139,9.83,24582072,24601210,SHORT,3,4,-440.0,-456.0,15.25,-30.0,6.6625,4.6000000000000005,13.375,25.425000000000004,1.0,6.0,FAILURE,15.5,"7803,903",13,10,"-30.0,-60.0,-90.0",SUCCESS,84.88,True,
FA_SD50_R03_MA3_RT50,50.0,15.0,3,0.5,2371,2025-12-11 10:17:56.800026,2025-12-11 10:21:34.122000,5734,3.62,24601210,24606943,LONG,0,1,100.0,96.0,25.0,-7.5,7.7375,36.1,9.5,26.375,1.0,7.125,SUCCESS,50.0,,14,10,,FAILURE,47.58,False,100.0
FA_SD50_R03_MA3_RT50,50.0,15.0,3,0.5,2372,2025-12-11 10:21:34.122000,2025-12-11 10:35:02.938000,21900,13.48,24606943,24628842,SHORT,2,3,480.0,468.0,40.0,-22.5,6.8625,12.600000000000001,9.5,26.375,1.0,6.0,SUCCESS,50.0,3567,15,10,"-30.0,-60.0",SUCCESS,180.88,False,476.0
FA_SD50_R03_MA3_RT50,50.0,15.0,3,0.5,2373,2025-12-11 10:35:02.938000,2025-12-11 10:47:46.084001,18671,12.72,24628842,24647512,LONG,3,4,-440.0,-456.0,25.25,-30.0,8.4375,71.8,16.125,22.950000000000003,1.0,7.625,FAILURE,35.5,"6295,3849",16,10,"-30.0,-60.0,-90.0",SUCCESS,87.96,True,
FA_SD50_R03_MA3_RT50,50.0,15.0,3,0.5,2374,2025-12-11 10:47:46.084001,2025-12-11 10:49:17.557000,3196,1.52,24647512,24650707,SHORT,0,1,100.0,96.0,25.0,-3.75,9.45,91.60000000000001,13.125,30.300000000000004,1.0,9.0,SUCCESS,50.0,,17,10,,FAILURE,29.58,False,100.0
FA_SD50_R03_MA3_RT50,50.0,15.0,3,0.5,2375,2025-12-11 10:49:17.557000,2025-12-11 10:55:53.806000,11807,6.6,24650707,24662513,LONG,2,3,480.0,468.0,40.0,-22.5,8.225,66.8,13.75,34.000000000000014,1.0,7.125,SUCCESS,50.0,669,18,10,"-30.0,-60.0",SUCCESS,111.5,False,476.0
FA_SD50_R03_MA3_RT50,50.0,15.0,3,0.5,2376,2025-12-11 10:55:53.806000,2025-12-11 11:12:42.970000,21896,16.82,24662513,24684408,SHORT,2,3,480.0,468.0,40.0,-29.25,8.1625,58.2,12.0,30.72500000000001,1.0,8.0,SUCCESS,50.0,5148,19,10,"-30.0,-60.0",SUCCESS,206.68,False,476.0
FA_SD50_R03_MA3_RT50,50.0,15.0,3,0.5,2377,2025-12-11 11:12:42.970000,2025-12-11 11:14:26.907010,1307,1.73,24684408,24685714,LONG,0,1,100.0,96.0,25.0,-2.0,8.85,77.4,12.875,33.95000000000002,1.0,8.5,SUCCESS,50.0,,20,11,,SUCCESS,13.84,False,100.0
FA_SD50_R03_MA3_RT50,50.0,15.0,3,0.5,2378,2025-12-11 11:14:26.907010,2025-12-11 11:17:03.721000,2563,2.61,24685714,24688276,SHORT,0,1,100.0,96.0,25.0,-4.0,9.1,82.80000000000001,12.875,33.95000000000002,1.0,8.625,SUCCESS,50.0,,21,11,,SUCCESS,23.92,False,100.0
FA_SD50_R03_MA3_RT50,50.0,15.0,3,0.5,2379,2025-12-11 11:17:03.721000,2025-12-11 11:24:35.308000,8233,7.53,24688276,24696508,LONG,1,2,260.0,252.0,32.5,-15.0,9.3875,89.80000000000001,11.75,26.47500000000001,1.0,9.375,SUCCESS,50.0,,22,11,-30.0,SUCCESS,71.7,False,258.0
FA_SD50_R03_MA3_RT50,50.0,15.0,3,0.5,2380,2025-12-11 11:24:35.308000,2025-12-11 11:25:40.178000,1445,1.08,24696508,24697952,SHORT,0,1,100.0,96.0,25.0,-6.75,8.35,61.6,12.25,24.85,1.0,7.875,SUCCESS,50.0,,23,11,,SUCCESS,11.88,False,100.0
FA_SD50_R03_MA3_RT50,50.0,15.0,3,0.5,2381,2025-12-11 11:25:40.178000,2025-12-11 11:37:02.572000,12040,11.37,24697952,24709991,LONG,2,3,489.0,477.0,40.75,-22.5,8.675,76.0,13.75,26.40000000000001,1.0,8.5,SUCCESS,51.5,1811,24,11,"-30.0,-60.0",SUCCESS,105.9709,False,485.0
FA_SD50_R03_MA3_RT50,50.0,15.0,3,0.5,2382,2025-12-11 11:37:02.572000,2025-12-11 11:42:35.657000,5728,5.55,24709991,24715718,SHORT,3,4,-440.0,-456.0,5.75,-30.0,8.275,55.900000000000006,15.375,36.325,1.0,8.375,FAILURE,11.5,"851,866",25,11,"-30.0,-60.0,-90.0",SUCCESS,21.35,True,
FA_SD50_R03_MA3_RT50,50.0,15.0,3,0.5,2383,2025-12-11 11:42:35.657000,2025-12-11 11:53:02.612029,11985,10.45,24715718,24727702,LONG,3,4,-440.0,-456.0,20.5,-30.0,7.175,16.400000000000002,21.0,37.325,1.0,7.25,FAILURE,41.0,"2218,2854",26,11,"-30.0,-60.0,-90.0",FAILURE,48.69,True,
FA_SD50_R03_MA3_RT50,50.0,15.0,3,0.5,2384,2025-12-11 11:53:02.612029,2025-12-11 11:54:12.655000,2326,1.17,24727702,24730027,SHORT,0,1,101.0,97.0,25.25,-4.75,6.9875,14.8,15.625,40.425000000000004,1.0,7.0,SUCCESS,50.5,,27,11,,FAILURE,17.4158,False,101.0
FA_SD50_R03_MA3_RT50,50.0,15.0,3,0.5,2385,2025-12-11 11:54:12.655000,2025-12-11 12:00:33.427000,9908,6.35,24730027,24739934,LONG,1,2,266.0,258.0,33.25,-19.75,7.5875,28.200000000000003,15.625,41.1,1.0,7.5,SUCCESS,51.5,,28,11,-30.0,SUCCESS,76.3786,False,264.0
FA_SD50_R03_MA3_RT50,50.0,15.0,3,0.5,2386,2025-12-11 12:00:33.427000,2025-12-11 12:13:55.734000,11047,13.37,24739934,24750980,SHORT,3,4,-440.0,-456.0,16.5,-30.0,7.2,15.600000000000001,13.875,41.1,1.0,6.625,FAILURE,33.0,"4379,2505",29,12,"-30.0,-60.0,-90.0",SUCCESS,47.62,True,
FA_SD50_R03_MA3_RT50,50.0,15.0,3,0.5,2387,2025-12-11 12:13:55.734000,2025-12-11 12:20:09.502000,5595,6.23,24750980,24756574,LONG,0,1,100.0,96.0,25.0,-5.25,7.15,10.0,12.375,26.350000000000016,1.0,7.75,SUCCESS,50.0,,30,12,,FAILURE,42.52,False,100.0
FA_SD50_R03_MA3_RT50,50.0,15.0,3,0.5,2388,2025-12-11 12:20:09.502000,2025-12-11 12:41:35.522008,17633,21.43,24756574,24774206,SHORT,3,4,-440.0,-456.0,9.25,-30.0,6.7,3.6,12.625,26.350000000000016,1.0,6.75,FAILURE,8.5,"1276,10463",31,12,"-30.0,-60.0,-90.0",SUCCESS,65.23,True,
FA_SD50_R03_MA3_RT50,50.0,15.0,3,0.5,2389,2025-12-11 12:41:35.522008,2025-12-11 12:56:37.564007,10835,15.03,24774206,24785040,LONG,3,4,-440.0,-456.0,3.25,-30.0,7.225,30.900000000000002,16.5,30.300000000000004,1.0,6.75,FAILURE,6.5,"2546,4571",32,12,"-30.0,-60.0,-90.0",FAILURE,40.59,True,
FA_SD50_R03_MA3_RT50,50.0,15.0,3,0.5,2390,2025-12-11 12:56:37.564007,2025-12-11 13:21:33.007000,15242,24.92,24785040,24800281,SHORT,3,4,-439.0,-455.0,15.25,-29.9167,7.025,29.8,14.5,22.450000000000006,1.0,7.0,FAILURE,30.5,"2906,2669",33,12,"-30.5,-60.0,-90.0",FAILURE,60.32,True,
FA_SD50_R03_MA3_RT50,50.0,15.0,3,0.5,2391,2025-12-11 13:21:33.007000,2025-12-11 13:40:06.134007,13655,18.55,24800281,24813935,LONG,2,3,480.0,468.0,40.0,-22.5,6.85,27.400000000000002,13.625,27.125000000000007,1.0,7.0,SUCCESS,50.0,509,34,13,"-30.0,-60.0",FAILURE,112.58,False,476.0
FA_SD50_R03_MA3_RT50,50.0,15.0,3,0.5,2392,2025-12-11 13:40:06.134007,2025-12-11 13:54:47.355000,10503,14.69,24813935,24824437,SHORT,1,2,260.0,252.0,32.5,-15.0,7.4125,55.800000000000004,11.75,29.5,1.0,6.375,SUCCESS,50.0,,35,13,-30.0,SUCCESS,73.3,False,258.0
FA_SD50_R03_MA3_RT50,50.0,15.0,3,0.5,2393,2025-12-11 13:54:47.355000,2025-12-11 14:14:20.076000,10940,19.55,24824437,24835376,LONG,0,1,100.0,96.0,25.0,-14.25,6.0875,2.5,8.5,19.750000000000004,1.0,6.25,SUCCESS,50.0,,36,13,,SUCCESS,83.4,False,100.0
FA_SD50_R03_MA3_RT50,50.0,15.0,3,0.5,2394,2025-12-11 14:14:20.076000,2025-12-11 14:50:05.078000,17398,35.75,24835376,24852773,SHORT,3,4,-440.0,-456.0,4.0,-30.0,6.7875,41.800000000000004,11.75,20.875,1.0,6.375,FAILURE,8.0,"1604,8298",37,14,"-30.0,-60.0,-90.0",SUCCESS,54.35,True,
FA_SD50_R03_MA3_RT50,50.0,15.0,3,0.5,2395,2025-12-11 14:50:05.078000,2025-12-11 15:31:33.818000,20347,41.48,24852773,24873119,LONG,3,4,-444.0,-460.0,4.0,-30.0,5.2625,3.6,12.125,22.25000000000002,1.0,5.125,FAILURE,7.0,"3474,13913",38,14,"-30.0,-60.0,-90.0",FAILURE,62.4328,True,
FA_SD50_R03_MA3_RT50,50.0,15.0,3,0.5,2396,2025-12-11 15:31:33.818000,2025-12-11 15:52:29.593000,12358,20.93,24873119,24885476,SHORT,3,4,-440.0,-456.0,8.5,-30.0,4.825,0.8,11.75,19.650000000000006,1.0,4.75,FAILURE,17.0,"583,1229",39,15,"-30.0,-60.0,-90.0",FAILURE,44.55,True,
FA_SD50_R03_MA3_RT50,50.0,15.0,3,0.5,2397,2025-12-11 15:52:29.593000,2025-12-11 16:11:22.517000,20920,18.88,24885476,24906395,LONG,2,3,484.0,472.0,40.3333,-22.75,6.5625,60.6,9.625,18.750000000000007,1.0,6.125,SUCCESS,50.5,3494,40,15,"-30.0,-60.5",FAILURE,132.0099,False,480.0
FA_SD50_R03_MA3_RT50,50.0,15.0,3,0.5,2399,2025-12-12 09:38:03.710002,2025-12-12 09:42:34.745000,9599,4.52,24933340,24942938,LONG,3,4,-440.0,-458.0,16.75,-30.0,6.4,57.2,12.25,23.650000000000002,1.0,6.0,FAILURE,18.5,"4783,127",1,9,"-30.0,-60.0,-90.0",SESSION_START,48.64,True,
FA_SD50_R03_MA3_RT50,50.0,15.0,3,0.5,2400,2025-12-12 09:42:34.745000,2025-12-12 09:47:22.715000,10694,4.8,24942938,24953631,SHORT,1,2,263.0,255.0,32.875,-15.25,9.675,93.2,16.625,25.225,1.0,7.75,SUCCESS,50.5,,2,9,-30.5,FAILURE,95.4554,False,261.0
FA_SD50_R03_MA3_RT50,50.0,15.0,3,0.5,2401,2025-12-12 09:47:22.715000,2025-12-12 09:52:38.259134,12633,5.26,24953631,24966263,LONG,2,3,480.0,468.0,40.0,-22.5,8.275,83.7,17.0,28.775,1.0,7.875,SUCCESS,50.0,1795,3,9,"-30.0,-60.0",SUCCESS,114.48,False,476.0
FA_SD50_R03_MA3_RT50,50.0,15.0,3,0.5,2402,2025-12-12 09:52:38.259134,2025-12-12 10:00:39.427003,13155,8.02,24966263,24979417,SHORT,0,1,100.0,96.0,25.0,-10.0,8.8125,90.60000000000001,15.75,28.775,1.0,8.5,SUCCESS,50.0,,4,9,,SUCCESS,121.8,False,100.0
FA_SD50_R03_MA3_RT50,50.0,15.0,3,0.5,2403,2025-12-12 10:00:39.427003,2025-12-12 10:04:44.144000,9896,4.08,24979417,24989312,LONG,3,4,-440.0,-456.0,9.25,-30.0,8.95,88.4,9.875,19.525000000000006,1.0,8.0,FAILURE,3.5,"5375,2199",5,10,"-30.0,-60.0,-90.0",SUCCESS,46.25,True,
FA_SD50_R03_MA3_RT50,50.0,15.0,3,0.5,2404,2025-12-12 10:04:44.144000,2025-12-12 10:07:30.959000,6420,2.78,24989312,24995731,SHORT,0,1,100.0,96.0,25.0,-13.25,8.2875,62.800000000000004,11.5,19.525000000000006,1.0,8.125,SUCCESS,50.0,,6,10,,FAILURE,57.8,False,100.0
FA_SD50_R03_MA3_RT50,50.0,15.0,3,0.5,2405,2025-12-12 10:07:30.959000,2025-12-12 10:21:24.249066,31052,13.89,24995731,25026782,LONG,3,4,-440.0,-456.0,35.0,-30.0,7.5,38.6,12.75,32.27500000000001,1.0,7.25,FAILURE,25.0,"1791,1678",7,10,"-30.0,-60.0,-90.0",SUCCESS,140.67,True,
FA_SD50_R03_MA3_RT50,50.0,15.0,3,0.5,2406,2025-12-12 10:21:24.249066,2025-12-12 10:24:40.954010,7203,3.28,25026782,25033984,SHORT,0,1,100.0,96.0,25.0,-14.5,9.05,85.2,15.5,23.82500000000001,1.0,9.0,SUCCESS,50.0,,8,10,,FAILURE,60.72,False,100.0
FA_SD50_R03_MA3_RT50,50.0,15.0,3,0.5,2407,2025-12-12 10:24:40.954010,2025-12-12 10:28:40.135003,11588,3.99,25033984,25045571,LONG,3,4,-440.0,-456.0,7.5,-30.0,8.725,75.60000000000001,15.5,29.05,1.0,9.25,FAILURE,2.5,"7663,1196",9,10,"-30.0,-60.0,-90.0",SUCCESS,48.64,True,
FA_SD50_R03_MA3_RT50,50.0,15.0,3,0.5,2408,2025-12-12 10:28:40.135003,2025-12-12 10:30:02.190002,5028,1.37,25045571,25050598,SHORT,0,1,100.0,96.0,25.0,-2.5,6.3875,1.0,13.625,25.875,1.0,5.875,SUCCESS,50.0,,10,10,,FAILURE,39.94,False,100.0
FA_SD50_R03_MA3_RT50,50.0,15.0,3,0.5,2409,2025-12-12 10:30:02.190002,2025-12-12 10:31:54.808088,6129,1.88,25050598,25056726,LONG,0,1,100.0,96.0,25.0,-14.75,6.55,6.2,13.625,28.750000000000025,1.0,5.5,SUCCESS,50.0,,11,10,,SUCCESS,54.7,False,100.0
FA_SD50_R03_MA3_RT50,50.0,15.0,3,0.5,2410,2025-12-12 10:31:54.808088,2025-12-12 10:45:00.826000,26773,13.1,25056726,25083498,SHORT,3,4,-440.0,-456.0,28.25,-30.0,9.3125,93.60000000000001,14.75,26.775,1.0,9.25,FAILURE,26.5,"1080,22392",12,10,"-30.0,-60.0,-90.0",SUCCESS,128.68,True,
FA_SD50_R03_MA3_RT50,50.0,15.0,3,0.5,2411,2025-12-12 10:45:00.826000,2025-12-12 10:54:50.719000,17629,9.83,25083498,25101126,LONG,3,4,-440.0,-456.0,24.5,-30.0,9.8625,98.80000000000001,15.375,36.1,1.0,9.5,FAILURE,34.0,"7433,4992",13,10,"-30.0,-60.0,-90.0",FAILURE,78.82,True,
FA_SD50_R03_MA3_RT50,50.0,15.0,3,0.5,2412,2025-12-12 10:54:50.719000,2025-12-12 10:56:06.030011,2665,1.26,25101126,25103790,SHORT,0,1,100.0,96.0,25.0,-3.0,8.7875,68.9,12.0,27.525000000000006,1.0,9.0,SUCCESS,50.0,,14,10,,FAILURE,24.1,False,100.0
FA_SD50_R03_MA3_RT50,50.0,15.0,3,0.5,2413,2025-12-12 10:56:06.030011,2025-12-12 10:57:30.060000,2458,1.4,25103790,25106247,LONG,0,1,100.0,96.0,25.0,0.0,7.5125,19.700000000000003,12.875,30.625000000000007,1.0,6.875,SUCCESS,50.0,,15,10,,SUCCESS,23.5,False,100.0
FA_SD50_R03_MA3_RT50,50.0,15.0,3,0.5,2414,2025-12-12 10:57:30.060000,2025-12-12 10:58:02.226000,1127,0.54,25106247,25107373,SHORT,0,1,100.0,96.0,25.0,-1.25,7.325,16.2,12.125,30.625000000000007,1.0,7.25,SUCCESS,50.0,,16,10,,SUCCESS,9.0,False,100.0
FA_SD50_R03_MA3_RT50,50.0,15.0,3,0.5,2415,2025-12-12 10:58:02.226000,2025-12-12 10:58:09.743000,2422,0.13,25107373,25109794,LONG,3,4,-440.0,-456.0,1.75,-30.0,7.4375,19.700000000000003,12.125,30.625000000000007,1.0,7.25,FAILURE,3.5,"966,929",17,10,"-30.0,-60.0,-90.0",SUCCESS,11.62,True,
FA_SD50_R03_MA3_RT50,50.0,15.0,3,0.5,2416,2025-12-12 10:58:09.743000,2025-12-12 10:58:21.954001,2194,0.2,25109794,25111987,SHORT,0,1,100.0,96.0,25.0,-12.75,8.05,45.900000000000006,12.625,36.95000000000001,1.0,7.75,SUCCESS,50.0,,18,10,,FAILURE,23.76,False,100.0
FA_SD50_R03_MA3_RT50,50.0,15.0,3,0.5,2417,2025-12-12 10:58:21.954001,2025-12-12 11:00:22.089000,12464,2.0,25111987,25124450,LONG,1,2,260.0,252.0,32.5,-15.0,9.0375,83.80000000000001,12.125,36.95000000000001,1.0,8.625,SUCCESS,50.0,,19,10,-30.0,SUCCESS,148.52,False,258.0
FA_SD50_R03_MA3_RT50,50.0,15.0,3,0.5,2418,2025-12-12 11:00:22.089000,2025-12-12 11:02:12.336000,4969,1.84,25124450,25129418,SHORT,1,2,260.0,252.0,32.5,-15.0,11.45,100.0,13.875,38.22500000000003,1.0,10.75,SUCCESS,50.0,,20,11,-30.0,SUCCESS,65.66,False,258.0
FA_SD50_R03_MA3_RT50,50.0,15.0,3,0.5,2419,2025-12-12 11:02:12.336000,2025-12-12 11:04:05.395000,4626,1.88,25129418,25134043,LONG,3,4,-440.0,-456.0,12.0,-30.0,12.1625,98.80000000000001,17.25,40.925000000000026,1.0,11.875,FAILURE,24.0,"1631,1003",21,11,"-30.0,-60.0,-90.0",SUCCESS,28.79,True,
FA_SD50_R03_MA3_RT50,50.0,15.0,3,0.5,2420,2025-12-12 11:04:05.395000,2025-12-12 11:08:02.166000,10351,3.95,25134043,25144393,SHORT,3,4,-440.0,-456.0,18.5,-30.0,10.725,90.60000000000001,16.125,36.325,1.0,10.125,FAILURE,37.0,"1592,2082",22,11,"-30.0,-60.0,-90.0",FAILURE,64.57,True,
FA_SD50_R03_MA3_RT50,50.0,15.0,3,0.5,2421,2025-12-12 11:08:02.166000,2025-12-12 11:10:21.392002,4335,2.32,25144393,25148727,LONG,3,4,-440.0,-456.0,6.5,-30.0,12.5625,99.80000000000001,12.125,31.97500000000001,1.0,12.875,FAILURE,13.0,"743,850",23,11,"-30.0,-60.0,-90.0",FAILURE,28.35,True,
FA_SD50_R03_MA3_RT50,50.0,15.0,3,0.5,2422,2025-12-12 11:10:21.392002,2025-12-12 11:11:35.609000,1674,1.24,25148727,25150400,SHORT,0,1,100.0,96.0,25.0,-10.25,12.025,93.2,12.875,31.97500000000001,1.0,11.5,SUCCESS,50.0,,24,11,,FAILURE,24.74,False,100.0
FA_SD50_R03_MA3_RT50,50.0,15.0,3,0.5,2423,2025-12-12 11:11:35.609000,2025-12-12 11:12:09.323003,1890,0.56,25150400,25152289,LONG,0,1,100.0,96.0,25.0,-7.0,11.3125,86.2,12.875,31.97500000000001,1.0,11.25,SUCCESS,50.0,,25,11,,SUCCESS,22.88,False,100.0
FA_SD50_R03_MA3_RT50,50.0,15.0,3,0.5,2424,2025-12-12 11:12:09.323003,2025-12-12 11:21:06.159007,14577,8.95,25152289,25166865,SHORT,2,3,480.0,468.0,40.0,-28.0,11.3875,86.4,12.625,31.97500000000001,1.0,11.625,SUCCESS,50.0,1659,26,11,"-30.0,-60.0",SUCCESS,195.28,False,476.0
FA_SD50_R03_MA3_RT50,50.0,15.0,3,0.5,2425,2025-12-12 11:21:06.159007,2025-12-12 11:25:52.186003,10515,4.77,25166865,25177379,LONG,1,2,260.0,252.0,32.5,-18.5,11.55,81.4,16.75,42.225000000000016,1.0,10.375,SUCCESS,50.0,,27,11,-30.0,SUCCESS,109.36,False,258.0
FA_SD50_R03_MA3_RT50,50.0,15.0,3,0.5,2426,2025-12-12 11:25:52.186003,2025-12-12 11:34:14.648000,15142,8.37,25177379,25192520,SHORT,2,3,480.0,468.0,40.0,-28.0,10.85,69.10000000000001,16.125,32.475,1.0,10.875,SUCCESS,50.0,5223,28,11,"-30.0,-60.0",SUCCESS,159.34,False,476.0
FA_SD50_R03_MA3_RT50,50.0,15.0,3,0.5,2427,2025-12-12 11:34:14.648000,2025-12-12 11:35:00.946005,1186,0.77,25192520,25193705,LONG,0,1,100.0,96.0,25.0,-4.0,9.45,42.900000000000006,17.0,32.80000000000001,1.0,9.125,SUCCESS,50.0,,29,11,,SUCCESS,12.2,False,100.0
FA_SD50_R03_MA3_RT50,50.0,15.0,3,0.5,2428,2025-12-12 11:35:00.946005,2025-12-12 11:36:13.784000,1399,1.21,25193705,25195103,SHORT,0,1,100.0,96.0,25.0,-0.25,9.95,56.800000000000004,17.0,32.80000000000001,1.0,9.75,SUCCESS,50.0,,30,11,,SUCCESS,16.98,False,100.0
FA_SD50_R03_MA3_RT50,50.0,15.0,3,0.5,2429,2025-12-12 11:36:13.784000,2025-12-12 11:44:04.228022,14082,7.84,25195103,25209184,LONG,2,3,480.0,468.0,40.0,-27.0,10.7875,68.3,16.5,32.35000000000001,1.0,10.5,SUCCESS,50.0,1408,31,11,"-30.0,-60.0",SUCCESS,145.46,False,476.0
FA_SD50_R03_MA3_RT50,50.0,15.0,3,0.5,2430,2025-12-12 11:44:04.228022,2025-12-12 11:46:01.378000,1846,1.95,25209184,25211029,SHORT,0,1,100.0,96.0,25.0,-3.0,11.1125,71.4,14.125,35.000000000000014,1.0,10.875,SUCCESS,50.0,,32,11,,SUCCESS,25.42,False,100.0
FA_SD50_R03_MA3_RT50,50.0,15.0,3,0.5,2431,2025-12-12 11:46:01.378000,2025-12-12 11:47:53.972000,1804,1.88,25211029,25212832,LONG,0,1,100.0,96.0,25.0,-7.75,12.1125,90.2,15.5,44.900000000000006,1.0,11.625,SUCCESS,50.0,,33,11,,SUCCESS,25.88,False,100.0
FA_SD50_R03_MA3_RT50,50.0,15.0,3,0.5,2432,2025-12-12 11:47:53.972000,2025-12-12 11:49:17.147000,1787,1.39,25212832,25214618,SHORT,0,1,101.0,97.0,25.25,-3.0,11.325,74.8,15.5,44.900000000000006,1.0,10.25,SUCCESS,50.5,,34,11,,SUCCESS,21.5347,False,101.0
FA_SD50_R03_MA3_RT50,50.0,15.0,3,0.5,2433,2025-12-12 11:49:17.147000,2025-12-12 12:00:18.003000,12934,11.01,25214618,25227551,LONG,1,2,262.0,254.0,32.75,-16.75,11.4875,77.80000000000001,16.25,44.900000000000006,1.0,9.875,SUCCESS,50.5,,35,11,-30.0,SUCCESS,136.901,False,260.0
FA_SD50_R03_MA3_RT50,50.0,15.0,3,0.5,2434,2025-12-12 12:00:18.003000,2025-12-12 12:06:30.866000,8262,6.21,25227551,25235812,SHORT,3,4,-440.0,-456.0,0.0,-30.0,10.2875,49.6,17.0,30.625,1.0,10.75,FAILURE,0.0,"1119,5322",36,12,"-30.0,-60.0,-90.0",SUCCESS,42.67,True,
FA_SD50_R03_MA3_RT50,50.0,15.0,3,0.5,2435,2025-12-12 12:06:30.866000,2025-12-12 12:08:10.084003,2030,1.65,25235812,25237841,LONG,0,1,100.0,96.0,25.0,-0.25,8.625,7.4,12.375,23.375000000000007,1.0,8.5,SUCCESS,50.0,,37,12,,FAILURE,20.34,False,100.0
FA_SD50_R03_MA3_RT50,50.0,15.0,3,0.5,2436,2025-12-12 12:08:10.084003,2025-12-12 12:09:05.713000,1532,0.93,25237841,25239372,SHORT,0,1,100.0,96.0,25.0,0.0,7.9875,1.2000000000000002,12.875,30.45000000000002,1.0,7.5,SUCCESS,50.0,,38,12,,SUCCESS,14.78,False,100.0
FA_SD50_R03_MA3_RT50,50.0,15.0,3,0.5,2437,2025-12-12 12:09:05.713000,2025-12-12 12:11:18.423005,2183,2.21,25239372,25241554,LONG,0,1,100.0,96.0,25.0,-5.0,7.675,1.0,12.875,30.45000000000002,1.0,7.25,SUCCESS,50.0,,39,12,,SUCCESS,22.72,False,100.0
FA_SD50_R03_MA3_RT50,50.0,15.0,3,0.5,2438,2025-12-12 12:11:18.423005,2025-12-12 12:26:35.841007,14613,15.29,25241554,25256166,SHORT,2,3,480.0,468.0,40.0,-24.75,7.8625,3.0,14.0,30.45000000000002,1.0,7.5,SUCCESS,50.0,2339,40,12,"-30.0,-60.0",SUCCESS,131.34,False,476.0
FA_SD50_R03_MA3_RT50,50.0,15.0,3,0.5,2439,2025-12-12 12:26:35.841007,2025-12-12 12:38:53.681000,14064,12.3,25256166,25270229,LONG,2,3,480.0,468.0,40.0,-27.25,7.525,4.6000000000000005,12.375,26.175000000000004,1.0,6.625,SUCCESS,50.0,2374,41,12,"-30.0,-60.0",SUCCESS,131.34,False,476.0
FA_SD50_R03_MA3_RT50,50.0,15.0,3,0.5,2440,2025-12-12 12:38:53.681000,2025-12-12 12:46:52.855194,6735,7.99,25270229,25276963,SHORT,3,4,-440.0,-456.0,3.5,-30.0,8.575,29.200000000000003,15.5,40.275,1.0,8.375,FAILURE,1.0,"5236,464",42,12,"-30.0,-60.0,-90.0",SUCCESS,28.58,True,
FA_SD50_R03_MA3_RT50,50.0,15.0,3,0.5,2441,2025-12-12 12:46:52.855194,2025-12-12 13:12:10.440001,20180,25.29,25276963,25297142,LONG,3,4,760.0,744.0,47.5,-30.0,8.95,42.800000000000004,17.25,40.275,1.0,8.625,SUCCESS,50.0,"1822,7141",43,12,"-30.0,-60.0,-90.0",FAILURE,186.36,True,754.0
FA_SD50_R03_MA3_RT50,50.0,15.0,3,0.5,2442,2025-12-12 13:12:10.440001,2025-12-12 13:23:12.372001,16211,11.03,25297142,25313352,SHORT,2,3,480.0,468.0,40.0,-22.5,9.45,66.3,9.625,28.175000000000004,1.0,9.375,SUCCESS,50.0,8753,44,13,"-30.0,-60.0",SUCCESS,152.12,False,476.0
FA_SD50_R03_MA3_RT50,50.0,15.0,3,0.5,2443,2025-12-12 13:23:12.372001,2025-12-12 13:28:39.194000,4021,5.45,25313352,25317372,LONG,0,1,100.0,96.0,25.0,-2.5,9.1,62.2,15.75,35.3,1.0,9.0,SUCCESS,50.0,,45,13,,SUCCESS,37.0,False,100.0
FA_SD50_R03_MA3_RT50,50.0,15.0,3,0.5,2444,2025-12-12 13:28:39.194000,2025-12-12 13:37:22.621000,5725,8.72,25317372,25323096,SHORT,0,1,100.0,96.0,25.0,-7.25,8.925,59.2,13.0,27.175000000000004,1.0,8.625,SUCCESS,50.0,,46,13,,SUCCESS,50.46,False,100.0
FA_SD50_R03_MA3_RT50,50.0,15.0,3,0.5,2445,2025-12-12 13:37:22.621000,2025-12-12 13:39:11.660000,1487,1.82,25323096,25324582,LONG,0,1,100.0,96.0,25.0,-4.0,8.65,55.6,11.5,24.850000000000005,1.0,8.875,SUCCESS,50.0,,47,13,,SUCCESS,12.02,False,100.0
FA_SD50_R03_MA3_RT50,50.0,15.0,3,0.5,2446,2025-12-12 13:39:11.660000,2025-12-12 13:43:59.148000,2305,4.79,25324582,25326886,SHORT,0,1,100.0,96.0,25.0,-9.5,8.625,55.1,11.5,24.850000000000005,1.0,8.625,SUCCESS,50.0,,48,13,,SUCCESS,23.82,False,100.0
FA_SD50_R03_MA3_RT50,50.0,15.0,3,0.5,2447,2025-12-12 13:43:59.148000,2025-12-12 14:02:10.067000,13268,18.18,25326886,25340153,LONG,3,4,-440.0,-456.0,23.5,-30.0,8.5375,50.0,11.875,28.300000000000004,1.0,8.375,FAILURE,32.0,"6543,3941",49,13,"-30.0,-60.0,-90.0",SUCCESS,58.37,True,
FA_SD50_R03_MA3_RT50,50.0,15.0,3,0.5,2448,2025-12-12 14:02:10.067000,2025-12-12 14:17:18.032037,11543,15.13,25340153,25351695,SHORT,1,2,260.0,252.0,32.5,-17.75,6.8625,0.4,11.875,32.675000000000004,1.0,6.375,SUCCESS,50.0,,50,14,-30.0,FAILURE,107.58,False,258.0
FA_SD50_R03_MA3_RT50,50.0,15.0,3,0.5,2449,2025-12-12 14:17:18.032037,2025-12-12 14:41:17.536000,17680,23.99,25351695,25369374,LONG,1,2,260.0,252.0,32.5,-15.0,8.2125,44.2,12.125,26.375000000000014,1.0,7.375,SUCCESS,50.0,,51,14,-30.0,SUCCESS,138.58,False,258.0
FA_SD50_R03_MA3_RT50,50.0,15.0,3,0.5,2450,2025-12-12 14:41:17.536000,2025-12-12 14:45:59.618000,2823,4.7,25369374,25372196,SHORT,0,1,100.0,96.0,25.0,-6.0,8.3875,62.1,14.375,32.25000000000001,1.0,7.875,SUCCESS,50.0,,52,14,,SUCCESS,22.92,False,100.0
FA_SD50_R03_MA3_RT50,50.0,15.0,3,0.5,2451,2025-12-12 14:45:59.618000,2025-12-12 15:10:14.873001,14559,24.25,25372196,25386754,LONG,0,1,100.0,96.0,25.0,-11.25,8.2375,52.5,14.0,32.25000000000001,1.0,7.625,SUCCESS,50.0,,53,14,,SUCCESS,113.88,False,100.0
FA_SD50_R03_MA3_RT50,50.0,15.0,3,0.5,2452,2025-12-12 15:10:14.873001,2025-12-12 15:12:58.583004,1773,2.73,25386754,25388526,SHORT,0,1,100.0,96.0,25.0,-2.75,7.1,11.4,18.0,32.175000000000004,1.0,7.25,SUCCESS,50.0,,54,15,,SUCCESS,12.7,False,100.0
FA_SD50_R03_MA3_RT50,50.0,15.0,3,0.5,2453,2025-12-12 15:12:58.583004,2025-12-12 15:31:41.336000,14956,18.71,25388526,25403481,LONG,3,4,-440.0,-456.0,6.0,-30.0,6.9125,8.4,18.0,32.175000000000004,1.0,6.125,FAILURE,12.0,"1153,5401",55,15,"-30.0,-60.0,-90.0",SUCCESS,48.79,True,
FA_SD50_R03_MA3_RT50,50.0,15.0,3,0.5,2454,2025-12-12 15:31:41.336000,2025-12-12 15:38:03.238000,7407,6.37,25403481,25410887,SHORT,1,2,260.0,252.0,32.5,-15.0,5.8875,10.4,14.125,32.175000000000004,1.0,5.625,SUCCESS,50.0,,56,15,-30.0,FAILURE,51.16,False,258.0
FA_SD50_R03_MA3_RT50,50.0,15.0,3,0.5,2455,2025-12-12 15:38:03.238000,2025-12-12 15:42:08.332000,4099,4.08,25410887,25414985,LONG,0,1,100.0,96.0,25.0,-14.5,7.0875,27.400000000000002,17.125,32.275000000000006,1.0,6.875,SUCCESS,50.0,,57,15,,SUCCESS,33.66,False,100.0
